#Wave		#Intensity
2001.248047	33677.687500
2000.278320	33229.019531
1999.308594	33421.199219
1998.338867	33758.640625
1997.369141	33532.289063
1996.398438	33371.136719
1995.428711	33560.648438
1994.458008	33692.503906
1993.487305	33726.675781
1992.516602	33455.464844
1991.545898	33952.644531
1990.574219	33573.894531
1989.603516	33595.550781
1988.631836	33714.746094
1987.660156	33831.398438
1986.688477	33502.937500
1985.715820	33764.582031
1984.744141	33303.769531
1983.771484	33682.812500
1982.798828	33342.105469
1981.826172	33608.585938
1980.853516	33687.640625
1979.880859	33664.273438
1978.907227	33700.835938
1977.933594	33567.628906
1976.959961	33763.941406
1975.986328	33967.671875
1975.012695	33622.390625
1974.039063	33534.187500
1973.064453	34019.703125
1972.089844	34133.460938
1971.115234	33588.914063
1970.140625	33979.429688
1969.166016	34142.980469
1968.190430	34014.898438
1967.215820	33832.042969
1966.240234	33960.652344
1965.264648	33845.117188
1964.289063	33956.246094
1963.312500	33840.753906
1962.336914	34507.000000
1961.360352	33729.355469
1960.383789	34029.554688
1959.407227	34045.996094
1958.430664	33930.582031
1957.454102	34073.882813
1956.476563	34361.378906
1955.499023	33895.371094
1954.521484	34232.511719
1953.543945	33980.449219
1952.566406	34160.890625
1951.587891	33983.468750
1950.610352	34027.207031
1949.631836	34011.316406
1948.653320	33449.078125
1947.674805	34448.832031
1946.696289	34447.765625
1945.716797	34359.828125
1944.737305	34353.812500
1943.758789	34107.117188
1942.779297	34091.222656
1941.798828	34571.410156
1940.819336	34238.003906
1939.838867	34085.718750
1938.859375	34168.996094
1937.878906	34423.269531
1936.898438	34424.675781
1935.916992	34116.359375
1934.936523	34078.179688
1933.955078	33854.246094
1932.974609	34301.507813
1931.993164	34302.929688
1931.010742	34007.273438
1930.029297	34211.707031
1929.047852	34423.488281
1928.065430	34110.644531
1927.083008	34609.335938
1926.100586	34640.375000
1925.118164	34018.531250
1924.135742	34237.570313
1923.152344	34641.945313
1922.168945	34223.101563
1921.185547	34432.101563
1920.202148	34275.347656
1919.218750	34249.578125
1918.235352	34628.886719
1917.250977	34496.871094
1916.266602	34720.449219
1915.282227	34524.277344
1914.297852	34656.445313
1913.313477	34845.324219
1912.328125	34269.253906
1911.343750	34347.121094
1910.358398	34548.285156
1909.373047	34266.027344
1908.387695	34644.656250
1907.401367	34515.320313
1906.416016	34457.507813
1905.429688	34407.105469
1904.443359	34573.542969
1903.457031	34414.742188
1902.470703	34765.847656
1901.483398	34698.183594
1900.497070	34763.500000
1899.509766	34784.476563
1898.522461	34768.531250
1897.535156	34326.851563
1896.546875	34694.816406
1895.559570	34678.890625
1894.571289	34697.398438
1893.583008	34683.933594
1892.594727	34677.843750
1891.606445	34701.257813
1890.618164	34628.804688
1889.628906	34568.664063
1888.639648	34805.835938
1887.650391	34863.597656
1886.661133	34800.984375
1885.671875	34819.433594
1884.682617	34995.007813
1883.692383	34691.828125
1882.702148	34695.554688
1881.711914	34880.871094
1880.721680	34747.160156
1879.731445	34814.652344
1878.740234	34526.480469
1877.749023	34569.460938
1876.757813	34774.242188
1875.766602	34993.664063
1874.775391	34703.203125
1873.784180	34871.097656
1872.791992	34855.167969
1871.799805	34885.789063
1870.807617	34402.058594
1869.815430	34949.445313
1868.823242	34975.132813
1867.830078	34868.621094
1866.837891	34820.882813
1865.844727	34792.742188
1864.851563	34654.503906
1863.858398	34729.140625
1862.864258	34962.722656
1861.871094	34930.218750
1860.876953	34897.683594
1859.882813	34865.148438
1858.888672	34832.613281
1857.894531	34800.078125
1856.899414	34767.507813
1855.905273	34734.972656
1854.910156	34702.406250
1853.915039	34669.839844
1852.919922	34637.269531
1851.923828	34604.671875
1850.928711	34998.851563
1849.932617	34731.593750
1848.936523	35220.757813
1847.940430	35378.000000
1846.944336	34842.531250
1845.947266	34955.886719
1844.951172	35010.687500
1843.954102	34770.515625
1842.957031	34830.199219
1841.959961	35192.027344
1840.962891	35232.125000
1839.964844	35128.488281
1838.966797	35419.433594
1837.969727	35632.355469
1836.970703	35153.765625
1835.972656	35293.628906
1834.974609	35005.097656
1833.975586	35453.972656
1832.976563	35547.480469
1831.978516	35823.394531
1830.978516	35887.617188
1829.979492	35450.898438
1828.980469	35755.851563
1827.980469	35647.460938
1826.980469	35359.261719
1825.980469	35809.859375
1824.980469	35434.269531
1823.979492	35505.757813
1822.979492	35540.792969
1821.978516	35456.828125
1820.977539	35916.718750
1819.976563	35759.894531
1818.975586	35736.605469
1817.973633	35320.230469
1816.972656	36024.847656
1815.970703	35649.800781
1814.968750	35248.207031
1813.966797	35634.812500
1812.963867	36033.402344
1811.961914	35791.929688
1810.958984	35625.671875
1809.956055	35866.546875
1808.953125	35882.027344
1807.950195	35764.281250
1806.946289	35789.460938
1805.943359	35371.515625
1804.939453	35711.476563
1803.935547	35823.785156
1802.930664	35996.554688
1801.926758	35724.046875
1800.922852	36429.003906
1799.917969	35909.789063
1798.913086	35874.437500
1797.908203	35947.902344
1796.903320	36057.605469
1795.897461	36058.496094
1794.891602	36424.304688
1793.886719	36214.914063
1792.880859	36309.988281
1791.874023	36668.308594
1790.868164	36210.238281
1789.862305	36269.042969
1788.855469	36574.066406
1787.848633	36297.277344
1786.841797	36023.000000
1785.833984	36390.632813
1784.827148	36208.105469
1783.819336	36570.750000
1782.812500	36675.226563
1781.804688	36540.964844
1780.795898	36587.550781
1779.788086	36472.625000
1778.779297	36372.203125
1777.771484	36994.648438
1776.762695	36754.441406
1775.753906	36454.101563
1774.744141	36678.851563
1773.735352	37211.707031
1772.725586	36704.414063
1771.715820	36717.187500
1770.706055	37009.105469
1769.696289	36769.179688
1768.686523	36762.687500
1767.675781	37273.308594
1766.666016	36821.843750
1765.655273	36966.812500
1764.644531	36998.742188
1763.632813	37040.277344
1762.622070	37283.652344
1761.610352	37315.507813
1760.598633	36960.589844
1759.586914	37042.925781
1758.575195	37643.925781
1757.563477	37529.230469
1756.550781	36965.675781
1755.538086	37429.562500
1754.525391	37307.761719
1753.512695	37749.828125
1752.500000	37846.304688
1751.486328	37882.785156
1750.473633	37756.187500
1749.459961	37526.539063
1748.446289	37265.808594
1747.432617	37980.628906
1746.417969	37624.054688
1745.404297	37730.007813
1744.389648	38087.441406
1743.375000	38111.839844
1742.360352	38296.664063
1741.344727	37969.074219
1740.330078	38208.910156
1739.314453	37962.820313
1738.298828	38252.824219
1737.283203	38449.417969
1736.267578	38607.664063
1735.251953	38478.863281
1734.235352	38524.660156
1733.218750	39055.765625
1732.202148	38802.648438
1731.185547	38750.375000
1730.168945	38962.558594
1729.151367	39174.941406
1728.133789	39387.328125
1727.117188	39599.511719
1726.098633	39812.101563
1725.081055	39788.339844
1724.063477	40191.855469
1723.044922	40244.402344
1722.026367	40308.863281
1721.007813	40249.238281
1719.989258	40480.640625
1718.970703	40964.753906
1717.951172	40554.527344
1716.931641	40695.156250
1715.912109	40871.484375
1714.892578	41116.863281
1713.873047	41059.542969
1712.853516	41373.882813
1711.833008	41245.074219
1710.812500	41199.664063
1709.791992	41139.980469
1708.771484	41596.917969
1707.750000	41049.238281
1706.729492	41103.839844
1705.708008	41634.292969
1704.686523	41353.335938
1703.665039	41462.554688
1702.642578	41419.535156
1701.621094	41457.371094
1700.598633	41476.171875
1699.576172	41276.292969
1698.553711	41675.347656
1697.531250	41496.886719
1696.507813	41712.832031
1695.485352	41477.421875
1694.461914	41624.425781
1693.438477	42008.808594
1692.415039	41951.507813
1691.390625	41732.828125
1690.367188	41642.371094
1689.342773	41499.742188
1688.318359	41561.179688
1687.293945	42058.996094
1686.269531	41496.636719
1685.244141	42041.707031
1684.218750	41986.835938
1683.194336	42325.425781
1682.168945	42147.296875
1681.142578	42279.605469
1680.117188	42255.523438
1679.090820	42425.656250
1678.064453	42718.863281
1677.038086	42500.566406
1676.011719	42956.988281
1674.985352	42509.152344
1673.958008	43003.265625
1672.931641	42761.410156
1671.904297	42685.218750
1670.876953	42935.433594
1669.848633	43249.402344
1668.821289	43199.167969
1667.792969	42777.832031
1666.764648	43628.144531
1665.736328	43719.644531
1664.708008	43626.828125
1663.679688	43763.167969
1662.650391	43786.101563
1661.621094	44120.710938
1660.591797	43673.750000
1659.562500	44048.386719
1658.533203	44342.644531
1657.502930	43999.703125
1656.472656	44062.664063
1655.442383	43965.199219
1654.412109	44160.207031
1653.381836	44046.253906
1652.351563	43991.277344
1651.320313	44551.519531
1650.289063	44602.519531
1649.257813	44012.597656
1648.226563	44329.878906
1647.194336	44194.808594
1646.163086	44759.218750
1645.130859	44346.273438
1644.098633	44693.867188
1643.066406	44838.917969
1642.033203	44501.480469
1641.000977	44479.449219
1639.967773	44725.609375
1638.934570	44103.765625
1637.901367	44025.371094
1636.868164	44607.703125
1635.833984	44743.171875
1634.800781	44361.500000
1633.766602	44739.003906
1632.732422	44923.710938
1631.697266	44730.136719
1630.663086	44809.082031
1629.627930	45524.390625
1628.593750	45513.945313
1627.558594	44775.781250
1626.522461	45476.625000
1625.487305	45245.601563
1624.451172	45699.757813
1623.416016	46050.535156
1622.379883	45908.652344
1621.343750	46322.574219
1620.306641	46696.492188
1619.270508	47002.292969
1618.233398	47542.359375
1617.196289	48508.707031
1616.159180	48928.820313
1615.122070	50131.164063
1614.083984	50766.304688
1613.046875	51174.074219
1612.008789	51804.117188
1610.970703	52410.519531
1609.932617	52693.734375
1608.893555	51949.601563
1607.855469	51706.394531
1606.816406	50719.425781
1605.777344	50139.746094
1604.738281	49555.589844
1603.698242	49217.121094
1602.659180	48034.945313
1601.619141	47661.808594
1600.579102	46517.710938
1599.539063	46609.878906
1598.499023	46005.945313
1597.458008	45880.976563
1596.417969	45440.832031
1595.376953	45460.746094
1594.335938	44962.476563
1593.294922	44809.773438
1592.252930	44475.121094
1591.210938	44551.179688
1590.169922	44027.757813
1589.127930	44864.113281
1588.084961	44497.042969
1587.042969	44342.242188
1586.000000	44467.191406
1584.958008	44417.316406
1583.915039	44176.398438
1582.872070	44303.632813
1581.828125	44188.589844
1580.785156	44627.824219
1579.741211	44368.406250
1578.697266	44579.316406
1577.653320	44627.222656
1576.609375	44952.035156
1575.564453	44867.234375
1574.520508	45203.511719
1573.475586	44704.699219
1572.430664	44859.500000
1571.384766	44474.847656
1570.339844	44371.601563
1569.293945	43952.304688
1568.249023	44313.937500
1567.202148	43641.554688
1566.156250	43814.953125
1565.110352	43860.550781
1564.063477	43267.550781
1563.017578	43438.597656
1561.970703	43321.742188
1560.922852	43033.183594
1559.875977	42712.242188
1558.829102	42992.300781
1557.781250	42901.117188
1556.733398	43153.203125
1555.685547	42818.550781
1554.636719	42836.406250
1553.588867	42905.246094
1552.540039	42953.203125
1551.491211	43047.484375
1550.442383	42740.937500
1549.393555	42939.453125
1548.344727	42637.664063
1547.294922	42694.878906
1546.245117	42469.636719
1545.195313	42376.406250
1544.145508	42486.859375
1543.094727	42828.652344
1542.044922	42478.613281
1540.994141	42100.945313
1539.943359	42921.320313
1538.892578	42289.367188
1537.840820	42224.011719
1536.790039	41964.531250
1535.738281	41732.867188
1534.686523	42409.316406
1533.634766	42320.882813
1532.583008	42368.746094
1531.530273	42033.253906
1530.477539	42288.949219
1529.424805	41838.164063
1528.372070	42133.035156
1527.319336	41940.886719
1526.265625	42034.902344
1525.212891	42341.109375
1524.159180	41835.355469
1523.105469	41802.507813
1522.051758	41721.250000
1520.997070	41676.906250
1519.942383	41821.558594
1518.888672	41738.183594
1517.833984	41654.730469
1516.778320	41571.199219
1515.723633	41487.746094
1514.667969	41404.214844
1513.612305	41325.433594
1512.556641	41297.320313
1511.500977	41181.761719
1510.445313	41234.214844
1509.388672	41323.457031
1508.332031	41569.082031
1507.275391	41874.410156
1506.218750	41420.832031
1505.162109	41383.531250
1504.104492	41040.531250
1503.047852	41210.140625
1501.990234	41542.820313
1500.931641	41413.625000
1499.874023	41236.234375
1498.816406	40983.125000
1497.757813	40817.355469
1496.699219	41080.929688
1495.640625	41140.132813
1494.582031	40770.179688
1493.522461	41485.621094
1492.462891	41313.015625
1491.403320	41025.792969
1490.343750	41068.890625
1489.284180	41066.117188
1488.224609	41104.605469
1487.164063	41044.523438
1486.103516	41238.824219
1485.042969	40848.812500
1483.982422	41143.863281
1482.920898	41196.039063
1481.860352	41378.714844
1480.798828	40821.816406
1479.737305	41411.949219
1478.675781	41015.449219
1477.613281	41156.832031
1476.550781	41282.148438
1475.489258	41505.777344
1474.426758	41425.144531
1473.363281	41319.390625
1472.300781	41213.671875
1471.237305	41226.851563
1470.174805	40931.496094
1469.111328	40981.277344
1468.046875	41129.277344
1466.983398	41226.968750
1465.919922	41445.664063
1464.855469	41305.792969
1463.791016	41624.843750
1462.726563	41459.878906
1461.661133	41874.628906
1460.596680	41367.417969
1459.531250	41711.312500
1458.465820	41881.738281
1457.400391	42047.535156
1456.334961	42055.949219
1455.268555	42096.269531
1454.202148	42204.953125
1453.135742	41748.445313
1452.069336	42260.433594
1451.002930	42230.062500
1449.935547	42190.593750
1448.869141	42096.480469
1447.801758	42396.289063
1446.734375	42163.312500
1445.666016	42371.957031
1444.598633	43069.773438
1443.530273	43494.320313
1442.461914	43322.722656
1441.393555	43189.851563
1440.325195	43309.429688
1439.256836	43892.765625
1438.187500	44296.316406
1437.118164	44204.265625
1436.048828	44405.375000
1434.979492	44426.925781
1433.909180	45073.132813
1432.839844	45130.890625
1431.769531	44752.660156
1430.699219	45126.019531
1429.627930	45024.843750
1428.557617	45409.363281
1427.486328	45242.367188
1426.416016	45427.066406
1425.343750	45330.437500
1424.272461	45199.824219
1423.201172	45833.371094
1422.128906	45154.097656
1421.056641	45213.972656
1419.984375	44981.488281
1418.912109	45272.480469
1417.839844	45262.074219
1416.766602	45238.074219
1415.693359	44867.609375
1414.620117	44929.726563
1413.546875	44785.816406
1412.473633	44481.261719
1411.399414	44749.335938
1410.325195	44191.492188
1409.250977	44484.398438
1408.176758	44148.445313
1407.102539	44332.710938
1406.027344	45095.695313
1404.952148	44897.699219
1403.876953	45418.472656
1402.801758	44951.585938
1401.726563	45555.750000
1400.650391	45746.328125
1399.574219	45645.496094
1398.498047	45334.699219
1397.421875	45152.699219
1396.345703	45164.882813
1395.268555	45163.519531
1394.191406	45047.078125
1393.114258	44860.738281
1392.037109	44827.847656
1390.959961	44941.554688
1389.881836	44820.718750
1388.804688	45085.421875
1387.726563	45187.746094
1386.647461	45346.367188
1385.569336	45426.070313
1384.491211	45555.304688
1383.412109	46038.109375
1382.333008	46493.714844
1381.253906	45872.914063
1380.173828	45979.453125
1379.094727	45577.289063
1378.014648	45782.855469
1376.934570	45873.597656
1375.854492	45604.386719
1374.773438	45674.882813
1373.693359	45376.566406
1372.612305	44675.906250
1371.531250	45000.539063
1370.450195	44574.394531
1369.369141	44368.613281
1368.287109	44075.281250
1367.205078	43478.808594
1366.123047	43794.371094
1365.041016	43748.300781
1363.958984	43378.953125
1362.875977	43384.597656
1361.793945	43177.031250
1360.710938	43342.019531
1359.626953	42984.222656
1358.543945	42992.167969
1357.460938	42565.039063
1356.376953	43230.023438
1355.292969	42713.332031
1354.208984	42526.308594
1353.124023	42316.941406
1352.040039	42307.062500
1350.955078	42283.746094
1349.870117	42148.445313
1348.785156	42116.203125
1347.700195	42126.511719
1346.614258	42038.316406
1345.528320	41887.480469
1344.442383	41506.210938
1343.356445	41644.144531
1342.270508	42401.664063
1341.183594	41747.640625
1340.096680	41934.648438
1339.009766	42108.167969
1337.922852	42350.921875
1336.835938	41994.621094
1335.748047	41937.875000
1334.661133	42167.117188
1333.573242	42088.019531
1332.484375	42417.644531
1331.396484	42334.062500
1330.307617	41779.445313
1329.219727	42370.101563
1328.130859	42380.296875
1327.041992	42211.984375
1325.952148	42652.769531
1324.863281	42611.601563
1323.773438	42608.359375
1322.683594	42738.898438
1321.593750	42813.656250
1320.502930	42678.867188
1319.413086	42361.390625
1318.322266	42777.066406
1317.231445	42190.132813
1316.140625	42697.007813
1315.048828	42451.007813
1313.958008	42539.070313
1312.866211	42756.207031
1311.774414	42459.136719
1310.682617	42578.296875
1309.589844	42494.949219
1308.498047	42480.589844
1307.405273	42697.535156
1306.312500	43287.972656
1305.218750	43282.363281
1304.125977	43083.367188
1303.032227	43168.914063
1301.939453	43727.722656
1300.845703	44246.339844
1299.750977	44384.933594
1298.657227	44823.289063
1297.562500	45172.667969
1296.467773	46114.667969
1295.373047	45995.335938
1294.278320	46288.824219
1293.183594	45985.339844
1292.087891	45990.324219
1290.992188	46064.062500
1289.896484	45572.277344
1288.800781	45169.359375
1287.704102	44609.187500
1286.608398	44869.296875
1285.511719	44681.671875
1284.415039	44077.574219
1283.317383	44182.566406
1282.220703	43397.160156
1281.123047	43730.320313
1280.025391	43295.089844
1278.927734	43088.019531
1277.830078	42878.812500
1276.731445	42536.906250
1275.633789	42453.976563
1274.535156	42554.671875
1273.436523	41952.035156
1272.336914	42512.710938
1271.238281	42007.574219
1270.138672	41593.242188
1269.039063	42122.734375
1267.939453	41684.226563
1266.839844	41864.449219
1265.739258	41340.000000
1264.638672	41668.179688
1263.538086	41375.792969
1262.437500	41355.042969
1261.336914	41506.460938
1260.235352	40909.718750
1259.134766	41231.050781
1258.033203	41111.066406
1256.930664	40801.441406
1255.829102	40977.070313
1254.726563	40782.226563
1253.625000	40620.519531
1252.522461	40763.023438
1251.418945	40773.253906
1250.316406	41067.695313
1249.212891	40615.277344
1248.110352	40845.765625
1247.006836	40393.546875
1245.902344	40568.949219
1244.798828	40257.816406
1243.694336	40657.660156
1242.589844	40458.843750
1241.485352	40396.496094
1240.380859	40690.507813
1239.276367	40720.507813
1238.170898	40622.960938
1237.065430	40459.500000
1235.959961	40205.976563
1234.854492	40312.949219
1233.748047	40277.062500
1232.642578	40397.164063
1231.536133	40844.480469
1230.429688	40790.945313
1229.322266	40627.648438
1228.215820	40765.152344
1227.108398	41065.019531
1226.000977	40846.894531
1224.893555	41047.902344
1223.786133	40959.281250
1222.677734	41092.203125
1221.569336	41161.484375
1220.460938	41160.578125
1219.352539	41451.214844
1218.244141	40968.097656
1217.134766	41341.921875
1216.025391	40826.136719
1214.916016	40908.519531
1213.806641	40833.191406
1212.697266	40950.578125
1211.586914	41157.675781
1210.476563	41082.335938
1209.366211	41098.941406
1208.255859	40769.824219
1207.145508	41359.636719
1206.034180	41129.011719
1204.922852	41373.019531
1203.811523	41471.761719
1202.700195	41570.507813
1201.587891	41669.335938
1200.476563	41768.082031
1199.364258	41866.910156
1198.251953	41965.742188
1197.138672	41936.261719
1196.026367	41509.367188
1194.913086	42377.304688
1193.799805	42063.988281
1192.686523	41853.363281
1191.573242	42421.812500
1190.458984	42514.449219
1189.344727	41943.937500
1188.230469	41907.949219
1187.116211	41789.117188
1186.001953	41456.671875
1184.886719	41453.484375
1183.772461	41251.976563
1182.657227	41316.367188
1181.541016	41056.136719
1180.425781	40867.875000
1179.309570	40779.855469
1178.193359	40800.734375
1177.077148	40699.695313
1175.960938	40492.039063
1174.844727	40582.589844
1173.727539	40653.519531
1172.610352	40376.371094
1171.493164	40423.386719
1170.375977	39796.277344
1169.257813	40191.242188
1168.139648	40370.859375
1167.022461	40013.593750
1165.903320	40258.363281
1164.785156	40009.871094
1163.666992	39781.015625
1162.547852	40066.953125
1161.428711	40202.957031
1160.309570	39969.847656
1159.189453	40101.476563
1158.070313	40128.886719
1156.950195	40123.738281
1155.830078	40020.968750
1154.709961	40193.695313
1153.588867	40051.910156
1152.468750	40161.687500
1151.347656	39653.597656
1150.226563	39826.261719
1149.104492	40131.046875
1147.983398	39811.730469
1146.861328	40430.507813
1145.739258	40299.679688
1144.617188	39761.792969
1143.495117	40479.824219
1142.372070	40422.652344
1141.250000	40620.878906
1140.126953	40806.046875
1139.003906	40673.117188
1137.879883	40512.117188
1136.756836	41073.503906
1135.632813	41117.898438
1134.508789	41164.441406
1133.384766	40845.667969
1132.259766	41177.503906
1131.135742	41005.769531
1130.010742	41201.351563
1128.885742	41031.832031
1127.759766	41257.566406
1126.634766	40660.593750
1125.508789	41074.117188
1124.382813	40919.847656
1123.256836	41441.066406
1122.130859	41217.742188
1121.003906	41208.054688
1119.877930	40838.191406
1118.750977	41078.710938
1117.624023	40724.093750
1116.496094	40843.828125
1115.369141	40819.125000
1114.241211	40956.035156
1113.113281	40627.542969
1111.985352	40691.199219
1110.856445	40935.734375
1109.728516	40652.636719
1108.599609	40574.164063
1107.470703	40872.390625
1106.340820	40761.617188
1105.211914	40693.917969
1104.082031	40938.171875
1102.952148	40870.464844
1101.822266	40959.757813
1100.692383	41107.070313
1099.561523	41000.667969
1098.431641	40788.988281
1097.300781	40908.308594
1096.169922	40806.292969
1095.038086	41153.261719
1093.907227	40913.781250
1092.775391	40889.117188
1091.643555	40602.535156
1090.511719	40605.839844
1089.378906	40735.761719
1088.246094	40269.117188
1087.114258	40334.687500
1085.980469	40196.460938
1084.847656	40313.488281
1083.714844	40158.160156
1082.581055	40339.460938
1081.447266	40394.234375
1080.313477	40384.695313
1079.179688	40608.703125
1078.044922	40192.105469
1076.910156	40508.160156
1075.775391	40355.125000
1074.640625	40600.375000
1073.505859	40102.730469
1072.370117	40617.605469
1071.234375	40361.941406
1070.098633	40870.160156
1068.962891	40524.699219
1067.826172	40530.105469
1066.690430	40304.574219
1065.553711	40288.636719
1064.416992	40341.105469
1063.279297	40429.882813
1062.142578	40552.812500
1061.004883	40301.839844
1059.867188	40036.003906
1058.729492	40487.808594
1057.590820	40350.140625
1056.453125	40223.199219
1055.314453	40619.218750
1054.175781	40287.406250
1053.037109	40205.343750
1051.897461	40488.085938
1050.757813	40455.070313
1049.618164	40550.003906
1048.478516	40337.894531
1047.338867	40831.429688
1046.199219	40389.167969
1045.058594	40773.835938
1043.917969	40578.875000
1042.777344	40464.925781
1041.635742	40267.960938
1040.495117	40335.097656
1039.353516	40489.492188
1038.211914	40220.257813
1037.069336	40021.347656
1035.927734	40269.328125
1034.785156	40130.042969
1033.642578	40158.835938
1032.500000	40089.792969
1031.357422	39954.867188
1030.213867	40196.246094
1029.071289	40108.101563
1027.927734	40075.238281
1026.783203	40120.996094
1025.639648	39941.566406
1024.495117	40138.121094
1023.351563	39982.109375
1022.207031	39891.968750
1021.061523	40385.585938
1019.916992	40293.277344
1018.771484	40075.812500
1017.625977	40537.296875
1016.480469	40179.871094
1015.334961	40545.730469
1014.188477	40417.425781
1013.041992	40505.394531
1011.895508	40449.203125
1010.749023	40441.769531
1009.602539	40514.847656
1008.455078	40024.414063
1007.307617	40046.710938
1006.160156	40547.570313
1005.012695	40125.148438
1003.864258	40439.527344
1002.716797	40569.660156
1001.568359	40589.707031
1000.419922	40313.558594
999.270508	40976.679688
998.122070	40922.617188
996.972656	40815.710938
995.823242	40945.621094
994.673828	41162.144531
993.523438	40941.128906
992.373047	41060.371094
991.222656	40877.480469
990.072266	41161.433594
988.921875	41109.515625
987.771484	41125.175781
986.620117	41491.253906
985.468750	41515.277344
984.317383	41075.046875
983.165039	41124.453125
982.013672	41612.597656
980.861328	41917.074219
979.708984	41620.476563
978.555664	41933.269531
977.403320	41921.335938
976.250000	42240.277344
975.096680	41899.578125
973.943359	41748.609375
972.790039	41665.093750
971.635742	41781.671875
970.481445	41658.171875
969.327148	41593.660156
968.172852	41916.449219
967.018555	41473.121094
965.863281	41772.664063
964.708008	41382.113281
963.552734	41603.742188
962.397461	41829.492188
961.241211	41691.433594
960.084961	41654.320313
958.929688	41779.050781
957.772461	41918.441406
956.616211	41830.882813
955.458984	41833.675781
954.301758	41458.445313
953.144531	41608.281250
951.987305	41657.292969
950.830078	41492.195313
949.671875	41629.347656
948.513672	41726.578125
947.355469	41611.898438
946.196289	41782.503906
945.038086	41256.835938
943.878906	41718.875000
942.719727	42082.214844
941.560547	41510.667969
940.400391	41693.699219
939.241211	41407.363281
938.081055	41720.214844
936.919922	41909.382813
935.759766	41662.941406
934.599609	41870.890625
933.438477	41729.203125
932.277344	41696.390625
931.116211	41736.820313
929.954102	41940.410156
928.791992	42018.425781
927.630859	41929.113281
926.467773	42280.996094
925.305664	42062.054688
924.143555	41790.941406
922.980469	41776.957031
921.817383	41788.046875
920.654297	42005.933594
919.490234	42175.703125
918.327148	42431.019531
917.163086	42343.851563
915.999023	42749.328125
914.833984	42522.300781
913.669922	42612.515625
912.504883	42792.402344
911.339844	42734.437500
910.174805	43262.503906
909.008789	43298.296875
907.843750	43329.906250
906.677734	43613.699219
905.511719	43509.781250
904.345703	43482.988281
903.178711	43308.300781
902.011719	43525.234375
900.844727	42638.433594
899.677734	42803.355469
898.510742	43095.191406
897.342773	41982.105469
896.174805	42446.687500
895.006836	42234.957031
893.838867	42035.785156
892.670898	42090.402344
891.501953	41712.503906
890.333008	42133.042969
889.164063	41869.593750
887.994141	42312.804688
886.825195	42144.992188
885.655273	42282.609375
884.485352	42071.246094
883.315430	41828.808594
882.144531	41931.105469
880.973633	42407.015625
879.803711	42388.792969
878.631836	42380.949219
877.460938	42568.125000
876.289063	42730.335938
875.118164	42780.500000
873.945313	42799.535156
872.773438	42795.757813
871.601563	42825.148438
870.428711	43304.226563
869.255859	42989.554688
868.083008	42913.230469
866.910156	43017.132813
865.736328	43562.078125
864.562500	43235.160156
863.388672	43966.167969
862.214844	43968.375000
861.040039	44299.597656
859.866211	44535.523438
858.691406	44564.507813
857.516602	44384.593750
856.340820	43987.628906
855.166016	43888.515625
853.990234	43975.464844
852.814453	44076.847656
851.637695	43576.914063
850.461914	43614.289063
849.285156	44042.019531
848.108398	44190.804688
846.931641	44178.480469
845.754883	44397.367188
844.577148	44733.816406
843.399414	45107.281250
842.221680	45612.648438
841.043945	46278.722656
839.865234	46532.066406
838.687500	47263.707031
837.508789	47679.640625
836.329102	48342.769531
835.150391	48395.628906
833.970703	48592.699219
832.791992	48054.238281
831.611328	47691.050781
830.431641	47087.050781
829.251953	46510.039063
828.071289	45758.257813
826.890625	45453.386719
825.709961	44984.000000
824.528320	45148.476563
823.347656	44761.597656
822.166016	44274.085938
820.984375	43778.523438
819.801758	43780.679688
818.620117	43902.050781
817.437500	43710.992188
816.254883	43618.628906
815.072266	43361.949219
813.888672	43097.148438
812.706055	42848.871094
811.522461	42808.062500
810.338867	43007.449219
809.154297	43026.144531
807.970703	42751.382813
806.786133	43123.007813
805.601563	42924.222656
804.416992	42709.101563
803.231445	42668.359375
802.045898	42830.597656
800.861328	42910.781250
799.674805	42363.804688
798.489258	42749.351563
797.302734	42491.468750
796.117188	42403.687500
794.930664	42102.953125
793.743164	42310.121094
792.556641	42244.933594
791.369141	42144.976563
790.181641	42124.863281
788.994141	41959.488281
787.805664	41751.214844
786.618164	42438.835938
785.429688	42161.019531
784.241211	41922.152344
783.052734	41973.636719
781.863281	42164.070313
780.673828	41827.246094
779.484375	41831.726563
778.294922	42095.605469
777.105469	41875.386719
775.915039	42196.328125
774.724609	42000.664063
773.534180	42037.753906
772.343750	41654.445313
771.152344	41832.359375
769.960938	42118.324219
768.769531	41731.128906
767.578125	42471.734375
766.385742	42123.351563
765.194336	42117.546875
764.001953	42470.437500
762.808594	42299.519531
761.616211	42957.828125
760.422852	43125.000000
759.230469	43182.140625
758.037109	43542.636719
756.842773	43361.488281
755.649414	44080.039063
754.455078	43791.000000
753.260742	43880.503906
752.066406	43567.195313
750.871094	43701.449219
749.676758	43506.226563
748.481445	43504.218750
747.286133	43325.363281
746.089844	42959.597656
744.894531	42772.781250
743.698242	43106.113281
742.501953	42813.710938
741.304688	42267.562500
740.108398	42160.191406
738.911133	42156.394531
737.713867	41860.316406
736.516602	41923.539063
735.319336	42278.902344
734.121094	42226.390625
732.922852	42216.488281
731.724609	41942.972656
730.526367	41797.285156
729.327148	41746.921875
728.127930	41712.789063
726.928711	41702.980469
725.729492	41806.625000
724.530273	41782.625000
723.330078	41803.179688
722.129883	41762.984375
720.929688	41255.164063
719.728516	41826.335938
718.528320	41262.027344
717.327148	41594.238281
716.125977	41786.738281
714.923828	41556.464844
713.722656	41888.421875
712.520508	41834.105469
711.318359	42157.800781
710.116211	41757.855469
708.913086	41661.152344
707.710938	41746.300781
706.507813	41449.667969
705.304688	41623.679688
704.100586	41815.796875
702.897461	41878.644531
701.693359	41533.753906
700.489258	41588.554688
699.284180	41835.003906
698.080078	41762.636719
696.875000	41964.585938
695.669922	41622.011719
694.464844	41757.375000
693.258789	42108.371094
692.053711	42100.500000
690.847656	42010.019531
689.641602	42223.773438
688.434570	42155.453125
687.228516	42733.601563
686.021484	42232.312500
684.814453	42045.253906
683.607422	42325.210938
682.399414	41737.746094
681.191406	41482.472656
679.983398	41846.855469
678.775391	42110.542969
677.567383	41569.796875
676.358398	42116.906250
675.149414	42100.988281
673.940430	42034.832031
672.730469	41860.195313
671.521484	42059.285156
670.311523	41816.414063
669.101563	41949.164063
667.890625	42202.328125
666.680664	42198.445313
665.469727	41887.484375
664.258789	42128.472656
663.047852	42242.972656
661.835938	42048.515625
660.625000	42267.269531
659.413086	42131.027344
658.201172	42079.035156
656.988281	42283.625000
655.776367	41890.929688
654.563477	41919.152344
653.350586	41905.289063
652.136719	42207.898438
650.923828	42149.929688
649.709961	41721.574219
648.496094	42322.312500
647.282227	41886.074219
646.067383	42710.671875
644.852539	42272.519531
643.637695	42390.621094
642.422852	42712.667969
641.208008	42576.691406
639.992188	42758.636719
638.776367	42244.921875
637.560547	42592.726563
636.344727	42404.917969
635.127930	42702.617188
633.911133	42594.746094
632.694336	42990.144531
631.477539	42936.164063
630.259766	42708.531250
629.042969	42666.593750
627.825195	42878.093750
626.606445	42640.617188
625.388672	42756.292969
624.169922	42676.480469
622.951172	42546.843750
621.732422	42809.988281
620.513672	42568.753906
619.293945	42831.792969
618.074219	42728.117188
616.854492	43040.828125
615.634766	42986.941406
614.414063	42670.218750
613.193359	42889.179688
611.972656	42737.808594
610.751953	42765.613281
609.530273	42851.105469
608.309570	42892.800781
607.087891	43045.863281
605.866211	43204.835938
604.643555	43053.562500
603.420898	43198.554688
602.198242	43013.546875
600.975586	42939.890625
599.752930	43502.050781
598.529297	43195.910156
597.305664	43253.339844
596.082031	43406.058594
594.858398	43058.410156
593.633789	43435.406250
592.410156	43504.648438
591.185547	43804.031250
589.959961	43678.753906
588.735352	43674.511719
587.509766	43902.296875
586.284180	44266.800781
585.058594	44082.050781
583.832031	44103.496094
582.606445	44317.148438
581.379883	44419.769531
580.153320	44391.609375
578.925781	44294.140625
577.699219	45246.179688
576.471680	45243.613281
575.244141	45326.156250
574.015625	45228.578125
572.788086	45214.136719
571.559570	44995.933594
570.331055	45197.128906
569.101563	44708.085938
567.873047	45330.390625
566.643555	44622.082031
565.414063	44611.710938
564.184570	44601.339844
562.954102	44344.011719
561.724609	44578.632813
560.494141	44104.160156
559.263672	43687.125000
558.032227	44237.597656
556.800781	44014.125000
555.570313	43830.203125
554.337891	43798.277344
553.106445	44162.871094
551.874023	43736.421875
550.642578	43947.074219
549.409180	43830.363281
548.176758	43950.238281
546.944336	43370.417969
545.710938	43803.636719
544.477539	43864.339844
543.243164	43529.101563
542.009766	43993.550781
540.775391	43707.632813
539.541016	43849.015625
538.306641	43809.261719
537.071289	43582.574219
535.836914	43753.402344
534.601563	43935.972656
533.366211	43782.152344
532.129883	43410.117188
530.894531	44229.628906
529.658203	43682.703125
528.421875	44073.421875
527.184570	44047.429688
525.948242	43416.367188
524.710938	43769.589844
523.473633	43598.339844
522.235352	43698.109375
520.998047	43915.621094
519.759766	44066.316406
518.521484	43865.695313
517.283203	44212.535156
516.043945	44157.117188
514.804688	44370.406250
513.565430	44350.269531
512.326172	44337.980469
511.085938	44039.523438
509.846680	44127.238281
508.606445	43993.511719
507.366211	44453.410156
506.125000	43994.539063
504.883789	43909.863281
503.643555	44105.195313
502.401367	43562.468750
501.160156	43908.488281
499.917969	44170.234375
498.675781	43426.285156
497.433594	44047.929688
496.191406	43861.648438
494.948242	44074.312500
493.705078	43856.812500
492.461914	43914.984375
491.218750	43785.531250
489.975586	43998.042969
488.731445	43759.222656
487.487305	43889.625000
486.242188	43670.441406
484.998047	43794.949219
483.752930	43946.738281
482.507813	44098.464844
481.262695	44117.449219
480.016602	43974.500000
478.771484	44170.992188
477.525391	44086.589844
476.278320	43863.781250
475.032227	44167.394531
473.785156	44505.968750
472.538086	44316.332031
471.291016	44563.175781
470.043945	44145.687500
468.795898	44468.421875
467.547852	44843.609375
466.299805	44572.308594
465.051758	45017.402344
463.802734	45082.835938
462.553711	45074.308594
461.304688	45614.367188
460.055664	45525.996094
458.805664	45781.847656
457.555664	45755.687500
456.305664	46021.117188
455.055664	46243.683594
453.804688	46238.820313
452.553711	46624.449219
451.302734	46889.503906
450.051758	47251.554688
448.799805	47580.460938
447.548828	48161.605469
446.296875	48497.972656
445.043945	48661.500000
443.791992	49490.453125
442.539063	49413.187500
441.286133	49427.101563
440.033203	48494.734375
438.779297	48177.292969
437.526367	47575.031250
436.272461	46639.660156
435.017578	46127.042969
433.763672	45676.609375
432.508789	45100.449219
431.253906	44942.789063
429.999023	44771.636719
428.744141	44726.375000
427.488281	44429.519531
426.232422	44591.382813
424.976563	44105.066406
423.720703	44839.484375
422.463867	43999.382813
421.207031	44261.746094
419.950195	44251.984375
418.693359	44242.222656
417.435547	44232.457031
416.177734	44222.687500
414.919922	44212.917969
413.662109	44203.152344
412.403320	44193.375000
411.144531	43914.699219
409.885742	44209.425781
408.626953	43575.742188
407.367188	43978.472656
406.107422	43867.882813
404.847656	43797.835938
403.587891	43970.800781
402.327148	44082.000000
401.067383	43830.738281
