#Wave		#Intensity
2001.248047	29153.408203
2000.278320	29165.941406
1999.308594	29421.482422
1998.338867	29351.199219
1997.369141	29476.347656
1996.398438	29200.685547
1995.428711	29683.933594
1994.458008	29410.832031
1993.487305	29823.775391
1992.516602	29450.623047
1991.545898	29402.935547
1990.574219	29405.306641
1989.603516	29440.199219
1988.631836	29657.671875
1987.660156	29594.970703
1986.688477	29837.341797
1985.715820	29734.630859
1984.744141	29849.414063
1983.771484	29824.207031
1982.798828	29441.699219
1981.826172	29671.388672
1980.853516	29876.017578
1979.880859	30008.152344
1978.907227	29763.205078
1977.933594	29371.050781
1976.959961	29682.914063
1975.986328	29947.251953
1975.012695	29610.160156
1974.039063	29941.773438
1973.064453	29809.332031
1972.089844	29886.417969
1971.115234	29624.371094
1970.140625	29798.687500
1969.166016	29843.328125
1968.190430	29691.076172
1967.215820	29733.226563
1966.240234	29523.746094
1965.264648	29735.283203
1964.289063	29478.556641
1963.312500	29809.542969
1962.336914	30015.937500
1961.360352	29622.392578
1960.383789	29764.041016
1959.407227	29505.039063
1958.430664	30231.279297
1957.454102	29880.251953
1956.476563	30151.070313
1955.499023	29986.662109
1954.521484	29951.583984
1953.543945	30135.248047
1952.566406	29677.677734
1951.587891	29935.863281
1950.610352	29866.033203
1949.631836	29942.773438
1948.653320	30143.656250
1947.674805	29837.941406
1946.696289	29944.433594
1945.716797	29867.210938
1944.737305	30020.810547
1943.758789	30231.421875
1942.779297	29779.585938
1941.798828	30161.308594
1940.819336	30036.992188
1939.838867	29873.044922
1938.859375	29890.125000
1937.878906	30142.669922
1936.898438	29916.832031
1935.916992	29988.402344
1934.936523	30111.972656
1933.955078	30104.220703
1932.974609	30079.136719
1931.993164	30361.087891
1931.010742	29920.064453
1930.029297	30239.070313
1929.047852	30097.662109
1928.065430	30423.945313
1927.083008	30322.134766
1926.100586	30358.869141
1925.118164	30185.386719
1924.135742	30209.767578
1923.152344	30370.105469
1922.168945	30471.066406
1921.185547	30470.669922
1920.202148	30210.833984
1919.218750	30101.781250
1918.235352	30345.972656
1917.250977	30683.917969
1916.266602	30740.265625
1915.282227	30606.505859
1914.297852	30687.529297
1913.313477	30311.978516
1912.328125	30891.429688
1911.343750	30587.513672
1910.358398	30466.224609
1909.373047	30904.775391
1908.387695	30485.126953
1907.401367	30647.416016
1906.416016	30489.224609
1905.429688	30592.306641
1904.443359	30786.517578
1903.457031	30734.310547
1902.470703	30581.136719
1901.483398	30785.093750
1900.497070	30725.525391
1899.509766	31096.781250
1898.522461	31074.095703
1897.535156	30829.939453
1896.546875	31028.746094
1895.559570	30959.339844
1894.571289	31022.775391
1893.583008	30648.457031
1892.594727	30832.400391
1891.606445	30728.656250
1890.618164	31128.810547
1889.628906	31047.166016
1888.639648	31248.103516
1887.650391	30630.931641
1886.661133	31052.921875
1885.671875	31005.722656
1884.682617	31024.832031
1883.692383	30739.533203
1882.702148	31126.839844
1881.711914	31175.361328
1880.721680	31363.716797
1879.731445	31196.302734
1878.740234	31158.939453
1877.749023	31185.345703
1876.757813	31292.652344
1875.766602	31076.333984
1874.775391	31286.560547
1873.784180	31719.708984
1872.791992	31520.578125
1871.799805	31522.388672
1870.807617	31747.080078
1869.815430	31317.857422
1868.823242	31569.433594
1867.830078	31409.664063
1866.837891	31617.078125
1865.844727	31432.884766
1864.851563	31300.132813
1863.858398	31761.861328
1862.864258	31406.529297
1861.871094	31733.578125
1860.876953	31534.849609
1859.882813	31587.974609
1858.888672	31839.048828
1857.894531	31569.537109
1856.899414	31678.816406
1855.905273	31602.406250
1854.910156	31579.751953
1853.915039	31855.021484
1852.919922	31871.392578
1851.923828	32051.308594
1850.928711	31862.623047
1849.932617	32115.681641
1848.936523	31717.226563
1847.940430	31960.460938
1846.944336	32193.853516
1845.947266	31839.484375
1844.951172	32087.441406
1843.954102	32159.800781
1842.957031	31925.042969
1841.959961	31948.667969
1840.962891	31640.937500
1839.964844	32188.324219
1838.966797	32036.529297
1837.969727	32038.195313
1836.970703	31969.255859
1835.972656	32311.720703
1834.974609	32191.646484
1833.975586	32475.546875
1832.976563	32275.197266
1831.978516	32578.441406
1830.978516	32487.583984
1829.979492	32506.179688
1828.980469	32264.626953
1827.980469	32312.423828
1826.980469	32627.541016
1825.980469	32587.775391
1824.980469	32494.574219
1823.979492	32654.027344
1822.979492	32463.699219
1821.978516	32523.542969
1820.977539	32913.542969
1819.976563	32548.494141
1818.975586	32382.583984
1817.973633	32291.949219
1816.972656	32727.806641
1815.970703	32295.125000
1814.968750	32832.683594
1813.966797	32725.058594
1812.963867	33012.640625
1811.961914	32972.886719
1810.958984	32833.781250
1809.956055	32910.378906
1808.953125	32766.486328
1807.950195	32772.820313
1806.946289	33181.171875
1805.943359	33032.460938
1804.939453	32915.273438
1803.935547	33003.871094
1802.930664	32833.488281
1801.926758	33188.226563
1800.922852	33172.699219
1799.917969	33314.398438
1798.913086	32972.363281
1797.908203	32964.132813
1796.903320	33333.035156
1795.897461	33039.519531
1794.891602	33647.531250
1793.886719	33525.617188
1792.880859	33671.898438
1791.874023	33477.554688
1790.868164	33628.625000
1789.862305	33854.488281
1788.855469	33575.718750
1787.848633	33835.300781
1786.841797	34010.324219
1785.833984	33972.957031
1784.827148	33974.199219
1783.819336	33953.730469
1782.812500	33807.867188
1781.804688	34202.148438
1780.795898	34109.324219
1779.788086	34161.031250
1778.779297	34212.789063
1777.771484	34264.496094
1776.762695	34316.253906
1775.753906	34368.011719
1774.744141	34419.816406
1773.735352	34471.574219
1772.725586	34523.382813
1771.715820	34871.097656
1770.706055	34496.750000
1769.696289	34449.753906
1768.686523	34833.378906
1767.675781	34954.703125
1766.666016	34818.667969
1765.655273	35105.847656
1764.644531	35190.996094
1763.632813	35021.339844
1762.622070	35116.082031
1761.610352	35155.527344
1760.598633	35158.925781
1759.586914	35683.507813
1758.575195	35372.226563
1757.563477	35685.300781
1756.550781	35582.972656
1755.538086	35509.480469
1754.525391	35579.996094
1753.512695	36007.968750
1752.500000	35994.410156
1751.486328	36014.425781
1750.473633	36442.093750
1749.459961	35944.152344
1748.446289	36038.476563
1747.432617	36592.933594
1746.417969	36377.988281
1745.404297	36397.906250
1744.389648	36549.570313
1743.375000	36605.375000
1742.360352	36661.160156
1741.344727	36918.035156
1740.330078	36842.085938
1739.314453	37062.933594
1738.298828	37448.812500
1737.283203	37078.531250
1736.267578	37237.023438
1735.251953	37598.742188
1734.235352	37606.437500
1733.218750	37673.898438
1732.202148	38087.933594
1731.185547	38112.261719
1730.168945	38349.246094
1729.151367	38421.296875
1728.133789	38264.011719
1727.117188	38718.167969
1726.098633	38988.304688
1725.081055	38857.257813
1724.063477	39268.097656
1723.044922	39452.070313
1722.026367	39986.734375
1721.007813	39669.511719
1719.989258	40132.390625
1718.970703	40060.890625
1717.951172	39901.191406
1716.931641	40487.746094
1715.912109	40914.390625
1714.892578	40969.105469
1713.873047	40918.957031
1712.853516	40513.863281
1711.833008	40973.539063
1710.812500	40840.062500
1709.791992	41047.121094
1708.771484	41120.789063
1707.750000	41425.312500
1706.729492	40937.253906
1705.708008	40934.757813
1704.686523	40894.199219
1703.665039	41374.550781
1702.642578	41276.847656
1701.621094	41302.820313
1700.598633	40865.214844
1699.576172	41157.453125
1698.553711	41252.343750
1697.531250	41218.894531
1696.507813	41242.468750
1695.485352	41361.039063
1694.461914	40961.875000
1693.438477	41199.164063
1692.415039	41194.234375
1691.390625	41251.011719
1690.367188	40954.183594
1689.342773	41540.078125
1688.318359	41044.035156
1687.293945	41233.613281
1686.269531	41295.070313
1685.244141	41494.015625
1684.218750	41294.644531
1683.194336	41431.894531
1682.168945	41912.699219
1681.142578	41538.023438
1680.117188	42047.062500
1679.090820	41497.230469
1678.064453	41963.468750
1677.038086	41887.363281
1676.011719	42450.414063
1674.985352	42165.972656
1673.958008	42619.921875
1672.931641	42548.476563
1671.904297	42548.019531
1670.876953	42221.183594
1669.848633	42795.390625
1668.821289	42631.753906
1667.792969	42463.445313
1666.764648	43044.390625
1665.736328	42847.707031
1664.708008	42710.160156
1663.679688	42747.453125
1662.650391	43044.523438
1661.621094	43438.296875
1660.591797	43142.554688
1659.562500	43033.390625
1658.533203	43672.398438
1657.502930	43685.875000
1656.472656	43649.804688
1655.442383	43663.277344
1654.412109	43726.269531
1653.381836	43475.632813
1652.351563	43866.328125
1651.320313	43870.320313
1650.289063	44053.414063
1649.257813	44095.066406
1648.226563	43938.808594
1647.194336	44004.019531
1646.163086	44650.886719
1645.130859	44471.066406
1644.098633	44748.015625
1643.066406	44570.589844
1642.033203	44548.546875
1641.000977	44681.800781
1639.967773	44876.167969
1638.934570	45126.917969
1637.901367	44893.132813
1636.868164	44805.207031
1635.833984	45088.742188
1634.800781	45273.453125
1633.766602	45251.300781
1632.732422	45332.535156
1631.697266	45690.941406
1630.663086	45476.125000
1629.627930	45352.964844
1628.593750	46082.136719
1627.558594	46019.945313
1626.522461	46582.089844
1625.487305	46132.632813
1624.451172	46743.828125
1623.416016	46559.574219
1622.379883	46987.531250
1621.343750	47410.640625
1620.306641	48098.535156
1619.270508	48868.226563
1618.233398	49454.832031
1617.196289	50308.363281
1616.159180	50840.617188
1615.122070	51628.003906
1614.083984	53169.250000
1613.046875	55714.503906
1612.008789	55069.054688
1610.970703	54423.609375
1609.932617	54858.589844
1608.893555	54146.828125
1607.855469	53603.769531
1606.816406	53416.445313
1605.777344	52293.703125
1604.738281	50652.253906
1603.698242	50872.343750
1602.659180	50061.527344
1601.619141	49199.585938
1600.579102	48480.484375
1599.539063	48191.500000
1598.499023	47739.109375
1597.458008	47592.816406
1596.417969	47238.757813
1595.376953	47316.718750
1594.335938	47044.527344
1593.294922	46884.449219
1592.252930	46488.765625
1591.210938	46121.210938
1590.169922	46159.640625
1589.127930	45736.304688
1588.084961	46236.449219
1587.042969	45743.308594
1586.000000	45196.734375
1584.958008	46230.363281
1583.915039	45728.164063
1582.872070	45370.574219
1581.828125	45374.128906
1580.785156	45373.019531
1579.741211	45609.402344
1578.697266	45803.792969
1577.653320	45695.539063
1576.609375	45694.371094
1575.564453	45937.496094
1574.520508	45833.925781
1573.475586	46090.890625
1572.430664	45917.562500
1571.384766	45493.195313
1570.339844	45612.929688
1569.293945	45727.968750
1568.249023	45357.300781
1567.202148	45288.800781
1566.156250	45190.121094
1565.110352	45017.156250
1564.063477	44451.820313
1563.017578	44555.324219
1561.970703	44238.640625
1560.922852	43970.808594
1559.875977	44373.675781
1558.829102	44451.589844
1557.781250	44457.570313
1556.733398	44403.250000
1555.685547	44601.691406
1554.636719	44364.207031
1553.588867	44583.441406
1552.540039	44000.730469
1551.491211	43682.375000
1550.442383	44207.414063
1549.393555	44375.554688
1548.344727	44101.300781
1547.294922	44292.550781
1546.245117	44261.488281
1545.195313	44397.085938
1544.145508	43974.906250
1543.094727	43895.320313
1542.044922	44109.562500
1540.994141	43884.257813
1539.943359	44244.113281
1538.892578	44074.351563
1537.840820	43923.144531
1536.790039	44153.359375
1535.738281	43750.300781
1534.686523	43878.796875
1533.634766	43889.433594
1532.583008	43685.261719
1531.530273	43658.976563
1530.477539	43399.503906
1529.424805	43830.347656
1528.372070	43612.480469
1527.319336	43318.535156
1526.265625	43232.339844
1525.212891	43473.742188
1524.159180	43572.058594
1523.105469	43538.898438
1522.051758	43660.218750
1520.997070	43963.601563
1519.942383	43414.125000
1518.888672	43977.828125
1517.833984	43633.585938
1516.778320	43130.531250
1515.723633	43281.722656
1514.667969	43522.664063
1513.612305	43335.300781
1512.556641	44048.019531
1511.500977	43793.882813
1510.445313	43599.660156
1509.388672	43718.386719
1508.332031	43761.164063
1507.275391	43748.730469
1506.218750	43752.394531
1505.162109	43636.507813
1504.104492	43849.355469
1503.047852	43696.718750
1501.990234	43378.703125
1500.931641	43984.316406
1499.874023	43496.386719
1498.816406	43821.585938
1497.757813	43703.523438
1496.699219	43663.554688
1495.640625	44009.203125
1494.582031	44033.445313
1493.522461	43954.429688
1492.462891	44153.015625
1491.403320	43892.804688
1490.343750	43770.281250
1489.284180	43407.054688
1488.224609	44064.062500
1487.164063	44003.453125
1486.103516	43924.527344
1485.042969	43593.601563
1483.982422	43627.019531
1482.920898	43648.972656
1481.860352	44085.390625
1480.798828	44143.882813
1479.737305	44245.843750
1478.675781	44077.703125
1477.613281	44060.644531
1476.550781	44405.074219
1475.489258	43866.421875
1474.426758	44338.835938
1473.363281	44465.792969
1472.300781	43833.679688
1471.237305	44038.398438
1470.174805	44510.429688
1469.111328	44152.843750
1468.046875	44416.785156
1466.983398	44612.109375
1465.919922	44300.363281
1464.855469	44908.917969
1463.791016	44622.343750
1462.726563	44696.503906
1461.661133	44476.246094
1460.596680	45034.128906
1459.531250	44816.164063
1458.465820	45127.445313
1457.400391	44893.578125
1456.334961	45439.578125
1455.268555	44884.300781
1454.202148	45231.804688
1453.135742	45551.835938
1452.069336	45254.296875
1451.002930	45325.902344
1449.935547	45306.375000
1448.869141	45553.285156
1447.801758	45454.031250
1446.734375	45557.410156
1445.666016	45606.128906
1444.598633	45632.070313
1443.530273	46106.207031
1442.461914	45763.535156
1441.393555	46558.160156
1440.325195	46556.613281
1439.256836	46864.269531
1438.187500	46930.863281
1437.118164	46824.703125
1436.048828	47545.699219
1434.979492	47730.265625
1433.909180	48357.703125
1432.839844	47890.253906
1431.769531	48310.800781
1430.699219	48143.199219
1429.627930	48329.750000
1428.557617	48282.484375
1427.486328	48339.605469
1426.416016	48435.269531
1425.343750	48392.539063
1424.272461	48696.792969
1423.201172	48368.332031
1422.128906	48039.988281
1421.056641	48074.414063
1419.984375	48022.710938
1418.912109	47690.066406
1417.839844	48055.273438
1416.766602	47772.566406
1415.693359	47519.402344
1414.620117	47678.398438
1413.546875	47746.789063
1412.473633	47896.632813
1411.399414	47243.078125
1410.325195	47377.117188
1409.250977	47694.335938
1408.176758	47484.460938
1407.102539	48045.757813
1406.027344	47942.156250
1404.952148	47784.332031
1403.876953	48487.656250
1402.801758	48535.417969
1401.726563	48002.531250
1400.650391	48472.765625
1399.574219	48884.109375
1398.498047	48579.503906
1397.421875	48794.261719
1396.345703	48765.160156
1395.268555	48668.363281
1394.191406	49122.164063
1393.114258	49068.195313
1392.037109	49406.718750
1390.959961	49334.675781
1389.881836	49848.898438
1388.804688	49713.671875
1387.726563	49790.367188
1386.647461	50196.054688
1385.569336	50673.695313
1384.491211	50820.003906
1383.412109	51250.054688
1382.333008	51326.394531
1381.253906	51855.261719
1380.173828	51564.523438
1379.094727	52187.683594
1378.014648	52151.273438
1376.934570	52018.128906
1375.854492	52073.984375
1374.773438	51626.019531
1373.693359	52554.421875
1372.612305	51789.519531
1371.531250	51550.894531
1370.450195	51121.320313
1369.369141	51233.441406
1368.287109	51266.890625
1367.205078	50853.316406
1366.123047	50839.652344
1365.041016	50567.761719
1363.958984	50558.640625
1362.875977	50246.492188
1361.793945	50244.160156
1360.710938	50062.320313
1359.626953	50701.640625
1358.543945	49990.421875
1357.460938	49849.089844
1356.376953	50046.375000
1355.292969	49420.843750
1354.208984	49907.277344
1353.124023	49961.019531
1352.040039	49848.933594
1350.955078	49929.542969
1349.870117	49855.574219
1348.785156	49645.031250
1347.700195	49765.929688
1346.614258	49873.351563
1345.528320	49759.148438
1344.442383	50056.738281
1343.356445	49501.781250
1342.270508	49584.558594
1341.183594	49996.078125
1340.096680	49855.113281
1339.009766	49841.636719
1337.922852	50194.761719
1336.835938	49749.878906
1335.748047	50154.281250
1334.661133	50140.753906
1333.573242	50066.917969
1332.484375	50160.601563
1331.396484	50305.613281
1330.307617	50446.101563
1329.219727	50660.195313
1328.130859	50166.757813
1327.041992	50804.773438
1325.952148	50842.437500
1324.863281	50806.480469
1323.773438	50473.933594
1322.683594	50353.324219
1321.593750	50524.792969
1320.502930	50482.226563
1319.413086	50305.960938
1318.322266	51012.082031
1317.231445	50390.242188
1316.140625	50835.496094
1315.048828	50844.117188
1313.958008	50650.125000
1312.866211	51148.507813
1311.774414	50395.882813
1310.682617	50834.046875
1309.589844	50564.539063
1308.498047	51020.304688
1307.405273	51362.476563
1306.312500	51304.265625
1305.218750	51441.714844
1304.125977	51143.437500
1303.032227	51840.921875
1301.939453	52153.738281
1300.845703	52470.878906
1299.750977	52194.832031
1298.657227	52691.738281
1297.562500	52695.523438
1296.467773	52950.167969
1295.373047	52740.816406
1294.278320	53423.667969
1293.183594	53669.160156
1292.087891	53615.074219
1290.992188	53738.449219
1289.896484	53702.105469
1288.800781	53483.960938
1287.704102	53735.859375
1286.608398	53063.417969
1285.511719	53031.644531
1284.415039	53112.878906
1283.317383	53054.523438
1282.220703	52781.347656
1281.123047	52889.152344
1280.025391	52399.125000
1278.927734	52146.136719
1277.830078	52110.128906
1276.731445	51821.871094
1275.633789	52049.207031
1274.535156	51683.640625
1273.436523	51424.359375
1272.336914	51103.257813
1271.238281	50883.968750
1270.138672	51181.992188
1269.039063	50682.093750
1267.939453	51267.289063
1266.839844	50626.160156
1265.739258	50895.289063
1264.638672	50197.039063
1263.538086	49691.136719
1262.437500	50445.957031
1261.336914	49953.429688
1260.235352	50094.429688
1259.134766	49681.574219
1258.033203	49676.972656
1256.930664	49948.074219
1255.829102	49837.574219
1254.726563	49268.511719
1253.625000	49363.179688
1252.522461	48842.894531
1251.418945	49221.867188
1250.316406	49195.308594
1249.212891	49151.136719
1248.110352	48747.988281
1247.006836	49175.136719
1245.902344	48747.906250
1244.798828	49168.292969
1243.694336	48646.578125
1242.589844	49187.847656
1241.485352	48329.718750
1240.380859	48917.035156
1239.276367	48785.000000
1238.170898	48806.921875
1237.065430	48521.062500
1235.959961	48936.464844
1234.854492	48233.132813
1233.748047	49120.835938
1232.642578	48674.746094
1231.536133	48698.851563
1230.429688	48635.105469
1229.322266	48773.375000
1228.215820	48937.937500
1227.108398	48753.460938
1226.000977	48729.242188
1224.893555	48955.148438
1223.786133	48854.121094
1222.677734	49099.656250
1221.569336	48733.300781
1220.460938	48522.742188
1219.352539	48494.195313
1218.244141	48516.062500
1217.134766	48846.882813
1216.025391	48737.226563
1214.916016	48358.183594
1213.806641	48270.546875
1212.697266	48371.253906
1211.586914	48314.296875
1210.476563	48344.910156
1209.366211	48778.183594
1208.255859	48552.695313
1207.145508	48933.265625
1206.034180	49364.003906
1204.922852	48701.156250
1203.811523	49182.062500
1202.700195	48322.738281
1201.587891	49129.199219
1200.476563	49231.707031
1199.364258	49113.507813
1198.251953	49006.269531
1197.138672	49414.507813
1196.026367	49403.332031
1194.913086	49538.437500
1193.799805	49632.015625
1192.686523	49950.351563
1191.573242	49934.714844
1190.458984	49962.714844
1189.344727	49715.859375
1188.230469	49776.593750
1187.116211	49719.562500
1186.001953	49296.292969
1184.886719	49762.488281
1183.772461	49463.582031
1182.657227	49402.277344
1181.541016	49188.503906
1180.425781	49336.367188
1179.309570	49218.496094
1178.193359	48830.675781
1177.077148	49104.781250
1175.960938	49087.128906
1174.844727	49043.371094
1173.727539	48866.902344
1172.610352	49179.949219
1171.493164	48744.699219
1170.375977	48374.843750
1169.257813	48757.375000
1168.139648	48165.921875
1167.022461	48339.707031
1165.903320	48248.324219
1164.785156	48189.558594
1163.666992	48300.242188
1162.547852	48261.035156
1161.428711	48430.289063
1160.309570	48621.187500
1159.189453	48102.234375
1158.070313	48388.609375
1156.950195	48334.218750
1155.830078	48182.226563
1154.709961	48038.960938
1153.588867	48242.722656
1152.468750	48175.378906
1151.347656	47804.570313
1150.226563	48116.625000
1149.104492	48348.386719
1147.983398	48707.890625
1146.861328	48796.484375
1145.739258	48612.148438
1144.617188	48908.605469
1143.495117	49105.359375
1142.372070	48892.921875
1141.250000	49541.929688
1140.126953	49751.437500
1139.003906	49138.750000
1137.879883	49413.144531
1136.756836	49672.296875
1135.632813	50026.488281
1134.508789	49610.921875
1133.384766	49954.187500
1132.259766	49502.042969
1131.135742	49698.269531
1130.010742	49183.679688
1128.885742	49483.566406
1127.759766	49550.113281
1126.634766	49953.453125
1125.508789	49102.425781
1124.382813	49715.058594
1123.256836	49645.550781
1122.130859	49373.261719
1121.003906	49314.628906
1119.877930	49400.515625
1118.750977	49430.300781
1117.624023	49190.582031
1116.496094	48944.480469
1115.369141	49383.812500
1114.241211	49073.117188
1113.113281	48962.890625
1111.985352	48966.863281
1110.856445	48841.617188
1109.728516	49020.019531
1108.599609	49252.171875
1107.470703	49189.355469
1106.340820	49085.675781
1105.211914	49007.847656
1104.082031	48925.742188
1102.952148	49174.898438
1101.822266	49008.921875
1100.692383	49019.308594
1099.561523	49104.925781
1098.431641	48934.750000
1097.300781	49151.429688
1096.169922	49449.671875
1095.038086	49316.035156
1093.907227	49014.925781
1092.775391	48909.328125
1091.643555	48973.375000
1090.511719	48386.996094
1089.378906	48897.503906
1088.246094	48697.585938
1087.114258	48750.886719
1085.980469	48538.195313
1084.847656	48357.742188
1083.714844	48175.214844
1082.581055	48777.371094
1081.447266	48614.117188
1080.313477	48433.777344
1079.179688	48538.464844
1078.044922	48345.347656
1076.910156	48447.871094
1075.775391	48462.550781
1074.640625	48631.382813
1073.505859	48401.988281
1072.370117	48380.281250
1071.234375	48341.460938
1070.098633	48604.316406
1068.962891	48475.625000
1067.826172	48567.261719
1066.690430	48507.042969
1065.553711	48765.394531
1064.416992	48869.746094
1063.279297	48747.523438
1062.142578	48864.656250
1061.004883	48806.562500
1059.867188	48460.140625
1058.729492	48609.289063
1057.590820	48591.835938
1056.453125	48363.046875
1055.314453	49011.566406
1054.175781	48387.996094
1053.037109	49074.671875
1051.897461	48585.703125
1050.757813	48898.847656
1049.618164	48919.734375
1048.478516	48697.562500
1047.338867	49065.929688
1046.199219	49429.894531
1045.058594	48862.546875
1043.917969	48800.320313
1042.777344	48254.589844
1041.635742	48746.210938
1040.495117	49169.515625
1039.353516	48892.250000
1038.211914	49191.914063
1037.069336	48303.972656
1035.927734	48990.875000
1034.785156	48739.367188
1033.642578	48721.914063
1032.500000	48834.183594
1031.357422	48674.261719
1030.213867	48669.578125
1029.071289	48539.496094
1027.927734	48492.335938
1026.783203	48825.492188
1025.639648	49065.058594
1024.495117	48525.093750
1023.351563	48970.597656
1022.207031	48594.316406
1021.061523	48719.121094
1019.916992	48512.800781
1018.771484	48696.980469
1017.625977	48838.660156
1016.480469	48948.468750
1015.334961	48981.890625
1014.188477	49375.750000
1013.041992	48934.214844
1011.895508	48783.210938
1010.749023	48655.574219
1009.602539	48858.511719
1008.455078	48855.886719
1007.307617	48192.449219
1006.160156	48808.281250
1005.012695	48375.871094
1003.864258	49152.312500
1002.716797	49318.937500
1001.568359	49290.828125
1000.419922	49226.757813
999.270508	49814.207031
998.122070	49984.812500
996.972656	49781.085938
995.823242	50190.519531
994.673828	49397.109375
993.523438	49552.859375
992.373047	49841.667969
991.222656	49809.261719
990.072266	49795.875000
988.921875	49972.546875
987.771484	50345.507813
986.620117	49721.953125
985.468750	49864.765625
984.317383	50081.378906
983.165039	50110.140625
982.013672	50067.167969
980.861328	50005.226563
979.708984	50190.015625
978.555664	50220.835938
977.403320	50546.742188
976.250000	50016.886719
975.096680	50271.066406
973.943359	50396.640625
972.790039	50772.816406
971.635742	50392.824219
970.481445	50015.074219
969.327148	50508.992188
968.172852	50247.117188
967.018555	49892.746094
965.863281	50388.515625
964.708008	50297.191406
963.552734	50569.757813
962.397461	50497.355469
961.241211	50149.558594
960.084961	50169.746094
958.929688	50362.261719
957.772461	50453.843750
956.616211	50705.054688
955.458984	50355.429688
954.301758	50152.937500
953.144531	50605.632813
951.987305	49916.117188
950.830078	50198.667969
949.671875	50636.410156
948.513672	49966.148438
947.355469	49973.718750
946.196289	49868.019531
945.038086	50282.425781
943.878906	49891.562500
942.719727	50324.671875
941.560547	50172.871094
940.400391	50207.621094
939.241211	50347.113281
938.081055	50492.832031
936.919922	50001.824219
935.759766	50461.640625
934.599609	50942.218750
933.438477	50767.460938
932.277344	50883.660156
931.116211	50997.718750
929.954102	51023.871094
928.791992	50934.972656
927.630859	50971.578125
926.467773	51227.707031
925.305664	51191.074219
924.143555	51309.121094
922.980469	51136.652344
921.817383	51436.425781
920.654297	51955.425781
919.490234	51780.835938
918.327148	51959.207031
917.163086	52212.667969
915.999023	52200.937500
914.833984	52220.515625
913.669922	52951.613281
912.504883	53140.019531
911.339844	53601.601563
910.174805	53708.484375
909.008789	53327.421875
907.843750	54022.187500
906.677734	54429.062500
905.511719	54196.027344
904.345703	54754.812500
903.178711	54617.621094
902.011719	53880.648438
900.844727	54282.996094
899.677734	53277.777344
898.510742	53394.906250
897.342773	53482.851563
896.174805	53354.359375
895.006836	53675.285156
893.838867	53808.882813
892.670898	53780.214844
891.501953	53479.171875
890.333008	53458.886719
889.164063	53752.460938
887.994141	53499.378906
886.825195	53148.734375
885.655273	53760.031250
884.485352	53872.628906
883.315430	53862.664063
882.144531	54087.308594
880.973633	54050.316406
879.803711	53735.222656
878.631836	54341.570313
877.460938	54287.949219
876.289063	54790.250000
875.118164	54852.695313
873.945313	54886.085938
872.773438	55188.968750
871.601563	54743.476563
870.428711	55365.414063
869.255859	55309.578125
868.083008	54918.164063
866.910156	55065.406250
865.736328	55369.976563
864.562500	55442.542969
863.388672	56291.351563
862.214844	56388.550781
861.040039	56674.015625
859.866211	56785.585938
858.691406	56578.554688
857.516602	56963.089844
856.340820	56408.714844
855.166016	56726.976563
853.990234	56482.894531
852.814453	56292.632813
851.637695	56488.824219
850.461914	56527.933594
849.285156	56228.292969
848.108398	56290.148438
846.931641	56467.601563
845.754883	56948.445313
844.577148	56997.742188
843.399414	57507.191406
842.221680	57661.582031
841.043945	58096.453125
839.865234	58403.292969
838.687500	59153.351563
837.508789	59894.878906
836.329102	59844.609375
835.150391	60157.066406
833.970703	60158.269531
832.791992	59582.640625
831.611328	59812.574219
830.431641	59401.964844
829.251953	58709.425781
828.071289	57924.503906
826.890625	57730.574219
825.709961	57141.613281
824.528320	56859.429688
823.347656	56258.500000
822.166016	56163.734375
820.984375	55705.039063
819.801758	55733.757813
818.620117	55957.742188
817.437500	56054.222656
816.254883	55597.929688
815.072266	55665.675781
813.888672	54924.113281
812.706055	55160.347656
811.522461	55051.550781
810.338867	54916.101563
809.154297	55053.679688
807.970703	54411.406250
806.786133	53999.164063
805.601563	53892.718750
804.416992	54424.160156
803.231445	54276.660156
802.045898	53903.691406
800.861328	54069.960938
799.674805	53572.148438
798.489258	54000.691406
797.302734	53593.210938
796.117188	52798.757813
794.930664	53126.847656
793.743164	53270.535156
792.556641	52775.460938
791.369141	52575.300781
790.181641	52706.726563
788.994141	52300.000000
787.805664	51942.519531
786.618164	52397.132813
785.429688	52477.363281
784.241211	52263.156250
783.052734	51787.378906
781.863281	52241.671875
780.673828	52037.835938
779.484375	51519.457031
778.294922	51616.089844
777.105469	51294.027344
775.915039	51031.300781
774.724609	51115.710938
773.534180	51120.488281
772.343750	50900.781250
771.152344	50932.117188
769.960938	51395.898438
768.769531	51378.175781
767.578125	51007.679688
766.385742	50918.671875
765.194336	51530.906250
764.001953	51547.808594
762.808594	51880.535156
761.616211	52143.867188
760.422852	51657.527344
759.230469	52698.746094
758.037109	52110.671875
756.842773	52683.191406
755.649414	52811.785156
754.455078	53229.296875
753.260742	53449.292969
752.066406	53008.078125
750.871094	52819.222656
749.676758	52854.117188
748.481445	52250.605469
747.286133	52320.144531
746.089844	51655.980469
744.894531	51945.054688
743.698242	51650.949219
742.501953	51086.804688
741.304688	51377.843750
740.108398	51057.609375
738.911133	50702.980469
737.713867	51036.542969
736.516602	50852.507813
735.319336	50489.992188
734.121094	50598.234375
732.922852	50430.601563
731.724609	50409.031250
730.526367	50705.769531
729.327148	50418.605469
728.127930	50009.949219
726.928711	50101.933594
725.729492	50311.386719
724.530273	50273.644531
723.330078	49944.289063
722.129883	49934.968750
720.929688	49656.410156
719.728516	49655.238281
718.528320	50218.660156
717.327148	50158.707031
716.125977	50025.949219
714.923828	50012.566406
713.722656	50213.531250
712.520508	50240.550781
711.318359	49913.816406
710.116211	50001.503906
708.913086	50368.003906
707.710938	50427.289063
706.507813	50331.015625
705.304688	50154.000000
704.100586	50657.488281
702.897461	50430.003906
701.693359	50440.765625
700.489258	50479.773438
699.284180	50744.738281
698.080078	50253.140625
696.875000	50614.851563
695.669922	50528.769531
694.464844	50906.417969
693.258789	51080.335938
692.053711	51433.550781
690.847656	51341.328125
689.641602	50781.746094
688.434570	52002.941406
687.228516	51099.074219
686.021484	51381.476563
684.814453	51655.714844
683.607422	51527.304688
682.399414	51437.179688
681.191406	51759.531250
679.983398	51651.285156
678.775391	51605.425781
677.567383	52192.988281
676.358398	52299.832031
675.149414	52149.347656
673.940430	52326.492188
672.730469	52483.476563
671.521484	52600.222656
670.311523	52471.875000
669.101563	52307.425781
667.890625	51882.019531
666.680664	51846.214844
665.469727	51471.226563
664.258789	51162.597656
663.047852	50795.894531
661.835938	50664.027344
660.625000	50666.574219
659.413086	50330.246094
658.201172	50352.898438
656.988281	50070.867188
655.776367	50350.078125
654.563477	50010.042969
653.350586	49467.796875
652.136719	50069.425781
650.923828	50020.000000
649.709961	49980.597656
648.496094	50157.402344
647.282227	49433.496094
646.067383	49362.203125
644.852539	49771.097656
643.637695	50109.828125
642.422852	49800.445313
641.208008	49531.171875
639.992188	49563.875000
638.776367	49586.566406
637.560547	49992.949219
636.344727	49544.003906
635.127930	49704.519531
633.911133	49789.078125
632.694336	49859.621094
631.477539	49454.953125
630.259766	49781.039063
629.042969	49693.871094
627.825195	49626.683594
626.606445	49563.511719
625.388672	49476.421875
624.169922	49473.125000
622.951172	48947.414063
621.732422	49017.976563
620.513672	49132.359375
619.293945	49210.824219
618.074219	49243.433594
616.854492	49142.558594
615.634766	49338.484375
614.414063	49456.671875
613.193359	49045.218750
611.972656	48972.312500
610.751953	49235.781250
609.530273	49172.812500
608.309570	48906.945313
607.087891	49383.101563
605.866211	48914.437500
604.643555	48783.964844
603.420898	49172.398438
602.198242	49210.867188
600.975586	49179.765625
599.752930	49114.898438
598.529297	48976.554688
597.305664	49040.843750
596.082031	48561.011719
594.858398	48873.519531
593.633789	48546.742188
592.410156	48771.804688
591.185547	48625.730469
589.959961	48711.816406
588.735352	48248.445313
587.509766	49127.816406
586.284180	48819.187500
585.058594	49174.769531
583.832031	48321.195313
582.606445	48706.457031
581.379883	48594.277344
580.153320	48725.785156
578.925781	49092.921875
577.699219	48885.675781
576.471680	48876.484375
575.244141	48849.480469
574.015625	49301.406250
572.788086	48937.957031
571.559570	49187.906250
570.331055	49087.671875
569.101563	48908.371094
567.873047	49421.140625
566.643555	49085.671875
565.414063	48762.187500
564.184570	48940.738281
562.954102	48807.062500
561.724609	48884.792969
560.494141	48804.496094
559.263672	48793.335938
558.032227	48397.210938
556.800781	48585.484375
555.570313	48582.257813
554.337891	48642.171875
553.106445	48317.382813
551.874023	48485.792969
550.642578	48291.300781
549.409180	48252.632813
548.176758	48393.359375
546.944336	48230.523438
545.710938	48205.675781
544.477539	48180.835938
543.243164	48163.878906
542.009766	48519.140625
540.775391	47765.722656
539.541016	48433.929688
538.306641	48623.597656
537.071289	48439.292969
535.836914	48434.101563
534.601563	48403.335938
533.366211	48240.804688
532.129883	48418.523438
530.894531	48446.750000
529.658203	48070.042969
528.421875	48188.722656
527.184570	48034.238281
525.948242	48361.117188
524.710938	48591.628906
523.473633	48203.453125
522.235352	48107.972656
520.998047	48069.453125
519.759766	48462.742188
518.521484	48445.750000
517.283203	48593.570313
516.043945	48398.054688
514.804688	48728.214844
513.565430	48213.125000
512.326172	48453.007813
511.085938	48465.425781
509.846680	48391.613281
508.606445	48695.976563
507.366211	48804.328125
506.125000	48270.207031
504.883789	48776.117188
503.643555	48831.519531
502.401367	48753.789063
501.160156	48478.414063
499.917969	48891.925781
498.675781	48800.527344
497.433594	48781.531250
496.191406	48887.707031
494.948242	49068.136719
493.705078	48716.757813
492.461914	48992.921875
491.218750	48643.640625
489.975586	49482.410156
488.731445	49555.109375
487.487305	49360.203125
486.242188	49057.972656
484.998047	49091.656250
483.752930	48994.539063
482.507813	49151.167969
481.262695	49258.957031
480.016602	49185.269531
478.771484	49228.636719
477.525391	49558.652344
476.278320	49624.128906
475.032227	49689.554688
473.785156	49755.035156
472.538086	49820.511719
471.291016	49885.988281
470.043945	49951.468750
468.795898	50016.996094
467.547852	50708.523438
466.299805	50399.125000
465.051758	50385.699219
463.802734	50594.128906
462.553711	50792.750000
461.304688	50903.753906
460.055664	51699.339844
458.805664	51961.804688
457.555664	51403.699219
456.305664	51844.949219
455.055664	52544.515625
453.804688	52237.273438
452.553711	52520.746094
451.302734	52798.277344
450.051758	53017.445313
448.799805	52949.160156
447.548828	53764.187500
446.296875	53691.898438
445.043945	54304.652344
443.791992	54666.886719
442.539063	54447.035156
441.286133	54145.804688
440.033203	53476.257813
438.779297	53460.316406
437.526367	52667.093750
436.272461	52236.574219
435.017578	51606.640625
433.763672	51221.035156
432.508789	50930.480469
431.253906	50649.718750
429.999023	50622.695313
428.744141	50655.691406
427.488281	50255.136719
426.232422	49856.664063
424.976563	50203.199219
423.720703	50344.558594
422.463867	49899.878906
421.207031	50137.917969
419.950195	50290.800781
418.693359	50180.757813
417.435547	50235.015625
416.177734	50215.832031
414.919922	50391.757813
413.662109	49862.656250
412.403320	50021.199219
411.144531	49629.441406
409.885742	49977.128906
408.626953	50046.777344
407.367188	49834.679688
406.107422	50103.027344
404.847656	49948.859375
403.587891	49970.238281
402.327148	49793.011719
401.067383	49943.562500
