#Wave		#Intensity
2001.182617	34602.191406
2000.212891	34905.476563
1999.243164	34440.773438
1998.273438	35001.031250
1997.303711	34659.226563
1996.333008	34522.929688
1995.363281	34642.117188
1994.392578	34520.890625
1993.421875	34462.289063
1992.451172	34894.296875
1991.479492	34725.539063
1990.508789	34762.007813
1989.537109	34778.453125
1988.566406	34632.308594
1987.594727	34848.832031
1986.622070	35002.769531
1985.650391	34751.660156
1984.677734	34540.632813
1983.706055	34841.980469
1982.733398	34900.859375
1981.760742	34789.835938
1980.788086	34538.976563
1979.814453	35257.167969
1978.841797	34876.472656
1977.868164	34997.695313
1976.894531	35148.828125
1975.920898	34803.289063
1974.947266	35136.542969
1973.972656	35085.500000
1972.999023	34974.605469
1972.024414	34886.195313
1971.049805	35296.496094
1970.075195	35031.058594
1969.099609	35107.187500
1968.125000	35195.746094
1967.149414	34920.496094
1966.173828	34976.667969
1965.198242	34990.480469
1964.222656	34994.320313
1963.247070	34896.074219
1962.270508	35298.246094
1961.294922	34975.964844
1960.318359	35343.136719
1959.341797	34973.683594
1958.364258	35427.796875
1957.387695	35162.917969
1956.410156	35358.203125
1955.433594	35352.019531
1954.456055	34950.558594
1953.478516	34984.214844
1952.500000	35099.863281
1951.522461	35496.242188
1950.543945	35370.785156
1949.565430	35389.433594
1948.586914	35221.820313
1947.608398	35377.046875
1946.629883	35336.101563
1945.650391	35148.722656
1944.671875	35355.992188
1943.692383	35565.667969
1942.712891	35088.093750
1941.733398	34890.964844
1940.752930	35794.984375
1939.773438	35287.863281
1938.792969	35313.910156
1937.812500	34906.191406
1936.832031	35529.535156
1935.851563	35424.203125
1934.870117	35338.726563
1933.888672	35451.425781
1932.908203	35507.128906
1931.926758	35015.613281
1930.945313	35554.105469
1929.962891	35624.605469
1928.981445	35808.914063
1927.999023	35466.140625
1927.016602	35338.710938
1926.034180	35181.640625
1925.051758	35313.960938
1924.069336	35169.312500
1923.085938	35682.289063
1922.102539	35297.871094
1921.119141	35595.648438
1920.135742	35616.589844
1919.152344	35185.441406
1918.168945	35841.218750
1917.184570	35568.230469
1916.200195	35702.730469
1915.215820	35743.375000
1914.231445	35322.453125
1913.247070	35957.878906
1912.261719	35356.945313
1911.276367	35380.347656
1910.291992	35532.000000
1909.306641	35644.136719
1908.320313	35652.679688
1907.334961	35542.890625
1906.348633	35935.945313
1905.363281	35365.316406
1904.376953	35654.777344
1903.390625	35902.257813
1902.403320	35363.949219
1901.416992	35759.144531
1900.429688	35282.601563
1899.443359	35638.285156
1898.456055	35664.027344
1897.467773	35591.328125
1896.480469	35658.894531
1895.493164	35492.738281
1894.504883	35233.171875
1893.516602	35699.140625
1892.528320	35798.601563
1891.540039	35398.996094
1890.550781	35547.625000
1889.562500	35794.496094
1888.573242	35643.253906
1887.583984	35779.472656
1886.594727	36045.820313
1885.605469	35887.238281
1884.615234	35586.308594
1883.625000	35886.910156
1882.635742	35900.246094
1881.645508	35920.933594
1880.654297	35647.191406
1879.664063	35873.976563
1878.673828	35727.871094
1877.682617	35711.789063
1876.691406	35644.222656
1875.700195	36370.917969
1874.708984	36026.300781
1873.716797	35868.039063
1872.725586	36067.542969
1871.733398	35735.402344
1870.741211	36162.636719
1869.749023	35859.980469
1868.755859	35966.300781
1867.763672	36087.273438
1866.770508	36408.894531
1865.777344	35810.308594
1864.784180	36271.320313
1863.791016	36108.386719
1862.797852	36317.269531
1861.803711	36076.132813
1860.809570	36299.609375
1859.815430	36051.226563
1858.821289	36176.867188
1857.827148	36346.445313
1856.832031	36142.156250
1855.837891	36084.503906
1854.842773	36444.507813
1853.847656	36377.050781
1852.852539	36248.578125
1851.856445	36574.187500
1850.861328	36426.199219
1849.865234	36761.417969
1848.869141	36552.449219
1847.873047	36865.574219
1846.876953	36542.031250
1845.879883	36742.871094
1844.883789	36239.046875
1843.886719	36220.480469
1842.889648	36723.480469
1841.892578	36785.246094
1840.895508	36554.632813
1839.897461	36723.582031
1838.899414	36519.847656
1837.901367	36403.843750
1836.903320	36760.191406
1835.905273	36481.093750
1834.907227	36742.382813
1833.908203	36784.582031
1832.909180	37091.949219
1831.910156	36800.820313
1830.911133	36988.906250
1829.912109	37072.363281
1828.912109	37238.449219
1827.913086	36935.339844
1826.913086	37215.613281
1825.913086	36701.210938
1824.913086	37241.378906
1823.912109	37545.734375
1822.912109	37220.972656
1821.911133	37216.843750
1820.910156	37241.851563
1819.909180	37164.898438
1818.908203	37325.804688
1817.906250	37753.570313
1816.904297	37266.558594
1815.903320	37565.621094
1814.900391	37425.617188
1813.898438	37724.542969
1812.896484	37814.867188
1811.893555	37539.148438
1810.891602	37651.281250
1809.888672	37632.531250
1808.885742	37766.410156
1807.881836	37810.621094
1806.878906	37716.769531
1805.875000	37773.074219
1804.871094	37977.035156
1803.867188	38018.750000
1802.863281	37997.527344
1801.859375	38116.648438
1800.854492	38368.785156
1799.849609	38083.855469
1798.844727	37934.457031
1797.839844	37947.109375
1796.834961	37870.308594
1795.830078	38692.687500
1794.824219	38328.199219
1793.818359	38060.484375
1792.812500	38464.457031
1791.806641	38054.304688
1790.799805	38624.761719
1789.793945	38547.925781
1788.787109	38560.437500
1787.780273	38524.667969
1786.773438	38373.074219
1785.766602	38786.136719
1784.758789	38222.027344
1783.751953	38492.656250
1782.744141	38968.171875
1781.736328	38874.492188
1780.728516	38763.972656
1779.719727	39236.773438
1778.711914	39333.468750
1777.703125	38878.371094
1776.694336	39136.496094
1775.685547	38905.589844
1774.676758	39303.289063
1773.666992	39195.222656
1772.657227	39070.343750
1771.648438	39193.417969
1770.638672	39920.457031
1769.627930	39362.429688
1768.618164	39252.035156
1767.607422	39596.257813
1766.597656	39796.070313
1765.586914	39553.417969
1764.576172	39866.148438
1763.564453	39633.179688
1762.553711	40407.164063
1761.541992	39991.578125
1760.530273	40085.406250
1759.518555	40457.800781
1758.506836	40337.789063
1757.495117	40201.007813
1756.482422	40412.347656
1755.469727	40640.414063
1754.457031	40422.062500
1753.444336	40434.109375
1752.431641	40813.167969
1751.417969	40235.140625
1750.405273	41108.074219
1749.391602	40973.738281
1748.377930	41318.867188
1747.364258	40772.308594
1746.349609	41023.894531
1745.335938	41359.242188
1744.321289	41069.269531
1743.306641	41303.898438
1742.291992	41284.621094
1741.276367	41693.898438
1740.261719	41305.921875
1739.246094	41817.960938
1738.230469	41616.738281
1737.214844	41673.972656
1736.199219	41822.082031
1735.182617	41991.660156
1734.166992	42338.121094
1733.150391	42206.312500
1732.133789	42222.746094
1731.117188	42700.425781
1730.099609	43034.562500
1729.083008	43046.058594
1728.065430	43561.550781
1727.047852	43651.757813
1726.030273	43687.007813
1725.012695	43846.390625
1723.994141	44084.484375
1722.976563	44537.277344
1721.958008	44381.453125
1720.939453	44573.992188
1719.920898	44592.335938
1718.901367	45006.554688
1717.882813	45320.480469
1716.863281	45023.992188
1715.843750	45516.566406
1714.824219	45039.027344
1713.803711	45181.160156
1712.784180	45435.207031
1711.763672	45712.984375
1710.743164	45595.339844
1709.722656	46130.136719
1708.702148	45757.730469
1707.681641	45866.253906
1706.660156	45389.308594
1705.638672	45259.921875
1704.617188	45763.367188
1703.595703	46107.277344
1702.574219	45761.417969
1701.551758	45358.613281
1700.529297	45847.417969
1699.507813	45810.769531
1698.484375	46030.781250
1697.461914	46013.117188
1696.439453	46066.722656
1695.416016	46058.558594
1694.392578	45839.039063
1693.369141	46191.804688
1692.345703	46024.566406
1691.322266	46182.542969
1690.297852	46532.679688
1689.273438	46083.125000
1688.249023	46739.160156
1687.224609	46486.578125
1686.200195	46701.238281
1685.174805	46873.144531
1684.150391	46902.757813
1683.125000	46730.902344
1682.099609	46952.468750
1681.073242	46985.199219
1680.047852	47017.902344
1679.021484	47050.632813
1677.995117	47515.882813
1676.968750	47367.761719
1675.942383	47766.503906
1674.916016	47346.214844
1673.888672	47818.171875
1672.862305	47729.242188
1671.834961	47985.703125
1670.806641	48055.230469
1669.779297	47985.218750
1668.751953	47988.519531
1667.723633	48079.277344
1666.695313	48328.347656
1665.666992	48319.765625
1664.638672	48195.421875
1663.609375	48151.429688
1662.581055	48447.535156
1661.551758	48375.175781
1660.522461	48180.078125
1659.493164	48738.019531
1658.462891	48606.644531
1657.433594	48933.070313
1656.403320	48844.164063
1655.373047	49021.828125
1654.342773	49307.910156
1653.312500	48528.109375
1652.281250	49106.503906
1651.250977	49135.488281
1650.219727	49079.625000
1649.188477	49473.816406
1648.156250	49281.269531
1647.125000	49281.933594
1646.092773	49598.160156
1645.060547	49707.070313
1644.028320	49790.046875
1642.996094	49767.070313
1641.963867	49358.164063
1640.930664	49890.550781
1639.898438	49964.015625
1638.865234	49973.945313
1637.832031	50099.101563
1636.797852	49963.226563
1635.764648	49742.769531
1634.730469	50330.917969
1633.696289	50615.710938
1632.662109	50442.238281
1631.627930	51243.714844
1630.592773	50764.855469
1629.558594	51126.855469
1628.523438	51044.972656
1627.488281	51007.722656
1626.453125	51576.015625
1625.416992	51609.078125
1624.381836	51904.898438
1623.345703	52463.339844
1622.309570	52711.992188
1621.273438	52876.136719
1620.237305	53713.101563
1619.200195	54268.468750
1618.163086	55179.878906
1617.125977	56032.382813
1616.088867	57273.492188
1615.051758	58057.382813
1614.014648	59447.574219
1612.976563	59870.187500
1611.938477	60447.164063
1610.900391	61452.296875
1609.862305	61946.871094
1608.823242	61369.570313
1607.785156	60387.738281
1606.746094	59324.386719
1605.707031	59131.402344
1604.667969	58426.402344
1603.628906	56459.207031
1602.588867	56220.082031
1601.548828	55006.496094
1600.508789	54819.113281
1599.468750	54052.421875
1598.428711	53634.031250
1597.387695	53220.453125
1596.347656	53271.679688
1595.306641	52204.644531
1594.265625	52274.699219
1593.224609	51649.289063
1592.182617	51794.078125
1591.140625	51577.218750
1590.099609	51463.066406
1589.057617	51132.070313
1588.014648	51470.363281
1586.972656	51060.222656
1585.929688	50890.292969
1584.887695	51351.953125
1583.844727	51272.894531
1582.800781	51142.617188
1581.757813	51298.863281
1580.714844	50768.082031
1579.670898	51466.828125
1578.626953	51622.925781
1577.583008	51776.640625
1576.538086	51253.128906
1575.494141	52018.750000
1574.449219	52281.636719
1573.404297	51816.453125
1572.359375	51846.738281
1571.314453	52137.406250
1570.269531	51832.882813
1569.223633	51809.687500
1568.177734	52144.351563
1567.131836	51463.609375
1566.085938	51709.941406
1565.040039	51208.347656
1563.993164	50479.367188
1562.946289	50412.312500
1561.899414	50686.503906
1560.852539	50313.085938
1559.805664	50023.332031
1558.757813	50009.757813
1557.709961	50021.707031
1556.662109	50017.410156
1555.614258	49927.324219
1554.566406	50078.371094
1553.517578	49339.281250
1552.469727	50011.816406
1551.420898	49701.660156
1550.372070	49776.179688
1549.322266	50056.820313
1548.273438	49989.984375
1547.223633	48978.464844
1546.173828	49483.652344
1545.124023	49453.976563
1544.074219	49875.582031
1543.024414	49556.621094
1541.973633	49473.734375
1540.922852	49451.015625
1539.872070	50024.937500
1538.821289	49419.464844
1537.770508	50194.304688
1536.718750	49979.625000
1535.666992	49704.937500
1534.615234	49684.500000
1533.563477	50052.156250
1532.511719	49803.003906
1531.458984	49750.222656
1530.407227	49616.648438
1529.354492	49771.671875
1528.300781	49610.445313
1527.248047	49121.593750
1526.195313	49615.769531
1525.141602	49791.437500
1524.087891	49443.496094
1523.034180	49607.597656
1521.980469	49794.691406
1520.925781	49769.648438
1519.871094	49834.492188
1518.817383	49710.359375
1517.762695	50153.023438
1516.707031	49648.804688
1515.652344	49635.312500
1514.596680	49635.640625
1513.541016	49534.667969
1512.485352	49014.800781
1511.429688	49749.378906
1510.374023	49291.781250
1509.317383	49193.234375
1508.260742	49087.820313
1507.204102	49490.687500
1506.147461	49185.210938
1505.090820	49378.707031
1504.033203	49602.015625
1502.975586	49184.070313
1501.917969	49492.343750
1500.860352	49246.859375
1499.802734	49249.523438
1498.744141	49295.816406
1497.686523	49587.769531
1496.627930	49666.121094
1495.569336	49175.226563
1494.509766	49405.078125
1493.451172	49279.210938
1492.391602	49339.199219
1491.332031	48995.496094
1490.272461	49523.316406
1489.212891	49220.968750
1488.152344	49482.644531
1487.092773	49233.125000
1486.032227	49609.277344
1484.971680	49909.683594
1483.910156	49266.210938
1482.849609	49630.699219
1481.788086	50036.269531
1480.726563	49796.062500
1479.665039	49750.507813
1478.603516	49624.867188
1477.541992	50009.546875
1476.479492	50231.648438
1475.416992	49687.382813
1474.354492	50090.132813
1473.291992	50312.097656
1472.229492	50335.078125
1471.166016	50604.914063
1470.102539	50301.023438
1469.039063	49803.019531
1467.975586	50511.433594
1466.912109	50344.765625
1465.847656	50406.527344
1464.783203	50687.464844
1463.718750	50561.941406
1462.654297	51055.015625
1461.589844	51061.828125
1460.524414	51169.031250
1459.458984	50899.781250
1458.393555	50993.285156
1457.328125	51225.859375
1456.262695	51344.343750
1455.196289	51538.015625
1454.130859	51569.789063
1453.064453	52011.734375
1451.998047	51697.089844
1450.930664	51389.386719
1449.864258	51728.632813
1448.796875	51758.054688
1447.729492	52101.656250
1446.662109	52021.734375
1445.594727	51796.171875
1444.526367	52173.710938
1443.458008	52516.984375
1442.390625	52487.078125
1441.321289	53055.328125
1440.252930	53107.191406
1439.184570	53900.195313
1438.115234	53838.226563
1437.045898	53951.277344
1435.976563	54000.660156
1434.907227	54679.332031
1433.836914	54680.863281
1432.767578	55079.824219
1431.697266	55017.699219
1430.626953	55175.804688
1429.555664	55188.585938
1428.485352	56025.156250
1427.414063	56178.453125
1426.342773	56206.917969
1425.271484	56137.839844
1424.200195	55930.449219
1423.128906	56190.207031
1422.056641	56554.152344
1420.984375	56677.710938
1419.912109	56554.207031
1418.839844	56804.597656
1417.767578	56470.433594
1416.694336	56351.558594
1415.621094	56540.699219
1414.547852	56252.042969
1413.474609	56013.285156
1412.400391	56053.000000
1411.327148	55696.691406
1410.252930	54867.648438
1409.178711	55654.027344
1408.104492	55345.468750
1407.029297	55403.347656
1405.955078	56073.894531
1404.879883	55912.351563
1403.804688	56496.679688
1402.729492	56246.984375
1401.653320	56514.746094
1400.578125	56649.136719
1399.501953	56803.800781
1398.425781	56777.765625
1397.349609	56553.070313
1396.272461	56644.460938
1395.196289	56780.949219
1394.119141	56470.625000
1393.041992	56970.304688
1391.964844	57054.777344
1390.886719	57486.511719
1389.809570	57275.484375
1388.731445	57945.980469
1387.653320	57960.335938
1386.575195	57706.507813
1385.497070	58227.851563
1384.417969	58559.773438
1383.338867	58342.007813
1382.259766	58727.832031
1381.180664	58694.734375
1380.101563	57824.230469
1379.021484	58173.921875
1377.941406	58338.957031
1376.861328	58233.945313
1375.781250	57402.386719
1374.701172	57909.324219
1373.620117	57361.453125
1372.539063	57142.019531
1371.458008	56646.179688
1370.376953	56435.941406
1369.295898	56504.410156
1368.213867	56314.488281
1367.132813	55951.671875
1366.050781	56181.882813
1364.967773	56295.250000
1363.885742	56294.074219
1362.802734	56214.335938
1361.720703	56188.484375
1360.637695	56198.542969
1359.554688	56302.816406
1358.470703	56494.527344
1357.387695	56071.695313
1356.303711	55249.902344
1355.219727	56091.808594
1354.135742	55342.031250
1353.050781	55636.816406
1351.966797	55443.046875
1350.881836	54713.941406
1349.796875	54565.199219
1348.711914	54564.308594
1347.626953	54052.929688
1346.541016	54490.878906
1345.455078	54481.042969
1344.369141	54721.832031
1343.283203	54152.613281
1342.197266	53910.195313
1341.110352	54388.023438
1340.023438	54235.085938
1338.936523	54723.855469
1337.849609	54745.265625
1336.762695	54406.843750
1335.674805	54734.425781
1334.586914	54699.964844
1333.499023	54616.367188
1332.411133	54320.636719
1331.323242	55177.187500
1330.234375	55048.894531
1329.145508	55275.546875
1328.056641	54895.097656
1326.967773	55324.738281
1325.878906	55658.296875
1324.789063	55877.976563
1323.699219	55921.394531
1322.609375	55929.125000
1321.519531	56282.382813
1320.429688	56361.363281
1319.338867	56712.183594
1318.248047	57145.312500
1317.157227	58095.101563
1316.066406	57826.234375
1314.975586	57969.429688
1313.883789	58045.773438
1312.791992	58894.531250
1311.700195	59173.210938
1310.608398	58997.839844
1309.516602	58684.589844
1308.423828	58796.316406
1307.331055	58710.062500
1306.238281	57943.406250
1305.145508	58533.191406
1304.051758	58278.089844
1302.958984	58269.765625
1301.865234	58414.761719
1300.771484	58784.085938
1299.677734	58904.500000
1298.583008	59844.347656
1297.489258	59917.890625
1296.394531	60686.269531
1295.299805	61560.906250
1294.204102	61598.582031
1293.109375	61123.699219
1292.013672	61418.773438
1290.917969	60924.125000
1289.822266	60627.023438
1288.726563	59474.183594
1287.630859	59243.949219
1286.534180	59523.570313
1285.437500	59051.859375
1284.340820	58606.906250
1283.244141	58281.734375
1282.146484	58074.058594
1281.048828	57565.300781
1279.951172	57209.488281
1278.853516	57008.753906
1277.755859	57261.792969
1276.658203	56443.750000
1275.559570	56557.414063
1274.460938	56452.046875
1273.362305	56138.828125
1272.262695	56053.472656
1271.164063	56169.328125
1270.064453	55741.382813
1268.964844	55448.402344
1267.865234	55626.164063
1266.765625	55211.796875
1265.665039	55301.183594
1264.564453	54694.890625
1263.463867	54576.781250
1262.363281	54595.585938
1261.262695	54899.101563
1260.161133	54564.750000
1259.059570	54305.531250
1257.958008	53993.460938
1256.856445	54146.878906
1255.754883	54507.527344
1254.652344	53992.746094
1253.549805	54240.859375
1252.447266	54164.898438
1251.344727	53795.886719
1250.242188	53922.722656
1249.138672	53439.339844
1248.035156	53680.714844
1246.931641	53728.222656
1245.828125	53753.695313
1244.724609	53660.292969
1243.620117	54103.914063
1242.515625	53937.863281
1241.411133	53593.675781
1240.306641	53124.234375
1239.201172	53613.800781
1238.096680	53865.718750
1236.991211	53607.523438
1235.885742	53703.289063
1234.779297	54185.796875
1233.673828	53341.023438
1232.567383	53966.207031
1231.460938	53673.070313
1230.354492	54155.222656
1229.248047	54246.378906
1228.140625	54317.746094
1227.033203	54046.699219
1225.926758	54335.316406
1224.818359	54206.968750
1223.710938	54359.441406
1222.602539	54327.632813
1221.495117	54137.949219
1220.386719	54437.238281
1219.278320	54050.320313
1218.168945	53768.734375
1217.060547	54026.289063
1215.951172	53959.507813
1214.841797	53702.179688
1213.731445	53753.738281
1212.622070	53448.367188
1211.511719	53081.804688
1210.402344	54105.273438
1209.291992	53659.941406
1208.180664	53908.367188
1207.070313	53874.500000
1205.958984	54039.675781
1204.847656	54217.914063
1203.736328	54308.628906
1202.625000	54102.003906
1201.512695	54542.402344
1200.401367	54163.175781
1199.289063	54824.062500
1198.176758	54798.796875
1197.063477	54775.722656
1195.951172	55198.113281
1194.837891	55338.710938
1193.724609	54697.796875
1192.611328	55277.101563
1191.498047	55537.617188
1190.383789	55481.691406
1189.269531	55318.902344
1188.155273	54853.031250
1187.041016	54960.789063
1185.926758	54625.953125
1184.811523	54121.222656
1183.696289	54338.011719
1182.581055	53957.707031
1181.465820	54019.769531
1180.350586	54103.585938
1179.234375	53497.046875
1178.118164	53343.601563
1177.001953	53488.441406
1175.885742	53226.226563
1174.768555	53397.144531
1173.652344	53276.453125
1172.535156	53386.390625
1171.417969	53070.000000
1170.299805	52966.824219
1169.182617	53091.968750
1168.064453	53104.027344
1166.946289	52857.457031
1165.828125	52445.832031
1164.709961	53077.167969
1163.590820	52526.628906
1162.471680	52721.199219
1161.352539	52950.433594
1160.233398	52760.589844
1159.114258	52718.414063
1157.994141	52819.476563
1156.874023	52853.242188
1155.753906	53008.476563
1154.633789	52899.035156
1153.513672	52889.386719
1152.392578	53473.820313
1151.271484	53065.195313
1150.150391	52808.433594
1149.029297	53149.851563
1147.907227	53170.488281
1146.786133	53301.589844
1145.664063	53805.160156
1144.541992	53314.621094
1143.418945	53891.609375
1142.296875	53935.890625
1141.173828	54183.589844
1140.050781	53347.117188
1138.927734	54016.699219
1137.803711	54378.882813
1136.680664	54180.804688
1135.556641	54434.707031
1134.432617	54390.179688
1133.308594	54118.710938
1132.183594	54143.406250
1131.059570	54029.808594
1129.934570	54166.839844
1128.809570	54096.472656
1127.684570	54190.246094
1126.558594	54227.851563
1125.432617	54114.328125
1124.307617	53931.777344
1123.180664	53837.765625
1122.054688	53935.808594
1120.928711	53723.183594
1119.801758	53517.105469
1118.674805	54059.347656
1117.547852	53564.382813
1116.419922	53677.460938
1115.292969	53794.804688
1114.165039	53463.914063
1113.037109	53835.464844
1111.909180	53728.695313
1110.780273	53408.757813
1109.652344	53661.683594
1108.523438	53600.207031
1107.394531	53807.796875
1106.264648	53993.792969
1105.135742	53785.972656
1104.005859	53939.628906
1102.875977	53663.062500
1101.746094	53891.945313
1100.616211	54116.441406
1099.485352	53721.757813
1098.355469	53475.515625
1097.224609	53811.699219
1096.092773	53705.171875
1094.961914	54339.769531
1093.830078	53438.539063
1092.699219	53793.800781
1091.567383	53315.933594
1090.434570	53626.007813
1089.302734	53244.917969
1088.169922	53838.117188
1087.037109	53343.421875
1085.904297	52973.308594
1084.771484	53231.679688
1083.637695	53504.960938
1082.504883	53216.480469
1081.371094	53215.308594
1080.236328	53201.281250
1079.102539	53155.113281
1077.968750	53603.808594
1076.833984	53163.492188
1075.699219	53269.390625
1074.564453	53503.710938
1073.428711	53600.941406
1072.292969	53651.050781
1071.158203	54276.750000
1070.022461	53796.132813
1068.885742	54047.238281
1067.750000	53870.523438
1066.613281	53713.113281
1065.476563	53912.781250
1064.339844	54200.011719
1063.203125	53732.742188
1062.065430	53925.878906
1060.927734	54033.492188
1059.790039	53461.843750
1058.652344	53682.679688
1057.514648	53807.355469
1056.375977	54070.734375
1055.237305	54227.300781
1054.098633	54061.582031
1052.959961	53765.769531
1051.820313	53495.664063
1050.681641	53667.140625
1049.541992	53857.742188
1048.402344	54270.003906
1047.261719	53528.906250
1046.122070	53983.695313
1044.981445	54001.492188
1043.840820	53861.628906
1042.700195	54294.796875
1041.558594	53501.125000
1040.417969	54025.753906
1039.276367	53828.500000
1038.134766	53552.562500
1036.992188	54008.785156
1035.850586	53488.226563
1034.708008	53495.425781
1033.565430	53555.796875
1032.422852	53346.074219
1031.280273	53468.101563
1030.136719	53730.382813
1028.994141	53607.871094
1027.850586	53472.656250
1026.706055	53086.789063
1025.562500	53684.558594
1024.417969	53551.519531
1023.273438	53548.054688
1022.128906	53090.265625
1020.984375	53456.218750
1019.839844	53346.656250
1018.694336	53610.574219
1017.548828	53235.835938
1016.403320	53321.503906
1015.256836	53818.550781
1014.111328	53499.097656
1012.964844	53122.527344
1011.818359	53712.585938
1010.671875	53429.347656
1009.524414	53315.710938
1008.377930	53367.347656
1007.230469	53465.550781
1006.083008	53783.945313
1004.934570	53812.167969
1003.787109	53846.730469
1002.638672	53794.503906
1001.490234	54203.582031
1000.341797	54276.125000
999.193359	54401.519531
998.043945	54622.031250
996.894531	54106.632813
995.745117	54251.007813
994.595703	54317.125000
993.446289	54657.937500
992.295898	54396.449219
991.145508	54724.445313
989.995117	53989.921875
988.844727	54670.523438
987.693359	54755.472656
986.541992	54365.429688
985.390625	54684.671875
984.239258	54349.640625
983.087891	54888.183594
981.935547	54705.113281
980.783203	54971.324219
979.630859	54638.585938
978.478516	54767.671875
977.325195	55529.062500
976.172852	54671.640625
975.019531	54853.316406
973.865234	54712.605469
972.711914	55125.894531
971.557617	54540.832031
970.404297	54703.441406
969.250000	54733.363281
968.094727	54788.527344
966.940430	54805.792969
965.785156	54280.226563
964.629883	54989.652344
963.474609	54678.765625
962.319336	54950.468750
961.163086	55255.707031
960.007813	54692.691406
958.851563	55222.734375
957.694336	55073.875000
956.538086	55286.417969
955.380859	55108.191406
954.223633	54617.109375
953.066406	54901.003906
951.909180	54876.187500
950.751953	54815.695313
949.593750	55044.824219
948.435547	54619.242188
947.277344	54688.886719
946.118164	54546.667969
944.959961	54710.660156
943.800781	54289.632813
942.641602	54610.824219
941.482422	55128.902344
940.322266	55154.359375
939.162109	54995.433594
938.001953	54639.667969
936.841797	55463.117188
935.681641	55549.203125
934.520508	54718.292969
933.360352	55405.210938
932.198242	55604.261719
931.037109	55185.988281
929.875977	55244.839844
928.713867	55487.726563
927.551758	55467.031250
926.389648	56029.675781
925.227539	55392.203125
924.064453	55365.257813
922.901367	56213.882813
921.738281	55854.597656
920.575195	55921.574219
919.412109	55946.750000
918.248047	55911.363281
917.083984	56339.460938
915.919922	56612.933594
914.755859	56372.914063
913.590820	56932.136719
912.426758	57315.906250
911.261719	57061.281250
910.095703	57964.152344
908.930664	58034.757813
907.764648	58017.781250
906.598633	58240.500000
905.432617	58013.015625
904.266602	58104.382813
903.099609	57829.089844
901.933594	58080.824219
900.766602	57439.144531
899.599609	57445.179688
898.431641	56895.437500
897.264648	57063.898438
896.096680	56510.261719
894.928711	56928.378906
893.759766	57005.214844
892.591797	56537.152344
891.422852	56545.410156
890.253906	56850.941406
889.084961	56896.546875
887.916016	56393.511719
886.746094	56873.421875
885.576172	56933.531250
884.406250	56567.839844
883.236328	56951.921875
882.065430	56982.910156
880.895508	57146.734375
879.724609	57358.230469
878.552734	57565.492188
877.381836	57511.273438
876.209961	57774.429688
875.039063	57977.347656
873.866211	58381.316406
872.694336	58065.761719
871.522461	57990.757813
870.349609	58079.492188
869.176758	57863.617188
868.003906	58296.218750
866.830078	58504.972656
865.657227	58966.281250
864.483398	58924.308594
863.309570	59153.519531
862.135742	59399.199219
860.960938	59888.964844
859.786133	60181.996094
858.611328	59670.269531
857.436523	59712.988281
856.261719	59857.003906
855.085938	59502.734375
853.910156	59506.175781
852.734375	59608.812500
851.558594	59188.656250
850.382813	59169.421875
849.206055	59381.523438
848.029297	59521.269531
846.852539	59718.769531
845.674805	59821.234375
844.498047	60224.992188
843.320313	60399.542969
842.142578	60881.437500
840.963867	62037.675781
839.786133	62583.015625
838.607422	63278.675781
837.428711	63549.382813
836.250000	64832.050781
835.070313	64504.714844
833.891602	64812.125000
832.711914	64200.617188
831.532227	63869.453125
830.352539	63048.289063
829.171875	62754.515625
827.991211	61553.023438
826.810547	60767.726563
825.629883	60890.207031
824.449219	60154.695313
823.267578	59966.628906
822.085938	59490.695313
820.904297	59348.050781
819.722656	59396.656250
818.540039	59274.632813
817.357422	58749.847656
816.174805	59049.207031
814.992188	58588.335938
813.809570	58618.539063
812.625977	58047.019531
811.442383	58360.648438
810.258789	58089.097656
809.074219	58351.285156
807.890625	58492.300781
806.706055	58372.699219
805.521484	58989.554688
804.336914	58648.394531
803.151367	58514.468750
801.966797	58265.777344
800.781250	58459.929688
799.594727	58098.617188
798.409180	57776.367188
797.222656	57632.468750
796.037109	57545.972656
794.849609	57813.789063
793.663086	57762.089844
792.476563	57147.453125
791.289063	56923.968750
790.101563	57379.953125
788.914063	56947.812500
787.725586	56931.089844
786.538086	57024.808594
785.349609	56801.539063
784.161133	56645.820313
782.971680	56800.855469
781.783203	56906.781250
780.593750	56473.230469
779.404297	56779.378906
778.214844	56137.667969
777.024414	56380.453125
775.834961	56161.699219
774.644531	56306.398438
773.454102	56371.437500
772.262695	56511.957031
771.072266	56511.640625
769.880859	56450.125000
768.689453	56504.882813
767.497070	57195.828125
766.305664	56940.531250
765.113281	57168.421875
763.920898	56703.304688
762.728516	57328.484375
761.536133	57651.917969
760.342773	57698.214844
759.149414	57699.691406
757.956055	58403.617188
756.762695	58307.238281
755.568359	58674.953125
754.374023	59121.890625
753.179688	58925.730469
751.985352	59254.468750
750.791016	58444.132813
749.595703	58569.484375
748.400391	58288.171875
747.205078	57996.800781
746.009766	57916.894531
744.813477	57402.179688
743.617188	57399.609375
742.420898	57876.394531
741.224609	56884.730469
740.027344	56293.425781
738.830078	56782.320313
737.632813	56503.820313
736.435547	56584.601563
735.238281	56346.816406
734.040039	56626.386719
732.841797	56469.800781
731.643555	56207.828125
730.445313	56582.546875
729.246094	56381.457031
728.046875	56227.046875
726.847656	56482.000000
725.648438	55883.957031
724.449219	56292.808594
723.249023	55684.894531
722.048828	56040.984375
720.848633	55819.992188
719.647461	56007.929688
718.447266	55710.121094
717.246094	56201.488281
716.044922	56326.531250
714.842773	56018.710938
713.641602	56056.785156
712.439453	56721.578125
711.237305	56547.257813
710.035156	56100.171875
708.832031	56311.960938
707.629883	56444.882813
706.426758	56218.218750
705.223633	56690.371094
704.019531	56913.996094
702.815430	56737.832031
701.612305	56507.238281
700.408203	56718.656250
699.203125	56706.042969
697.999023	56989.960938
696.793945	56856.289063
695.588867	57105.785156
694.383789	57472.121094
693.177734	57227.558594
691.971680	57488.933594
690.766602	57437.890625
689.559570	57537.957031
688.353516	57561.441406
687.146484	57963.511719
685.939453	57284.218750
684.732422	57017.851563
683.525391	56981.023438
682.318359	56650.414063
681.110352	56740.417969
679.902344	56480.375000
678.693359	57049.031250
677.485352	55908.292969
676.276367	56593.441406
675.067383	56741.648438
673.858398	56311.015625
672.649414	55952.871094
671.439453	56575.214844
670.229492	56763.472656
669.019531	56373.308594
667.809570	56388.863281
666.598633	56283.960938
665.387695	56221.246094
664.176758	56461.554688
662.965820	56442.964844
661.754883	56131.511719
660.542969	56365.679688
659.331055	56068.390625
658.119141	56364.625000
656.906250	56141.605469
655.694336	56183.199219
654.481445	55717.847656
653.268555	56256.312500
652.054688	56147.632813
650.841797	56151.136719
649.627930	56438.941406
648.414063	56058.039063
647.200195	56093.570313
645.985352	56201.125000
644.770508	56700.761719
643.555664	56840.160156
642.340820	57639.476563
641.125977	57148.785156
639.910156	57026.125000
638.694336	57213.316406
637.478516	57228.574219
636.262695	56798.257813
635.045898	57097.250000
633.829102	56830.894531
632.612305	57001.957031
631.395508	57053.164063
630.177734	56317.859375
628.959961	56143.644531
627.742188	55672.175781
626.524414	55929.070313
625.306641	55952.492188
624.087891	55894.132813
622.869141	56515.722656
621.650391	56237.988281
620.430664	55731.136719
619.211914	56025.582031
617.992188	56112.699219
616.772461	55932.847656
615.551758	56300.769531
614.332031	55953.675781
613.111328	56080.546875
611.890625	56241.210938
610.669922	55802.765625
609.448242	55848.007813
608.226563	55946.941406
607.004883	56181.093750
605.783203	56285.890625
604.561523	55917.429688
603.338867	56839.273438
602.116211	56446.988281
600.893555	56273.437500
599.669922	56302.605469
598.447266	56441.015625
597.223633	56219.890625
596.000000	56255.003906
594.775391	56500.542969
593.551758	56618.953125
592.327148	56618.238281
591.102539	56694.906250
589.877930	56771.542969
588.652344	57177.402344
587.426758	57006.027344
586.201172	57231.257813
584.975586	57789.437500
583.750000	57711.187500
582.523438	57684.488281
581.296875	57865.824219
580.070313	58665.117188
578.842773	58168.871094
577.616211	58637.121094
576.388672	58570.664063
575.161133	58999.070313
573.932617	58995.890625
572.705078	58691.957031
571.476563	59058.765625
570.248047	58523.519531
569.018555	57978.585938
567.790039	58181.210938
566.560547	58081.308594
565.331055	57499.203125
564.101563	57231.503906
562.871094	57212.832031
561.641602	57324.535156
560.411133	56583.031250
559.179688	56621.746094
557.949219	56376.164063
556.717773	56379.371094
555.486328	56386.515625
554.254883	56048.378906
553.023438	56185.777344
551.791016	56031.218750
550.558594	55892.496094
549.326172	55964.777344
548.093750	55960.152344
546.860352	55681.582031
545.627930	55826.761719
544.393555	55700.011719
543.160156	56189.824219
541.926758	55598.285156
540.692383	55463.769531
539.458008	55360.796875
538.223633	55535.378906
536.988281	55688.246094
535.752930	55260.648438
534.517578	55785.289063
533.282227	55452.230469
532.046875	56021.859375
530.810547	55618.097656
529.574219	55611.546875
528.337891	55994.117188
527.101563	56083.769531
525.864258	55900.320313
524.626953	56241.359375
523.389648	55718.210938
522.152344	56094.496094
520.914063	56003.433594
519.675781	56079.230469
518.437500	55841.027344
517.199219	56060.039063
515.959961	56167.156250
514.721680	56668.433594
513.482422	56181.261719
512.242188	56611.765625
511.002930	56575.601563
509.762695	56006.410156
508.522461	56181.980469
507.282227	55944.136719
506.041016	55996.253906
504.800781	55819.238281
503.559570	56002.527344
502.318359	55528.031250
501.076172	55842.433594
499.833984	56072.570313
498.592773	56103.066406
497.349609	55799.074219
496.107422	55839.382813
494.864258	56337.210938
493.622070	55990.328125
492.377930	56116.570313
491.134766	55916.417969
489.891602	55939.070313
488.647461	56284.027344
487.403320	56396.437500
486.158203	56524.421875
484.914063	56168.183594
483.668945	55804.269531
482.423828	56630.949219
481.178711	56661.226563
479.932617	56833.894531
478.686523	56513.031250
477.440430	56633.003906
476.194336	57062.941406
474.948242	57596.027344
473.701172	57183.644531
472.454102	56890.281250
471.207031	57308.144531
469.958984	57628.449219
468.711914	57339.054688
467.463867	57513.191406
466.215820	57757.343750
464.966797	57666.617188
463.718750	58212.281250
462.469727	58125.390625
461.220703	58042.417969
459.970703	58869.710938
458.721680	58942.187500
457.471680	58870.765625
456.221680	59574.960938
454.970703	59161.386719
453.720703	59805.019531
452.469727	59667.421875
451.218750	59846.480469
449.966797	60693.519531
448.715820	61128.609375
447.463867	61771.246094
446.211914	62145.789063
444.959961	62993.679688
443.707031	63472.617188
442.454102	63656.515625
441.201172	63291.484375
439.948242	63172.851563
438.695313	61951.136719
437.441406	61142.750000
436.187500	60009.085938
434.933594	59784.582031
433.678711	58700.031250
432.424805	58590.128906
431.169922	58894.675781
429.914063	57930.941406
428.659180	57830.917969
427.403320	57765.769531
426.147461	57855.441406
424.891602	57391.765625
423.635742	57642.015625
422.378906	57366.140625
421.122070	57067.164063
419.865234	57344.394531
418.608398	57192.425781
417.350586	56762.234375
416.092773	57441.230469
414.834961	56918.429688
413.577148	57311.289063
412.318359	56622.640625
411.059570	57324.304688
409.800781	57465.921875
408.541992	56980.265625
407.282227	57006.117188
406.022461	57093.687500
404.762695	56990.273438
403.502930	56825.183594
402.242188	56918.515625
400.981445	57013.738281
