#Wave		#Intensity
2001.221680	39633.007813
2000.251953	39530.238281
1999.282227	40392.945313
1998.312500	39787.046875
1997.342773	40266.113281
1996.372070	39552.738281
1995.402344	40277.097656
1994.431641	39982.117188
1993.460938	39752.328125
1992.490234	40203.437500
1991.518555	40051.265625
1990.547852	40176.886719
1989.576172	40304.960938
1988.604492	39997.769531
1987.632813	39853.238281
1986.661133	40356.355469
1985.689453	40134.312500
1984.716797	40117.300781
1983.745117	39905.371094
1982.772461	40073.304688
1981.799805	39863.945313
1980.827148	40418.980469
1979.853516	40179.664063
1978.880859	39977.886719
1977.907227	40120.687500
1976.933594	40196.046875
1975.959961	40341.250000
1974.986328	40122.113281
1974.011719	40207.406250
1973.038086	39930.992188
1972.063477	40103.570313
1971.088867	40181.335938
1970.114258	40196.750000
1969.138672	40369.183594
1968.164063	39886.132813
1967.188477	40158.226563
1966.212891	40415.277344
1965.237305	39920.011719
1964.261719	39883.148438
1963.286133	39904.238281
1962.309570	39925.351563
1961.333984	39946.441406
1960.357422	39967.554688
1959.380859	39988.667969
1958.404297	40009.777344
1957.426758	40030.910156
1956.450195	40052.023438
1955.472656	40073.156250
1954.495117	40094.289063
1953.517578	40115.421875
1952.540039	40136.554688
1951.561523	40157.710938
1950.583008	40178.863281
1949.605469	40200.000000
1948.626953	40221.152344
1947.647461	40526.964844
1946.668945	40321.269531
1945.690430	40587.242188
1944.710938	40763.781250
1943.731445	40746.722656
1942.751953	40573.375000
1941.772461	40211.578125
1940.791992	40402.933594
1939.812500	40234.691406
1938.832031	40034.281250
1937.851563	40228.039063
1936.871094	40310.210938
1935.890625	40335.359375
1934.909180	40201.953125
1933.928711	40492.140625
1932.947266	40408.277344
1931.965820	40628.992188
1930.984375	40356.988281
1930.002930	40305.367188
1929.020508	40357.699219
1928.038086	40461.972656
1927.056641	40217.390625
1926.074219	39923.429688
1925.090820	40425.867188
1924.108398	39924.273438
1923.125000	40399.339844
1922.142578	40614.710938
1921.159180	40338.230469
1920.175781	40390.457031
1919.191406	40484.664063
1918.208008	40341.722656
1917.223633	40522.332031
1916.240234	40273.257813
1915.255859	40636.496094
1914.271484	40580.007813
1913.286133	40859.156250
1912.301758	40351.121094
1911.316406	40413.117188
1910.331055	40605.816406
1909.345703	40860.097656
1908.360352	40665.546875
1907.375000	40618.972656
1906.388672	40629.101563
1905.402344	40651.546875
1904.416016	40678.910156
1903.429688	40698.871094
1902.443359	40292.722656
1901.457031	41002.269531
1900.469727	40556.808594
1899.482422	40608.777344
1898.495117	40414.593750
1897.507813	40537.925781
1896.520508	40712.886719
1895.532227	40378.558594
1894.543945	40351.796875
1893.556641	40836.542969
1892.568359	41102.292969
1891.579102	40428.886719
1890.590820	41051.000000
1889.601563	40783.308594
1888.613281	40356.003906
1887.624023	40562.636719
1886.634766	40666.042969
1885.644531	40565.585938
1884.655273	41385.886719
1883.665039	40602.894531
1882.674805	40941.832031
1881.684570	40890.472656
1880.694336	40898.011719
1879.704102	40912.906250
1878.712891	40927.796875
1877.722656	40530.699219
1876.731445	40621.652344
1875.740234	40898.878906
1874.748047	40722.578125
1873.756836	40815.894531
1872.764648	40747.472656
1871.773438	41169.003906
1870.781250	40150.238281
1869.788086	40760.281250
1868.795898	40758.015625
1867.803711	40816.945313
1866.810547	40782.851563
1865.817383	40787.917969
1864.824219	41042.539063
1863.831055	40939.925781
1862.837891	40759.078125
1861.843750	40974.437500
1860.849609	40891.445313
1859.855469	41067.593750
1858.861328	41138.582031
1857.867188	40989.617188
1856.872070	40962.863281
1855.877930	41075.359375
1854.882813	41051.039063
1853.887695	41051.144531
1852.892578	41087.871094
1851.896484	41122.144531
1850.901367	41468.804688
1849.905273	41032.031250
1848.909180	41244.394531
1847.913086	41571.328125
1846.916992	40539.671875
1845.919922	41203.125000
1844.923828	41371.414063
1843.926758	41722.464844
1842.929688	41312.988281
1841.932617	41254.546875
1840.935547	41461.683594
1839.937500	41415.414063
1838.939453	41632.187500
1837.942383	41210.902344
1836.943359	41544.496094
1835.945313	41868.234375
1834.947266	42099.375000
1833.948242	41997.062500
1832.949219	42245.125000
1831.951172	42057.683594
1830.951172	42089.191406
1829.952148	42288.468750
1828.953125	41972.257813
1827.953125	42149.605469
1826.953125	41891.859375
1825.953125	42100.746094
1824.953125	42222.093750
1823.952148	41889.160156
1822.952148	42083.359375
1821.951172	41823.414063
1820.950195	42027.261719
1819.949219	42422.800781
1818.948242	42262.429688
1817.946289	42119.101563
1816.945313	42223.277344
1815.943359	42375.929688
1814.941406	42334.511719
1813.939453	42259.156250
1812.936523	42215.343750
1811.934570	42523.015625
1810.931641	42273.167969
1809.928711	42767.296875
1808.925781	42767.023438
1807.921875	42509.996094
1806.918945	42512.191406
1805.915039	42633.027344
1804.912109	42591.617188
1803.908203	42470.343750
1802.903320	42779.886719
1801.899414	42820.738281
1800.894531	42658.355469
1799.890625	43129.757813
1798.885742	42911.753906
1797.880859	42928.363281
1796.875000	42973.976563
1795.870117	43135.593750
1794.864258	42700.234375
1793.858398	42728.945313
1792.852539	42455.667969
1791.846680	42916.765625
1790.840820	42831.914063
1789.833984	43046.496094
1788.828125	43058.210938
1787.821289	42833.382813
1786.814453	42794.449219
1785.806641	43269.468750
1784.799805	43083.312500
1783.791992	43924.726563
1782.784180	43461.191406
1781.776367	43125.605469
1780.768555	43330.132813
1779.760742	43819.003906
1778.751953	43789.578125
1777.743164	44005.925781
1776.735352	43716.300781
1775.725586	43913.312500
1774.716797	43590.089844
1773.708008	43681.109375
1772.698242	43991.160156
1771.688477	43814.910156
1770.678711	43686.847656
1769.668945	43864.398438
1768.659180	43844.621094
1767.648438	43649.273438
1766.637695	44112.894531
1765.626953	44162.804688
1764.616211	44260.773438
1763.605469	44683.179688
1762.593750	44704.121094
1761.583008	44357.449219
1760.571289	44548.996094
1759.559570	44517.105469
1758.547852	44660.523438
1757.535156	44695.847656
1756.523438	44685.546875
1755.510742	44524.042969
1754.498047	44619.359375
1753.485352	44604.273438
1752.472656	45200.890625
1751.458984	44873.914063
1750.445313	45165.726563
1749.432617	45076.222656
1748.417969	44869.292969
1747.404297	45053.093750
1746.390625	45507.609375
1745.375977	45339.039063
1744.361328	45251.972656
1743.346680	45636.750000
1742.332031	46265.632813
1741.317383	45733.132813
1740.302734	45871.058594
1739.287109	46111.847656
1738.271484	46134.796875
1737.255859	46801.308594
1736.240234	47278.613281
1735.223633	47432.878906
1734.208008	47582.304688
1733.191406	47626.480469
1732.174805	47912.066406
1731.158203	47977.671875
1730.140625	48155.562500
1729.124023	48529.292969
1728.106445	48790.621094
1727.088867	49106.781250
1726.071289	49429.996094
1725.053711	49094.171875
1724.035156	49531.843750
1723.017578	50019.472656
1721.999023	50151.398438
1720.980469	49903.949219
1719.961914	50231.437500
1718.942383	50625.582031
1717.923828	49860.750000
1716.904297	50819.828125
1715.884766	51142.144531
1714.865234	50799.441406
1713.844727	50628.417969
1712.825195	51007.769531
1711.804688	50341.328125
1710.784180	50837.281250
1709.763672	50630.648438
1708.743164	50105.082031
1707.722656	50522.261719
1706.701172	50037.351563
1705.679688	50097.488281
1704.658203	50328.882813
1703.636719	49694.410156
1702.615234	49704.628906
1701.592773	49738.617188
1700.571289	49962.773438
1699.548828	49768.523438
1698.526367	49807.226563
1697.502930	49539.414063
1696.480469	49696.921875
1695.457031	49709.488281
1694.433594	49375.335938
1693.410156	49209.875000
1692.386719	49419.546875
1691.363281	49451.132813
1690.338867	49482.703125
1689.314453	49262.765625
1688.290039	49742.699219
1687.265625	49629.519531
1686.241211	49476.062500
1685.215820	49841.894531
1684.191406	49422.953125
1683.166016	49594.312500
1682.140625	49711.105469
1681.115234	50240.105469
1680.088867	49866.390625
1679.062500	49999.648438
1678.037109	49924.472656
1677.010742	49811.437500
1675.983398	50302.066406
1674.957031	50011.496094
1673.930664	50213.222656
1672.903320	50282.382813
1671.875977	50382.269531
1670.848633	50595.640625
1669.820313	50532.273438
1668.792969	50400.363281
1667.764648	50649.066406
1666.736328	51089.113281
1665.708008	51068.226563
1664.679688	51146.574219
1663.651367	51309.925781
1662.622070	50592.300781
1661.592773	51478.242188
1660.563477	51398.273438
1659.534180	51500.082031
1658.504883	51210.093750
1657.474609	51524.261719
1656.444336	51890.214844
1655.415039	51267.718750
1654.383789	51791.593750
1653.353516	51390.976563
1652.323242	52166.894531
1651.291992	52348.546875
1650.260742	52030.523438
1649.229492	52167.363281
1648.198242	52216.984375
1647.166016	52339.609375
1646.134766	52469.250000
1645.102539	52716.570313
1644.070313	52464.722656
1643.038086	52944.972656
1642.004883	53248.550781
1640.972656	53130.847656
1639.939453	53297.835938
1638.906250	53902.250000
1637.873047	53718.640625
1636.839844	54193.441406
1635.805664	53941.671875
1634.772461	54482.066406
1633.738281	54719.125000
1632.704102	54817.468750
1631.668945	54723.152344
1630.634766	54704.019531
1629.599609	55229.703125
1628.565430	55344.312500
1627.530273	55562.171875
1626.494141	55887.910156
1625.458984	56218.226563
1624.422852	56787.738281
1623.387695	57117.773438
1622.351563	57124.023438
1621.315430	58206.609375
1620.278320	58669.847656
1619.242188	60178.398438
1618.205078	61484.847656
1617.167969	62814.265625
1616.130859	63749.605469
1615.093750	65659.070313
1614.055664	67427.328125
1613.018555	68839.031250
1611.980469	70051.226563
1610.942383	70462.429688
1609.904297	70192.445313
1608.865234	70109.742188
1607.827148	69535.765625
1606.788086	68227.507813
1605.749023	66091.812500
1604.709961	64976.363281
1603.669922	63173.980469
1602.630859	62391.363281
1601.590820	61279.503906
1600.550781	61004.546875
1599.510742	59648.019531
1598.470703	59504.253906
1597.429688	58405.363281
1596.389648	58595.761719
1595.348633	58062.382813
1594.307617	57526.855469
1593.265625	57525.937500
1592.224609	57200.687500
1591.182617	57729.386719
1590.140625	57686.441406
1589.098633	57044.171875
1588.056641	57365.093750
1587.014648	56793.042969
1585.971680	57293.359375
1584.928711	56872.996094
1583.886719	57088.859375
1582.842773	57451.410156
1581.799805	57329.363281
1580.755859	57298.179688
1579.712891	57767.589844
1578.668945	57654.859375
1577.625000	57779.566406
1576.580078	57999.640625
1575.536133	57791.527344
1574.491211	57885.898438
1573.446289	58457.023438
1572.401367	58593.089844
1571.356445	58503.585938
1570.311523	59162.621094
1569.265625	58364.175781
1568.219727	58146.945313
1567.173828	58457.187500
1566.127930	57794.015625
1565.082031	57790.667969
1564.035156	57387.917969
1562.988281	57157.113281
1561.941406	57144.589844
1560.894531	56407.964844
1559.847656	56592.808594
1558.799805	56615.183594
1557.751953	56264.093750
1556.704102	56437.261719
1555.656250	56740.214844
1554.608398	56885.410156
1553.560547	56133.511719
1552.511719	56607.847656
1551.462891	56377.609375
1550.414063	56705.777344
1549.365234	56475.597656
1548.315430	56048.652344
1547.265625	56337.332031
1546.216797	55998.531250
1545.166992	56747.722656
1544.116211	55916.035156
1543.066406	56484.492188
1542.015625	56557.679688
1540.965820	56443.488281
1539.915039	56703.968750
1538.863281	56282.269531
1537.812500	56135.816406
1536.760742	55587.246094
1535.709961	55746.003906
1534.658203	55232.351563
1533.605469	55088.488281
1532.553711	55258.792969
1531.501953	54951.019531
1530.449219	54500.203125
1529.396484	54465.066406
1528.343750	54600.730469
1527.290039	54198.671875
1526.237305	53870.585938
1525.183594	53249.652344
1524.129883	53560.710938
1523.076172	53136.058594
1522.022461	52817.609375
1520.968750	53015.621094
1519.914063	52741.093750
1518.859375	52747.789063
1517.804688	52980.257813
1516.750000	52763.464844
1515.694336	52422.378906
1514.639648	52505.101563
1513.583984	52799.601563
1512.528320	52681.964844
1511.472656	52543.656250
1510.416016	52497.433594
1509.360352	52442.023438
1508.303711	52368.230469
1507.247070	51783.910156
1506.190430	52039.066406
1505.132813	52351.601563
1504.076172	52493.929688
1503.018555	51645.714844
1501.960938	52270.632813
1500.903320	51647.890625
1499.844727	51629.453125
1498.787109	51397.449219
1497.728516	50938.210938
1496.669922	51266.546875
1495.611328	51257.363281
1494.552734	50979.683594
1493.493164	50789.292969
1492.434570	50738.898438
1491.375000	50245.859375
1490.315430	50718.425781
1489.254883	50580.937500
1488.195313	50879.050781
1487.134766	50707.203125
1486.074219	49957.945313
1485.013672	50180.394531
1483.953125	50386.730469
1482.892578	50112.019531
1481.831055	50185.472656
1480.769531	49908.605469
1479.708008	50156.031250
1478.646484	50060.070313
1477.583984	50142.625000
1476.522461	49902.558594
1475.459961	49845.574219
1474.397461	50136.234375
1473.334961	50257.578125
1472.271484	49919.351563
1471.208984	49752.675781
1470.145508	49771.175781
1469.082031	49737.113281
1468.018555	50217.085938
1466.954102	49988.796875
1465.890625	50331.527344
1464.826172	50094.160156
1463.761719	50260.957031
1462.697266	49802.281250
1461.631836	50398.101563
1460.567383	50722.183594
1459.501953	50507.765625
1458.436523	50573.968750
1457.371094	50973.093750
1456.305664	50674.375000
1455.239258	50945.675781
1454.172852	51169.011719
1453.107422	50854.460938
1452.040039	50779.253906
1450.973633	51273.578125
1449.907227	50952.339844
1448.839844	50544.679688
1447.772461	50959.085938
1446.705078	51712.519531
1445.637695	51411.906250
1444.569336	51061.335938
1443.500977	51416.187500
1442.432617	51140.808594
1441.364258	51506.886719
1440.295898	51474.890625
1439.227539	52327.304688
1438.158203	51863.281250
1437.088867	52310.773438
1436.019531	52435.441406
1434.950195	52430.558594
1433.879883	52484.738281
1432.810547	52731.937500
1431.740234	52459.062500
1430.669922	52324.765625
1429.598633	52787.488281
1428.528320	52637.292969
1427.457031	52503.035156
1426.386719	52840.691406
1425.314453	52608.906250
1424.243164	52415.753906
1423.171875	53267.937500
1422.099609	52249.550781
1421.027344	52113.222656
1419.955078	52201.296875
1418.882813	52028.773438
1417.810547	51851.777344
1416.737305	51668.046875
1415.664063	51762.921875
1414.590820	52036.625000
1413.517578	51877.859375
1412.444336	51814.203125
1411.370117	51721.152344
1410.295898	51926.785156
1409.221680	52127.816406
1408.147461	51826.675781
1407.073242	51869.355469
1405.998047	52181.066406
1404.922852	52212.363281
1403.847656	52336.308594
1402.772461	52164.191406
1401.697266	52593.093750
1400.621094	52518.117188
1399.544922	52709.664063
1398.468750	52828.878906
1397.392578	52932.250000
1396.316406	53062.664063
1395.239258	53434.507813
1394.162109	53745.292969
1393.084961	53970.238281
1392.007813	54116.152344
1390.930664	54273.289063
1389.852539	54872.300781
1388.774414	55155.484375
1387.696289	55283.039063
1386.618164	56172.250000
1385.540039	55792.613281
1384.460938	56305.195313
1383.382813	56650.921875
1382.303711	56859.148438
1381.223633	57191.132813
1380.144531	57507.238281
1379.064453	57229.039063
1377.985352	57952.324219
1376.905273	57869.882813
1375.825195	57987.671875
1374.744141	57471.171875
1373.664063	56810.937500
1372.583008	57356.019531
1371.501953	57341.183594
1370.420898	56834.148438
1369.338867	56405.945313
1368.257813	55917.234375
1367.175781	55949.828125
1366.093750	55429.925781
1365.011719	55107.812500
1363.929688	55039.500000
1362.846680	54766.949219
1361.763672	54525.914063
1360.680664	54587.878906
1359.597656	53700.847656
1358.514648	53877.332031
1357.430664	53524.488281
1356.346680	53916.183594
1355.262695	53498.445313
1354.178711	53504.480469
1353.094727	53698.753906
1352.009766	53272.312500
1350.925781	53117.082031
1349.840820	53060.460938
1348.755859	53431.574219
1347.669922	52694.261719
1346.584961	53112.316406
1345.499023	52782.667969
1344.413086	52688.101563
1343.327148	53090.261719
1342.240234	52559.464844
1341.154297	52641.667969
1340.067383	52880.375000
1338.980469	52647.250000
1337.893555	53002.097656
1336.805664	52793.617188
1335.718750	53143.835938
1334.630859	53091.789063
1333.542969	52876.691406
1332.455078	53034.636719
1331.367188	52792.832031
1330.278320	52859.199219
1329.189453	52965.714844
1328.100586	52799.921875
1327.011719	52814.925781
1325.922852	53215.863281
1324.833008	53518.515625
1323.743164	53656.027344
1322.653320	53628.488281
1321.563477	53730.257813
1320.473633	54061.562500
1319.382813	54051.789063
1318.291992	53551.839844
1317.201172	53684.726563
1316.110352	53467.882813
1315.019531	53689.804688
1313.927734	54185.503906
1312.835938	53596.925781
1311.744141	53751.929688
1310.652344	53980.308594
1309.560547	54097.363281
1308.467773	54316.695313
1307.375000	54015.515625
1306.282227	54170.292969
1305.189453	54409.496094
1304.095703	54693.066406
1303.002930	54445.367188
1301.909180	54117.761719
1300.815430	54347.902344
1299.721680	54980.003906
1298.626953	54548.093750
1297.533203	54198.496094
1296.438477	54823.613281
1295.343750	54815.906250
1294.248047	54890.312500
1293.153320	55031.253906
1292.057617	56019.578125
1290.961914	55217.601563
1289.866211	55427.148438
1288.770508	55394.937500
1287.674805	55404.855469
1286.578125	55554.402344
1285.481445	55362.628906
1284.384766	55425.714844
1283.288086	55347.003906
1282.190430	55148.718750
1281.092773	55692.328125
1279.996094	54964.902344
1278.897461	54647.250000
1277.799805	55022.445313
1276.702148	55112.050781
1275.603516	55026.839844
1274.504883	54505.898438
1273.406250	54531.402344
1272.307617	54523.730469
1271.208008	54011.996094
1270.108398	53750.218750
1269.008789	53616.714844
1267.909180	54428.964844
1266.809570	54162.832031
1265.708984	53870.285156
1264.609375	53736.847656
1263.508789	53243.550781
1262.407227	53145.593750
1261.306641	53336.808594
1260.206055	53265.343750
1259.104492	53083.585938
1258.002930	52994.539063
1256.901367	53187.839844
1255.798828	53268.605469
1254.697266	52895.152344
1253.594727	52581.347656
1252.492188	52765.757813
1251.389648	52674.652344
1250.286133	52158.359375
1249.183594	52292.074219
1248.080078	52055.738281
1246.976563	51777.648438
1245.872070	52195.359375
1244.768555	52082.429688
1243.664063	51846.292969
1242.560547	51678.453125
1241.455078	51649.269531
1240.350586	51877.449219
1239.246094	51221.464844
1238.140625	51295.718750
1237.035156	51207.261719
1235.929688	51030.914063
1234.824219	51415.015625
1233.717773	51045.339844
1232.612305	51218.402344
1231.505859	50745.656250
1230.399414	50861.613281
1229.291992	50874.328125
1228.185547	50555.562500
1227.078125	50412.492188
1225.970703	50603.023438
1224.863281	50942.675781
1223.755859	50290.691406
1222.647461	50981.187500
1221.539063	50594.757813
1220.430664	50256.699219
1219.322266	49835.468750
1218.213867	50512.386719
1217.104492	49869.941406
1215.995117	49939.746094
1214.885742	50357.796875
1213.776367	50162.488281
1212.666992	49737.339844
1211.556641	50041.355469
1210.446289	49857.148438
1209.335938	49996.898438
1208.225586	49970.300781
1207.115234	50179.976563
1206.003906	50070.234375
1204.892578	50391.339844
1203.781250	50314.394531
1202.669922	50160.960938
1201.557617	50562.738281
1200.446289	50254.160156
1199.333984	50360.812500
1198.221680	50393.152344
1197.108398	50943.101563
1195.996094	51134.726563
1194.882813	51057.742188
1193.769531	51279.832031
1192.656250	50823.093750
1191.542969	51165.152344
1190.428711	51230.015625
1189.314453	51144.347656
1188.200195	51691.160156
1187.085938	51160.613281
1185.971680	51484.851563
1184.856445	51305.460938
1183.741211	51585.964844
1182.625977	51872.898438
1181.510742	51495.285156
1180.395508	51194.042969
1179.279297	51443.863281
1178.163086	51441.023438
1177.046875	51566.621094
1175.930664	51759.644531
1174.813477	52072.277344
1173.697266	51566.726563
1172.580078	51707.429688
1171.462891	51145.574219
1170.344727	51755.996094
1169.227539	51629.160156
1168.109375	51495.851563
1166.991211	51868.972656
1165.873047	51351.046875
1164.754883	50965.835938
1163.635742	51388.804688
1162.516602	51320.800781
1161.397461	51263.671875
1160.278320	51829.632813
1159.159180	51559.714844
1158.039063	51680.523438
1156.918945	51013.656250
1155.798828	51466.429688
1154.678711	51142.542969
1153.558594	51193.933594
1152.437500	51223.625000
1151.316406	51795.250000
1150.195313	51829.152344
1149.074219	52068.902344
1147.952148	51762.574219
1146.831055	52093.226563
1145.708984	52211.507813
1144.586914	52682.703125
1143.463867	52608.140625
1142.341797	53403.785156
1141.218750	53305.304688
1140.095703	53498.976563
1138.972656	53365.894531
1137.849609	53576.785156
1136.725586	53424.269531
1135.601563	53630.742188
1134.477539	53359.363281
1133.353516	52995.140625
1132.229492	53525.734375
1131.104492	52800.769531
1129.979492	53419.773438
1128.854492	52885.164063
1127.729492	52579.652344
1126.603516	52703.914063
1125.478516	52722.351563
1124.352539	52885.386719
1123.226563	52718.195313
1122.099609	52533.804688
1120.973633	52211.421875
1119.846680	52355.011719
1118.719727	52095.308594
1117.592773	52016.796875
1116.465820	52013.757813
1115.337891	52122.785156
1114.209961	51568.101563
1113.082031	51733.179688
1111.954102	51320.929688
1110.826172	51770.261719
1109.697266	51407.675781
1108.568359	51363.832031
1107.439453	51326.457031
1106.310547	51366.570313
1105.180664	51230.230469
1104.051758	50704.566406
1102.921875	51377.113281
1101.791992	51593.511719
1100.661133	51182.015625
1099.531250	50944.789063
1098.400391	51223.472656
1097.269531	51551.476563
1096.138672	51578.570313
1095.006836	51210.402344
1093.875977	51029.218750
1092.744141	51316.207031
1091.612305	51278.910156
1090.480469	50838.074219
1089.347656	51112.058594
1088.215820	50980.398438
1087.083008	50454.042969
1085.950195	50502.718750
1084.816406	50658.605469
1083.683594	50668.628906
1082.549805	50408.535156
1081.416016	50225.691406
1080.282227	50497.226563
1079.148438	50747.234375
1078.013672	50521.578125
1076.878906	50578.722656
1075.744141	50856.410156
1074.609375	50532.367188
1073.474609	50591.609375
1072.338867	50408.984375
1071.203125	50044.535156
1070.067383	50426.886719
1068.931641	50387.703125
1067.794922	50171.019531
1066.659180	50258.050781
1065.522461	49787.058594
1064.385742	50421.320313
1063.248047	50279.582031
1062.111328	50466.941406
1060.973633	50346.605469
1059.835938	50367.281250
1058.698242	50526.753906
1057.559570	50453.437500
1056.421875	50277.679688
1055.283203	50377.312500
1054.144531	50218.699219
1053.005859	50303.367188
1051.866211	50552.261719
1050.726563	50082.304688
1049.587891	50736.300781
1048.447266	50262.214844
1047.307617	50860.507813
1046.167969	50469.691406
1045.027344	50948.394531
1043.886719	50753.699219
1042.746094	50214.003906
1041.604492	50788.320313
1040.463867	50744.933594
1039.322266	51131.593750
1038.180664	51177.554688
1037.038086	50940.453125
1035.896484	50750.250000
1034.753906	50694.132813
1033.611328	50933.679688
1032.468750	50769.093750
1031.326172	50876.714844
1030.182617	51360.550781
1029.040039	51134.332031
1027.896484	51095.195313
1026.751953	51041.195313
1025.608398	51178.394531
1024.463867	51313.417969
1023.319336	50824.097656
1022.174805	51128.972656
1021.030273	51098.355469
1019.885742	51447.632813
1018.740234	51283.285156
1017.594727	51556.019531
1016.449219	51493.523438
1015.303711	51174.441406
1014.157227	51667.550781
1013.010742	51282.832031
1011.864258	51557.425781
1010.717773	51541.593750
1009.571289	51025.742188
1008.423828	51817.101563
1007.276367	51242.082031
1006.128906	51577.828125
1004.981445	51229.597656
1003.833008	51982.226563
1002.684570	52309.179688
1001.536133	51624.550781
1000.387695	52761.730469
999.239258	52037.078125
998.089844	52492.777344
996.941406	52563.472656
995.791992	52574.945313
994.641602	52453.250000
993.492188	52132.949219
992.341797	51983.906250
991.191406	52477.125000
990.041016	52201.343750
988.890625	52027.023438
987.739258	51935.105469
986.588867	51999.433594
985.437500	52382.433594
984.285156	51813.593750
983.133789	51709.117188
981.981445	52302.894531
980.829102	52327.011719
979.676758	52064.343750
978.524414	52035.785156
977.372070	51962.968750
976.218750	52362.253906
975.065430	52470.609375
973.912109	52321.906250
972.757813	52027.921875
971.604492	51982.539063
970.450195	52297.218750
969.295898	52312.847656
968.141602	52785.203125
966.986328	52912.265625
965.832031	52767.863281
964.676758	52476.261719
963.521484	52090.121094
962.365234	52955.296875
961.209961	52319.015625
960.053711	53116.558594
958.897461	52869.285156
957.741211	52596.882813
956.584961	52940.140625
955.427734	52932.484375
954.270508	52681.214844
953.113281	52780.687500
951.956055	52884.324219
950.797852	52801.113281
949.639648	52487.085938
948.481445	52636.871094
947.323242	52683.804688
946.165039	52990.796875
945.005859	52716.804688
943.847656	52057.128906
942.687500	51835.808594
941.528320	52528.355469
940.369141	52263.019531
939.208984	52404.226563
938.048828	52509.769531
936.888672	52435.156250
935.728516	52607.656250
934.567383	52614.695313
933.406250	52728.484375
932.245117	52469.714844
931.083984	52529.082031
929.922852	52741.136719
928.760742	52756.503906
927.598633	53372.039063
926.436523	53387.277344
925.274414	52773.285156
924.111328	53263.066406
922.948242	53213.527344
921.785156	53473.222656
920.622070	53087.347656
919.458984	54426.726563
918.294922	53836.175781
917.130859	53705.144531
915.966797	53615.906250
914.802734	53760.437500
913.637695	54067.671875
912.472656	54063.941406
911.307617	54308.425781
910.142578	54156.582031
908.977539	54492.695313
907.811523	54219.957031
906.645508	54887.328125
905.479492	54645.875000
904.313477	54592.023438
903.146484	54734.000000
901.980469	54142.800781
900.813477	54078.652344
899.646484	53854.214844
898.478516	53829.687500
897.311523	54100.699219
896.143555	54123.988281
894.975586	53945.468750
893.806641	53492.445313
892.638672	54127.246094
891.469727	53973.769531
890.300781	53970.023438
889.131836	53704.386719
887.962891	53709.000000
886.792969	54222.652344
885.623047	53936.335938
884.453125	54104.976563
883.283203	54151.035156
882.112305	53918.863281
880.942383	54131.000000
879.771484	54440.597656
878.600586	54517.675781
877.428711	54831.234375
876.257813	54893.687500
875.085938	55144.835938
873.914063	55161.585938
872.741211	55628.195313
871.569336	55429.277344
870.396484	55673.914063
869.223633	55317.589844
868.050781	55346.707031
866.877930	55812.835938
865.704102	56082.062500
864.530273	56173.128906
863.356445	56359.378906
862.182617	56642.835938
861.007813	57188.984375
859.833984	57635.617188
858.659180	57231.921875
857.484375	57798.332031
856.308594	57773.148438
855.133789	57582.582031
853.958008	57020.027344
852.782227	57052.859375
851.605469	57015.425781
850.429688	56544.175781
849.252930	57196.710938
848.076172	56773.093750
846.899414	57456.304688
845.722656	57650.023438
844.544922	57953.050781
843.367188	58171.363281
842.189453	57661.292969
841.011719	58407.640625
839.833008	58677.296875
838.655273	59761.343750
837.476563	59892.515625
836.296875	59491.832031
835.118164	60461.769531
833.938477	60683.390625
832.758789	59821.312500
831.579102	59663.972656
830.399414	59251.332031
829.219727	58437.347656
828.039063	57607.191406
826.858398	57450.371094
825.677734	57203.058594
824.496094	56807.703125
823.315430	56480.375000
822.133789	55708.925781
820.952148	55242.089844
819.769531	55649.183594
818.587891	55423.023438
817.405273	55554.539063
816.222656	54673.007813
815.040039	54679.292969
813.856445	54806.757813
812.673828	54667.203125
811.490234	54441.460938
810.305664	54486.777344
809.122070	54480.761719
807.938477	54407.027344
806.753906	54493.351563
805.569336	54224.761719
804.383789	54391.070313
803.199219	53792.453125
802.013672	53815.261719
800.828125	54016.390625
799.642578	53866.992188
798.457031	53768.875000
797.270508	53416.753906
796.083984	53726.359375
794.897461	53130.675781
793.710938	53018.421875
792.523438	52848.890625
791.336914	52757.195313
790.149414	52745.339844
788.961914	52680.292969
787.773438	52445.476563
786.585938	52327.328125
785.397461	52348.269531
784.208984	52440.757813
783.019531	52373.769531
781.831055	51975.722656
780.641602	52250.078125
779.452148	51899.187500
778.262695	51865.019531
777.072266	51830.867188
775.882813	51900.851563
774.692383	51638.058594
773.501953	51920.320313
772.310547	51584.152344
771.120117	51758.175781
769.928711	51668.988281
768.737305	51857.207031
767.544922	51821.042969
766.353516	51562.667969
765.161133	52362.312500
763.968750	52048.898438
762.776367	51866.007813
761.583984	52011.183594
760.390625	52453.683594
759.197266	52250.449219
758.003906	52723.277344
756.810547	53195.929688
755.616211	53456.726563
754.421875	53479.328125
753.227539	53115.343750
752.033203	53552.980469
750.838867	53244.027344
749.643555	53268.675781
748.448242	53018.847656
747.252930	52850.414063
746.057617	52623.109375
744.861328	52233.328125
743.665039	51975.738281
742.468750	52299.167969
741.272461	51938.089844
740.075195	52070.539063
738.878906	51744.140625
737.681641	51202.718750
736.484375	51400.160156
735.286133	51735.496094
734.087891	51378.964844
732.890625	50888.710938
731.691406	51651.808594
730.493164	51183.980469
729.294922	51304.164063
728.095703	51610.750000
726.896484	51234.367188
725.696289	51322.054688
724.497070	50891.171875
723.296875	51351.507813
722.096680	51449.238281
720.896484	50984.152344
719.696289	50837.007813
718.495117	51050.117188
717.293945	51020.359375
716.092773	50931.941406
714.891602	51246.035156
713.689453	51175.804688
712.487305	51010.578125
711.285156	51065.738281
710.083008	50787.414063
708.880859	50664.777344
707.677734	50889.664063
706.474609	50823.605469
705.271484	50993.847656
704.068359	51123.640625
702.864258	51140.335938
701.660156	50426.378906
700.456055	51014.281250
699.251953	50863.519531
698.046875	50835.863281
696.841797	50911.070313
695.636719	50929.789063
694.431641	50708.582031
693.226563	51021.621094
692.020508	51461.503906
690.814453	51542.558594
689.608398	51164.257813
688.402344	51382.300781
687.195313	51263.949219
685.988281	51516.113281
684.781250	51866.824219
683.574219	51478.738281
682.366211	51169.277344
681.158203	51497.714844
679.950195	51200.433594
678.742188	51512.648438
677.534180	51860.937500
676.325195	51670.300781
675.116211	51626.464844
673.907227	52107.167969
672.697266	52033.125000
671.488281	52525.625000
670.278320	52206.476563
669.068359	52120.398438
667.858398	52142.769531
666.647461	52408.031250
665.436523	51918.539063
664.225586	51878.718750
663.014648	52196.039063
661.802734	51179.292969
660.591797	51883.687500
659.379883	51214.273438
658.167969	51848.226563
656.955078	51309.347656
655.743164	51089.316406
654.530273	51185.945313
653.317383	51438.792969
652.103516	51347.039063
650.890625	51519.656250
649.676758	51495.988281
648.462891	51482.339844
647.249023	51532.738281
646.034180	51787.222656
644.819336	51453.414063
643.604492	51573.792969
642.389648	51458.132813
641.174805	51724.429688
639.958984	51794.703125
638.743164	51399.226563
637.527344	51059.851563
636.311523	51675.671875
635.094727	51610.050781
633.877930	52011.824219
632.661133	52028.031250
631.444336	51708.812500
630.226563	52044.457031
629.008789	52074.613281
627.791016	51500.140625
626.573242	51628.144531
625.355469	51883.753906
624.136719	51660.632813
622.917969	51469.492188
621.699219	51896.429688
620.480469	52040.167969
619.260742	51946.707031
618.041016	52008.691406
616.821289	51465.058594
615.601563	51608.761719
614.380859	52039.160156
613.160156	51452.019531
611.939453	51559.808594
610.718750	51794.925781
609.497070	51626.015625
608.276367	51817.261719
607.054688	51513.152344
605.832031	51841.558594
604.610352	51734.398438
603.387695	51869.804688
602.165039	51673.234375
600.942383	52043.085938
599.719727	51582.300781
598.496094	51922.230469
597.272461	51584.773438
596.048828	51900.742188
594.825195	51867.171875
593.600586	51061.453125
592.375977	51996.531250
591.151367	51808.179688
589.926758	51556.414063
588.701172	51255.156250
587.476563	52120.074219
586.250977	51737.527344
585.024414	52096.523438
583.798828	52011.414063
582.572266	51960.027344
581.345703	51845.253906
580.119141	51764.195313
578.892578	52172.347656
577.665039	52281.347656
576.437500	52299.234375
575.209961	52093.441406
573.982422	51893.660156
572.753906	52089.679688
571.525391	52722.820313
570.296875	52451.820313
569.068359	52204.652344
567.838867	52277.871094
566.610352	52105.941406
565.380859	52080.328125
564.150391	52214.777344
562.920898	52317.566406
561.690430	52449.945313
560.459961	52392.675781
559.229492	52353.195313
557.999023	52629.597656
556.767578	52045.316406
555.536133	52301.933594
554.304688	52296.035156
553.073242	52562.367188
551.840820	52284.234375
550.608398	51852.394531
549.375977	52100.906250
548.143555	52197.539063
546.910156	52325.667969
545.676758	52418.277344
544.443359	51955.285156
543.209961	52012.468750
541.975586	52288.226563
540.742188	52418.175781
539.507813	52278.371094
538.272461	52221.285156
537.038086	52549.917969
535.802734	52471.156250
534.567383	52103.250000
533.332031	52073.761719
532.096680	52712.855469
530.860352	52529.910156
529.624023	52569.152344
528.387695	52629.992188
527.151367	52510.035156
525.914063	52674.980469
524.676758	52598.265625
523.439453	52590.312500
522.202148	52796.371094
520.963867	52621.519531
519.725586	52550.753906
518.487305	52927.417969
517.249023	52727.125000
516.009766	52426.867188
514.771484	52662.128906
513.532227	52503.171875
512.291992	52661.867188
511.052734	52708.773438
509.812500	52426.425781
508.572266	52302.890625
507.332031	52341.996094
506.090820	52445.714844
504.850586	52639.476563
503.609375	52617.792969
502.368164	52463.003906
501.125977	52805.386719
499.884766	52691.707031
498.642578	53166.945313
497.400391	52665.945313
496.157227	52908.281250
494.915039	53097.726563
493.671875	52786.644531
492.428711	53071.812500
491.184570	52950.398438
489.941406	52819.261719
488.697266	53407.035156
487.453125	53318.824219
486.208984	53257.980469
484.963867	53070.257813
483.718750	53542.363281
482.473633	53424.910156
481.228516	53436.277344
479.982422	53517.867188
478.737305	53470.695313
477.491211	53981.269531
476.244141	53585.015625
474.998047	54114.867188
473.750977	54129.972656
472.503906	53685.191406
471.256836	53830.902344
470.009766	54175.242188
468.761719	54291.589844
467.513672	54464.355469
466.265625	54366.449219
465.017578	54753.242188
463.768555	54731.207031
462.519531	55158.636719
461.270508	54971.175781
460.021484	55495.644531
458.771484	55463.753906
457.521484	55884.878906
456.271484	55518.578125
455.021484	56026.984375
453.770508	55917.281250
452.519531	56468.156250
451.268555	56628.398438
450.017578	56693.417969
448.765625	56931.218750
447.514648	57867.785156
446.262695	58245.015625
445.009766	58744.351563
443.757813	59532.585938
442.504883	58970.402344
441.251953	58899.113281
439.999023	58827.847656
438.745117	57959.792969
437.492188	57378.941406
436.238281	56891.332031
434.983398	56210.140625
433.729492	56247.921875
432.474609	55458.640625
431.219727	55264.164063
429.964844	55319.519531
428.709961	54964.468750
427.454102	55135.984375
426.198242	55034.585938
424.942383	54592.722656
423.685547	54425.695313
422.429688	54821.507813
421.172852	54960.000000
419.916016	54301.953125
418.658203	54772.937500
417.401367	54520.992188
416.143555	54810.132813
414.885742	54716.671875
413.626953	54729.472656
412.369141	54510.542969
411.110352	54573.566406
409.851563	54414.585938
408.591797	54801.824219
407.333008	54783.710938
406.073242	54763.671875
404.813477	54477.460938
403.553711	54758.320313
402.292969	54670.804688
401.032227	54812.718750
