#Wave		#Intensity
2001.110352	36774.847656
2000.140625	36381.332031
1999.170898	36475.222656
1998.201172	36596.640625
1997.231445	36793.167969
1996.261719	36766.707031
1995.291016	36835.417969
1994.320313	36626.175781
1993.349609	36381.957031
1992.378906	37131.500000
1991.408203	37074.964844
1990.436523	36700.679688
1989.464844	37119.550781
1988.494141	36810.421875
1987.522461	36864.011719
1986.549805	37197.617188
1985.578125	36656.140625
1984.606445	36897.183594
1983.633789	36923.226563
1982.661133	37129.156250
1981.688477	37197.613281
1980.715820	36948.835938
1979.742188	36812.519531
1978.769531	36831.058594
1977.795898	37011.851563
1976.822266	37075.269531
1975.848633	36976.457031
1974.875000	36780.367188
1973.900391	37305.300781
1972.925781	37181.550781
1971.952148	37397.000000
1970.977539	36764.628906
1970.002930	37177.011719
1969.027344	36948.683594
1968.052734	36899.855469
1967.077148	37050.378906
1966.101563	36911.867188
1965.125977	36878.015625
1964.150391	36784.402344
1963.174805	37119.085938
1962.198242	37254.492188
1961.221680	36904.492188
1960.245117	37552.531250
1959.268555	37172.742188
1958.291992	37402.570313
1957.315430	37393.542969
1956.337891	37091.066406
1955.360352	37823.035156
1954.382813	37540.476563
1953.405273	37635.816406
1952.427734	37589.468750
1951.449219	37664.886719
1950.471680	37611.093750
1949.493164	37274.167969
1948.514648	37491.148438
1947.536133	37755.222656
1946.556641	37291.839844
1945.578125	37694.847656
1944.598633	37199.371094
1943.619141	37356.617188
1942.639648	37543.578125
1941.660156	37509.718750
1940.680664	37632.105469
1939.700195	37407.328125
1938.719727	37700.738281
1937.739258	37961.820313
1936.758789	37357.941406
1935.778320	37257.246094
1934.797852	37612.402344
1933.816406	37581.046875
1932.834961	37505.125000
1931.853516	38055.648438
1930.872070	37779.148438
1929.890625	37742.832031
1928.908203	37946.566406
1927.925781	37375.792969
1926.944336	37492.933594
1925.960938	37555.617188
1924.978516	37524.308594
1923.996094	37836.687500
1923.012695	37508.687500
1922.030273	37677.597656
1921.046875	37947.769531
1920.062500	38212.906250
1919.079102	37798.601563
1918.095703	37858.664063
1917.111328	37634.714844
1916.126953	38213.277344
1915.142578	37878.253906
1914.158203	37913.574219
1913.173828	38447.359375
1912.188477	37621.472656
1911.204102	37876.363281
1910.218750	38042.375000
1909.233398	38102.285156
1908.247070	38179.433594
1907.261719	37842.406250
1906.275391	38188.222656
1905.290039	37954.812500
1904.303711	38394.109375
1903.317383	37953.816406
1902.330078	38124.492188
1901.343750	38127.652344
1900.356445	38322.859375
1899.369141	38355.523438
1898.381836	38119.894531
1897.394531	38403.582031
1896.407227	38131.121094
1895.418945	38220.371094
1894.431641	38466.992188
1893.443359	38231.546875
1892.455078	38079.773438
1891.466797	37866.601563
1890.477539	38017.253906
1889.489258	38005.664063
1888.500000	38303.652344
1887.510742	38171.644531
1886.521484	38047.054688
1885.531250	38087.031250
1884.541992	38244.839844
1883.551758	38427.144531
1882.561523	38614.289063
1881.571289	38720.390625
1880.581055	38539.390625
1879.590820	38574.324219
1878.599609	38471.898438
1877.608398	38536.253906
1876.618164	38348.054688
1875.625977	38628.125000
1874.634766	38459.578125
1873.643555	38379.308594
1872.651367	38580.820313
1871.659180	38694.070313
1870.666992	38302.750000
1869.674805	38609.460938
1868.682617	38791.195313
1867.689453	38818.648438
1866.697266	38753.089844
1865.704102	38875.968750
1864.710938	38790.847656
1863.717773	38749.781250
1862.723633	38926.402344
1861.730469	39034.488281
1860.736328	38323.500000
1859.742188	38842.320313
1858.748047	38813.492188
1857.752930	38923.960938
1856.758789	39034.390625
1855.763672	39152.105469
1854.768555	39369.910156
1853.773438	39116.359375
1852.778320	39214.460938
1851.783203	39214.886719
1850.787109	39273.886719
1849.791016	39174.253906
1848.795898	38833.117188
1847.798828	39258.042969
1846.802734	39475.511719
1845.806641	39012.578125
1844.809570	39622.531250
1843.812500	39435.179688
1842.815430	39581.781250
1841.818359	39379.878906
1840.821289	39056.230469
1839.823242	39271.019531
1838.826172	39195.917969
1837.828125	39454.433594
1836.830078	39459.660156
1835.831055	39576.859375
1834.833008	39684.277344
1833.833984	39869.519531
1832.834961	40037.667969
1831.835938	39334.941406
1830.836914	39687.953125
1829.837891	39683.398438
1828.837891	39744.480469
1827.838867	39577.054688
1826.838867	39732.914063
1825.838867	39582.554688
1824.838867	40158.648438
1823.837891	40083.562500
1822.837891	39938.074219
1821.836914	40164.144531
1820.835938	39834.179688
1819.834961	40516.515625
1818.833008	39965.757813
1817.832031	40016.953125
1816.830078	40179.722656
1815.828125	40153.238281
1814.826172	40192.238281
1813.824219	40682.226563
1812.822266	40582.933594
1811.819336	39778.324219
1810.816406	40214.808594
1809.813477	40578.441406
1808.810547	39783.945313
1807.807617	40307.386719
1806.803711	40075.058594
1805.800781	40423.929688
1804.796875	40181.976563
1803.792969	40373.367188
1802.789063	40516.292969
1801.784180	40743.851563
1800.780273	40637.480469
1799.775391	40381.179688
1798.770508	40528.832031
1797.765625	41031.863281
1796.760742	40881.996094
1795.754883	40853.031250
1794.749023	40814.406250
1793.744141	40577.667969
1792.738281	40821.750000
1791.731445	40396.695313
1790.725586	41135.777344
1789.718750	41256.488281
1788.712891	41437.503906
1787.706055	41669.144531
1786.699219	41294.980469
1785.691406	41222.550781
1784.684570	41167.027344
1783.676758	41224.882813
1782.668945	41485.285156
1781.661133	41629.859375
1780.653320	41629.746094
1779.645508	41648.906250
1778.636719	41636.734375
1777.627930	42123.308594
1776.619141	41684.667969
1775.610352	41751.972656
1774.601563	41323.179688
1773.591797	42009.296875
1772.583008	41879.109375
1771.573242	42247.179688
1770.563477	41864.316406
1769.553711	42590.746094
1768.542969	42410.023438
1767.533203	42609.375000
1766.522461	42294.046875
1765.511719	42385.148438
1764.500977	42353.621094
1763.489258	42504.765625
1762.478516	42946.621094
1761.466797	42564.226563
1760.455078	42871.390625
1759.443359	43147.218750
1758.431641	43413.343750
1757.419922	43194.390625
1756.407227	43609.238281
1755.394531	43834.335938
1754.381836	43754.597656
1753.369141	43398.980469
1752.356445	44034.179688
1751.342773	43776.964844
1750.330078	44212.843750
1749.316406	44329.695313
1748.302734	44161.253906
1747.288086	44182.203125
1746.274414	44514.656250
1745.259766	44681.675781
1744.246094	44204.281250
1743.231445	44522.175781
1742.215820	44804.039063
1741.201172	44707.531250
1740.186523	45089.792969
1739.170898	45392.941406
1738.155273	45358.589844
1737.139648	45092.183594
1736.124023	45612.835938
1735.107422	45430.179688
1734.090820	45979.277344
1733.075195	45808.574219
1732.058594	46029.933594
1731.041016	46048.078125
1730.024414	46505.871094
1729.007813	46796.269531
1727.990234	46988.628906
1726.972656	47412.570313
1725.955078	47093.769531
1724.936523	47465.019531
1723.918945	47511.515625
1722.900391	48161.773438
1721.881836	48086.437500
1720.863281	48006.355469
1719.844727	48260.226563
1718.826172	48184.906250
1717.806641	48813.003906
1716.787109	49297.835938
1715.767578	48554.976563
1714.748047	49263.691406
1713.728516	49138.214844
1712.708008	48760.257813
1711.688477	48913.585938
1710.667969	48764.417969
1709.647461	49277.218750
1708.626953	49118.511719
1707.605469	48931.292969
1706.583984	49022.574219
1705.563477	48911.574219
1704.541992	49331.109375
1703.519531	49429.398438
1702.498047	49156.671875
1701.476563	49485.582031
1700.454102	48796.929688
1699.431641	49375.347656
1698.409180	48829.535156
1697.385742	48856.519531
1696.363281	48988.011719
1695.339844	48943.699219
1694.316406	48949.269531
1693.292969	49021.316406
1692.269531	49019.742188
1691.246094	48484.152344
1690.221680	49166.093750
1689.197266	49105.179688
1688.172852	49400.105469
1687.148438	49087.761719
1686.124023	49057.710938
1685.098633	49549.265625
1684.074219	49277.355469
1683.048828	49415.554688
1682.023438	49466.027344
1680.997070	49985.585938
1679.971680	48972.347656
1678.945313	49707.328125
1677.918945	49438.031250
1676.892578	50172.660156
1675.866211	50066.707031
1674.839844	50223.488281
1673.812500	49992.144531
1672.785156	49995.097656
1671.758789	50669.832031
1670.730469	50008.093750
1669.703125	50578.542969
1668.675781	50482.085938
1667.647461	50324.207031
1666.619141	50631.957031
1665.590820	50372.500000
1664.562500	50994.339844
1663.533203	51089.214844
1662.504883	50853.421875
1661.475586	51465.394531
1660.446289	51057.273438
1659.416992	51676.070313
1658.386719	51294.015625
1657.357422	51487.824219
1656.327148	51933.988281
1655.296875	51276.117188
1654.266602	51571.226563
1653.235352	51977.046875
1652.205078	51526.968750
1651.173828	51315.105469
1650.142578	51878.644531
1649.111328	51746.902344
1648.080078	51902.609375
1647.048828	52585.859375
1646.016602	52475.250000
1644.984375	52303.460938
1643.952148	52797.941406
1642.919922	52548.480469
1641.886719	52433.238281
1640.854492	52741.550781
1639.821289	52854.500000
1638.788086	53026.207031
1637.754883	53696.390625
1636.721680	53414.101563
1635.687500	53531.542969
1634.653320	53453.863281
1633.620117	53310.410156
1632.584961	53730.886719
1631.550781	54329.742188
1630.516602	54266.058594
1629.481445	54521.757813
1628.446289	54373.535156
1627.411133	55004.703125
1626.375977	54922.160156
1625.340820	55210.402344
1624.304688	55214.656250
1623.268555	55514.468750
1622.232422	56430.992188
1621.196289	56988.417969
1620.160156	57287.750000
1619.123047	58482.406250
1618.086914	58936.042969
1617.049805	60446.316406
1616.012695	61524.968750
1614.974609	62589.179688
1613.937500	63742.007813
1612.899414	65149.652344
1611.861328	66147.093750
1610.823242	66226.601563
1609.785156	66837.328125
1608.747070	67101.539063
1607.708008	65582.953125
1606.668945	64787.683594
1605.629883	63592.781250
1604.590820	62218.257813
1603.551758	60869.937500
1602.511719	60445.375000
1601.471680	59146.921875
1600.431641	58984.507813
1599.391602	58004.488281
1598.351563	58022.183594
1597.310547	56939.929688
1596.270508	57076.878906
1595.229492	56513.433594
1594.188477	56323.636719
1593.146484	56397.609375
1592.105469	55633.917969
1591.063477	56109.230469
1590.021484	56073.570313
1588.979492	55718.437500
1587.937500	55391.406250
1586.895508	55090.136719
1585.852539	55499.847656
1584.809570	55373.433594
1583.766602	55680.429688
1582.723633	55977.992188
1581.680664	55693.175781
1580.636719	55818.308594
1579.593750	55396.250000
1578.549805	55446.890625
1577.504883	55704.656250
1576.460938	56053.078125
1575.416992	55991.890625
1574.372070	56495.988281
1573.327148	56592.894531
1572.282227	56561.867188
1571.237305	56200.707031
1570.191406	56279.011719
1569.146484	56443.277344
1568.100586	56296.105469
1567.054688	56297.671875
1566.007813	55827.695313
1564.961914	56008.171875
1563.915039	55724.175781
1562.869141	55045.601563
1561.822266	55330.566406
1560.774414	55160.550781
1559.727539	55294.566406
1558.679688	55191.894531
1557.632813	55838.468750
1556.584961	55789.074219
1555.537109	55832.441406
1554.488281	55504.863281
1553.440430	55840.312500
1552.391602	55607.863281
1551.342773	55083.539063
1550.293945	55013.468750
1549.245117	55397.398438
1548.195313	55412.976563
1547.146484	55942.566406
1546.096680	54971.847656
1545.046875	55758.238281
1543.996094	55313.210938
1542.946289	55148.304688
1541.895508	55635.820313
1540.844727	55512.542969
1539.793945	55701.496094
1538.743164	55737.781250
1537.692383	55464.285156
1536.640625	55385.031250
1535.588867	55543.824219
1534.537109	55335.195313
1533.485352	55297.582031
1532.433594	55301.550781
1531.380859	54728.214844
1530.329102	54771.531250
1529.276367	54720.183594
1528.222656	55160.453125
1527.169922	55164.433594
1526.117188	55087.656250
1525.063477	54609.539063
1524.009766	54680.492188
1522.956055	54859.792969
1521.902344	54939.890625
1520.847656	54789.453125
1519.792969	54597.582031
1518.738281	54603.152344
1517.683594	54608.726563
1516.628906	54614.296875
1515.574219	54619.867188
1514.518555	54625.445313
1513.462891	54631.023438
1512.407227	54636.597656
1511.351563	54642.175781
1510.294922	54647.757813
1509.239258	54516.046875
1508.182617	54803.003906
1507.125977	54749.496094
1506.069336	54652.320313
1505.011719	55014.957031
1503.955078	54644.242188
1502.897461	54836.687500
1501.839844	54751.042969
1500.782227	54587.320313
1499.724609	54359.343750
1498.666016	54622.882813
1497.607422	54502.890625
1496.548828	54502.308594
1495.490234	54593.531250
1494.431641	54335.914063
1493.372070	54516.613281
1492.313477	54694.949219
1491.253906	53985.613281
1490.194336	54333.671875
1489.133789	54392.714844
1488.074219	54084.964844
1487.013672	54382.386719
1485.953125	54414.769531
1484.892578	54447.152344
1483.832031	54479.535156
1482.770508	54511.945313
1481.709961	54544.328125
1480.648438	54401.761719
1479.586914	54799.457031
1478.524414	54736.992188
1477.462891	54431.996094
1476.400391	54319.285156
1475.337891	54076.230469
1474.275391	54569.667969
1473.212891	54651.343750
1472.150391	55043.902344
1471.086914	54638.593750
1470.023438	54811.621094
1468.959961	55078.265625
1467.896484	54716.566406
1466.833008	54818.671875
1465.768555	55112.566406
1464.704102	55383.523438
1463.639648	55487.730469
1462.575195	55295.171875
1461.510742	55698.304688
1460.445313	55701.996094
1459.379883	55550.562500
1458.314453	55789.203125
1457.249023	55694.812500
1456.183594	55650.613281
1455.117188	55417.218750
1454.051758	56669.945313
1452.985352	56049.054688
1451.917969	56273.664063
1450.851563	56245.335938
1449.785156	56100.859375
1448.717773	56359.488281
1447.650391	56540.613281
1446.583008	56484.929688
1445.514648	56618.167969
1444.447266	57183.703125
1443.378906	56782.113281
1442.310547	57235.949219
1441.242188	57111.953125
1440.173828	58111.296875
1439.104492	57396.078125
1438.036133	58185.882813
1436.966797	58250.425781
1435.897461	58349.023438
1434.827148	58433.957031
1433.757813	59159.394531
1432.687500	59253.230469
1431.617188	59356.109375
1430.546875	59608.785156
1429.476563	59364.281250
1428.406250	59798.406250
1427.334961	59581.179688
1426.263672	59631.718750
1425.192383	59797.914063
1424.121094	59299.593750
1423.048828	59567.812500
1421.977539	59532.164063
1420.905273	59807.039063
1419.833008	59456.363281
1418.759766	59386.761719
1417.687500	59328.507813
1416.614258	59469.582031
1415.541992	59375.097656
1414.468750	59500.261719
1413.394531	58753.859375
1412.321289	59057.882813
1411.247070	58615.046875
1410.172852	58500.429688
1409.098633	58935.523438
1408.024414	58712.324219
1406.950195	58871.347656
1405.875000	58668.582031
1404.799805	59162.097656
1403.724609	59113.027344
1402.649414	59240.222656
1401.574219	58987.820313
1400.498047	59401.855469
1399.421875	59201.453125
1398.345703	59208.859375
1397.269531	59740.015625
1396.193359	59627.683594
1395.116211	60147.285156
1394.039063	60165.785156
1392.961914	60024.105469
1391.884766	60759.878906
1390.807617	60724.125000
1389.729492	60807.886719
1388.651367	61121.554688
1387.573242	61843.066406
1386.495117	62305.164063
1385.416992	62278.164063
1384.337891	62188.097656
1383.258789	62278.246094
1382.179688	62672.363281
1381.100586	62956.011719
1380.021484	62816.351563
1378.941406	63050.355469
1377.861328	62870.218750
1376.781250	62789.140625
1375.701172	63164.726563
1374.621094	63218.562500
1373.540039	62532.570313
1372.458984	62273.988281
1371.377930	62433.597656
1370.296875	61750.355469
1369.215820	61813.371094
1368.133789	61456.246094
1367.051758	61472.117188
1365.969727	60861.398438
1364.887695	61247.855469
1363.805664	60843.933594
1362.722656	61277.386719
1361.639648	60839.937500
1360.556641	60642.726563
1359.473633	60667.679688
1358.390625	60441.406250
1357.306641	60253.335938
1356.223633	60318.695313
1355.139648	59899.812500
1354.054688	59584.175781
1352.970703	59923.011719
1351.885742	59134.722656
1350.801758	59092.687500
1349.716797	59180.570313
1348.630859	58722.019531
1347.545898	58783.062500
1346.459961	58667.238281
1345.375000	59025.937500
1344.289063	58583.398438
1343.202148	58798.789063
1342.116211	58618.164063
1341.029297	58459.968750
1339.943359	58903.339844
1338.856445	58939.648438
1337.768555	58551.238281
1336.681641	58455.734375
1335.593750	59115.519531
1334.506836	58970.796875
1333.418945	59105.328125
1332.330078	58857.921875
1331.242188	58655.261719
1330.153320	59037.574219
1329.065430	58971.105469
1327.976563	59518.363281
1326.886719	59088.128906
1325.797852	59628.468750
1324.708008	59443.718750
1323.619141	59914.660156
1322.529297	59506.953125
1321.438477	60298.722656
1320.348633	59944.578125
1319.257813	60437.367188
1318.167969	60237.054688
1317.076172	61119.441406
1315.985352	60963.621094
1314.894531	61611.734375
1313.802734	61188.703125
1312.710938	61177.636719
1311.619141	61008.550781
1310.527344	61384.703125
1309.435547	61435.894531
1308.342773	61849.640625
1307.250000	61398.097656
1306.157227	61480.378906
1305.064453	61718.253906
1303.970703	61326.988281
1302.877930	61035.867188
1301.784180	61398.117188
1300.690430	61158.179688
1299.596680	61367.007813
1298.501953	62182.035156
1297.407227	62159.675781
1296.313477	62703.421875
1295.217773	62004.000000
1294.123047	62720.664063
1293.028320	62733.714844
1291.932617	62813.308594
1290.836914	62688.816406
1289.741211	62661.941406
1288.645508	62770.320313
1287.548828	62633.820313
1286.453125	62497.445313
1285.356445	62360.945313
1284.259766	62224.445313
1283.162109	62087.828125
1282.065430	61951.328125
1280.967773	61621.238281
1279.870117	61368.750000
1278.772461	61521.433594
1277.674805	60706.910156
1276.576172	60859.652344
1275.477539	60682.699219
1274.378906	60167.375000
1273.280273	60264.835938
1272.181641	59827.160156
1271.082031	59756.625000
1269.983398	59416.449219
1268.883789	59790.210938
1267.783203	59363.976563
1266.683594	59426.113281
1265.583984	59386.625000
1264.483398	58903.269531
1263.382813	58799.855469
1262.282227	59104.871094
1261.180664	58604.164063
1260.080078	58553.816406
1258.978516	59059.480469
1257.876953	58536.988281
1256.775391	58449.175781
1255.672852	58932.523438
1254.571289	58974.746094
1253.468750	58203.546875
1252.366211	58003.445313
1251.262695	57922.406250
1250.160156	57616.675781
1249.056641	57637.058594
1247.953125	57681.656250
1246.849609	57706.417969
1245.746094	57607.882813
1244.642578	57890.179688
1243.538086	57375.699219
1242.433594	57679.933594
1241.329102	57321.867188
1240.224609	57221.281250
1239.119141	57406.613281
1238.014648	57079.570313
1236.909180	57431.933594
1235.803711	57592.945313
1234.697266	57984.636719
1233.591797	57191.917969
1232.485352	57956.984375
1231.378906	57608.218750
1230.272461	57336.433594
1229.166016	57598.269531
1228.058594	57317.800781
1226.951172	57794.621094
1225.843750	56980.984375
1224.736328	57468.660156
1223.628906	57177.441406
1222.520508	56732.804688
1221.412109	57132.542969
1220.303711	57286.585938
1219.195313	57096.429688
1218.086914	57189.054688
1216.977539	56896.000000
1215.868164	57231.796875
1214.758789	56741.703125
1213.649414	56479.539063
1212.540039	56832.738281
1211.429688	56839.917969
1210.319336	56593.191406
1209.208984	56480.046875
1208.098633	56338.496094
1206.987305	56369.812500
1205.876953	57107.582031
1204.765625	56994.414063
1203.654297	57333.867188
1202.542969	57531.109375
1201.430664	57026.695313
1200.318359	56946.394531
1199.206055	56968.804688
1198.093750	57454.300781
1196.981445	57522.468750
1195.868164	57955.273438
1194.755859	57942.542969
1193.642578	58414.402344
1192.528320	58032.757813
1191.415039	58068.015625
1190.301758	58550.492188
1189.187500	57789.492188
1188.073242	58217.316406
1186.958984	57495.894531
1185.843750	57614.050781
1184.729492	57392.132813
1183.614258	57505.898438
1182.499023	56896.242188
1181.382813	57365.140625
1180.267578	57165.203125
1179.151367	56834.675781
1178.035156	56708.925781
1176.918945	57373.425781
1175.802734	56562.031250
1174.686523	56736.695313
1173.569336	56643.679688
1172.452148	56470.214844
1171.334961	56716.558594
1170.217773	56193.046875
1169.099609	56065.406250
1167.981445	55933.460938
1166.863281	55986.292969
1165.745117	55952.183594
1164.626953	55861.601563
1163.507813	55927.445313
1162.388672	56234.316406
1161.269531	56011.277344
1160.150391	56367.949219
1159.031250	56105.890625
1157.911133	56084.808594
1156.791016	56059.394531
1155.670898	55754.140625
1154.550781	56069.312500
1153.430664	56037.402344
1152.309570	56421.785156
1151.188477	56313.945313
1150.067383	56496.566406
1148.946289	56003.027344
1147.824219	56391.457031
1146.702148	56340.011719
1145.580078	56087.164063
1144.458008	56763.355469
1143.335938	56811.453125
1142.212891	57043.519531
1141.090820	57338.257813
1139.967773	57388.378906
1138.844727	58093.992188
1137.720703	57425.832031
1136.597656	57979.792969
1135.473633	57915.152344
1134.349609	57869.988281
1133.224609	57587.082031
1132.100586	57825.089844
1130.975586	57162.015625
1129.850586	57678.675781
1128.725586	57681.101563
1127.600586	57582.031250
1126.475586	57524.011719
1125.349609	57511.347656
1124.223633	57382.136719
1123.097656	57630.597656
1121.971680	57108.746094
1120.844727	57147.925781
1119.717773	56917.500000
1118.590820	56872.597656
1117.463867	56926.882813
1116.336914	56703.085938
1115.208984	56576.343750
1114.081055	56779.324219
1112.953125	56529.812500
1111.825195	56592.714844
1110.697266	56349.785156
1109.568359	56623.699219
1108.439453	56081.617188
1107.310547	55937.917969
1106.181641	56054.656250
1105.051758	56433.839844
1103.921875	56012.644531
1102.791992	55955.082031
1101.662109	56551.261719
1100.532227	56151.769531
1099.401367	56547.777344
1098.271484	56702.921875
1097.140625	56924.621094
1096.008789	56211.671875
1094.877930	56618.105469
1093.746094	56171.773438
1092.615234	56367.632813
1091.483398	56073.933594
1090.350586	56035.769531
1089.218750	56392.492188
1088.085938	55800.691406
1086.953125	55548.058594
1085.820313	55906.816406
1084.687500	55630.664063
1083.553711	55656.929688
1082.419922	55713.195313
1081.287109	55580.824219
1080.152344	55484.929688
1079.018555	55429.777344
1077.883789	55372.500000
1076.750000	55955.628906
1075.615234	56043.882813
1074.479492	55453.414063
1073.344727	55379.039063
1072.208984	56220.691406
1071.073242	55666.882813
1069.937500	55631.015625
1068.801758	55734.191406
1067.665039	56029.800781
1066.529297	55865.582031
1065.392578	55757.007813
1064.255859	55932.746094
1063.118164	56266.562500
1061.981445	55756.269531
1060.843750	55748.187500
1059.706055	56019.906250
1058.568359	55975.468750
1057.429688	55659.890625
1056.291992	55197.128906
1055.153320	55801.691406
1054.014648	56017.656250
1052.875000	55819.632813
1051.736328	55879.792969
1050.596680	55686.128906
1049.457031	55997.902344
1048.317383	56017.480469
1047.177734	55689.601563
1046.037109	56433.828125
1044.896484	56022.886719
1043.755859	56206.476563
1042.615234	55944.820313
1041.474609	56034.648438
1040.333008	56190.449219
1039.191406	56026.863281
1038.049805	56231.554688
1036.908203	55542.382813
1035.765625	55781.128906
1034.624023	55553.906250
1033.481445	55703.226563
1032.337891	55943.929688
1031.195313	55312.835938
1030.051758	55449.359375
1028.909180	55766.476563
1027.765625	55643.617188
1026.621094	55465.562500
1025.477539	55672.042969
1024.333008	55763.757813
1023.188477	55201.441406
1022.043945	54843.132813
1020.899414	56176.664063
1019.754883	55758.882813
1018.609375	55721.054688
1017.463867	55693.847656
1016.318359	55528.781250
1015.171875	55896.054688
1014.026367	55347.238281
1012.879883	55773.761719
1011.733398	55911.875000
1010.586914	55977.890625
1009.439453	55342.585938
1008.292969	55876.820313
1007.145508	55951.265625
1005.998047	55528.062500
1004.849609	55685.109375
1003.702148	55988.152344
1002.553711	55990.558594
1001.405273	55669.214844
1000.256836	56244.996094
999.107422	55868.726563
997.958984	56399.843750
996.809570	56550.167969
995.660156	56362.187500
994.510742	56087.617188
993.360352	55789.898438
992.209961	56660.699219
991.060547	56033.433594
989.909180	56496.234375
988.758789	56661.109375
987.608398	56796.367188
986.457031	56234.964844
985.305664	56477.882813
984.154297	56931.718750
983.001953	56883.265625
981.849609	56801.078125
980.698242	56647.214844
979.544922	57119.656250
978.392578	57060.652344
977.240234	56360.890625
976.086914	56470.640625
974.933594	56807.902344
973.780273	57107.121094
972.625977	56559.507813
971.472656	56662.812500
970.318359	56627.109375
969.164063	57006.125000
968.009766	56924.066406
966.854492	56536.906250
965.699219	57018.816406
964.544922	56497.148438
963.388672	56869.515625
962.233398	56478.437500
961.078125	56468.031250
959.921875	56676.234375
958.765625	57214.312500
957.609375	56886.480469
956.452148	56863.394531
955.294922	57092.363281
954.138672	57594.257813
952.980469	56857.152344
951.823242	56920.148438
950.666016	56754.335938
949.507813	56636.847656
948.349609	56739.707031
947.191406	57090.054688
946.032227	57169.714844
944.874023	57245.148438
943.714844	56987.195313
942.555664	56788.027344
941.395508	56626.656250
940.236328	56557.539063
939.076172	56735.660156
937.916016	56693.773438
936.755859	57030.960938
935.595703	57058.128906
934.434570	56892.683594
933.273438	56986.839844
932.112305	57340.457031
930.951172	57386.371094
929.790039	57250.261719
928.627930	57582.710938
927.465820	57068.109375
926.303711	57141.207031
925.140625	57463.035156
923.978516	57255.964844
922.815430	57531.671875
921.652344	57688.191406
920.489258	58137.089844
919.325195	57986.425781
918.162109	58211.671875
916.998047	58284.429688
915.833984	58348.808594
914.668945	58678.199219
913.504883	58615.199219
912.339844	59226.046875
911.174805	59615.574219
910.009766	59260.472656
908.843750	60014.718750
907.678711	60341.339844
906.512695	60232.230469
905.346680	60216.929688
904.179688	60414.148438
903.013672	59694.738281
901.846680	59419.203125
900.679688	59304.105469
899.512695	59126.589844
898.344727	59161.453125
897.177734	58817.531250
896.009766	58234.445313
894.841797	58400.511719
893.673828	58581.074219
892.504883	58235.421875
891.335938	58546.933594
890.166992	58301.199219
888.998047	58250.925781
887.829102	58341.976563
886.659180	58387.281250
885.489258	58499.042969
884.319336	58292.988281
883.149414	58232.367188
881.978516	58626.445313
880.808594	58974.707031
879.637695	58500.980469
878.465820	59000.605469
877.294922	59323.699219
876.123047	59314.796875
874.952148	59386.773438
873.779297	59670.210938
872.607422	59541.000000
871.435547	59430.488281
870.262695	59995.589844
869.089844	59638.468750
867.916992	59815.937500
866.743164	59993.339844
865.570313	60514.417969
864.396484	60693.691406
863.222656	60636.910156
862.047852	60987.863281
860.874023	61307.648438
859.699219	61097.679688
858.524414	61605.550781
857.349609	61399.734375
856.174805	61514.492188
854.999023	61314.964844
853.823242	60803.402344
852.647461	60765.273438
851.471680	60233.332031
850.294922	60761.343750
849.118164	60882.269531
847.941406	60999.015625
846.764648	61053.777344
845.587891	61191.089844
844.410156	61390.261719
843.232422	61550.148438
842.054688	62071.023438
840.876953	63220.835938
839.698242	63264.796875
838.520508	64688.195313
837.341797	64944.207031
836.162109	65418.605469
834.983398	65839.250000
833.803711	65860.000000
832.624023	65594.398438
831.444336	64570.925781
830.264648	63934.980469
829.083984	63192.203125
827.904297	62678.195313
826.723633	61868.003906
825.541992	61342.082031
824.361328	60754.628906
823.179688	60543.824219
821.998047	59946.449219
820.816406	59651.562500
819.634766	59266.320313
818.452148	59845.242188
817.269531	59079.910156
816.086914	58957.988281
814.904297	59014.832031
813.721680	58457.523438
812.538086	58362.472656
811.354492	58324.941406
810.170898	58221.734375
808.986328	58227.339844
807.802734	57841.000000
806.618164	58117.488281
805.433594	58147.718750
804.249023	57870.300781
803.063477	58218.386719
801.877930	58064.062500
800.693359	58122.964844
799.506836	57573.175781
798.321289	57412.902344
797.134766	57727.960938
795.948242	57108.906250
794.761719	56952.894531
793.575195	57042.632813
792.388672	56778.191406
791.201172	56348.058594
790.013672	56239.359375
788.826172	56474.417969
787.637695	56721.656250
786.449219	56201.859375
785.261719	56600.367188
784.072266	56193.222656
782.883789	56225.695313
781.694336	56037.437500
780.505859	55883.984375
779.316406	56034.980469
778.125977	55640.558594
776.936523	55836.464844
775.746094	55436.097656
774.555664	55217.562500
773.365234	55801.218750
772.174805	55778.593750
770.983398	55378.523438
769.791992	55833.308594
768.600586	55882.062500
767.409180	55294.589844
766.216797	56089.597656
765.025391	55567.527344
763.833008	56125.777344
762.639648	56439.304688
761.447266	56838.277344
760.253906	57155.625000
759.060547	56851.730469
757.867188	57918.226563
756.673828	57211.230469
755.479492	57387.824219
754.286133	57482.953125
753.091797	57783.531250
751.896484	57589.691406
750.702148	57611.503906
749.506836	57405.558594
748.311523	57104.140625
747.116211	57006.093750
745.920898	56505.691406
744.724609	56460.617188
743.528320	56007.222656
742.332031	55816.007813
741.135742	56047.265625
739.938477	55756.625000
738.742188	55508.718750
737.544922	55323.820313
736.346680	55258.718750
735.149414	55138.855469
733.951172	55207.683594
732.752930	55252.148438
731.554688	55375.675781
730.356445	55695.808594
729.157227	55342.859375
727.958008	54840.070313
726.758789	54511.722656
725.559570	54635.257813
724.359375	54588.609375
723.160156	55060.398438
721.959961	54720.093750
720.759766	54329.308594
719.558594	54286.785156
718.358398	54642.921875
717.157227	54495.148438
715.955078	54602.300781
714.753906	54266.492188
713.552734	54990.375000
712.350586	54541.402344
711.148438	54745.480469
709.945313	54525.082031
708.743164	54939.218750
707.540039	54753.203125
706.336914	54603.613281
705.133789	54841.804688
703.930664	54718.496094
702.726563	54403.453125
701.522461	54235.867188
700.318359	54467.886719
699.114258	54651.394531
697.909180	54382.988281
696.704102	54338.539063
695.499023	54532.046875
694.293945	54600.480469
693.088867	54713.234375
691.882813	54521.632813
690.676758	54628.308594
689.470703	54581.835938
688.263672	54803.261719
687.057617	55014.535156
685.850586	54812.976563
684.643555	54585.320313
683.435547	54488.570313
682.228516	54552.839844
681.020508	54287.125000
679.812500	54315.191406
678.604492	54594.640625
677.395508	54678.937500
676.186523	54497.824219
674.977539	54835.367188
673.768555	55353.644531
672.559570	54736.492188
671.349609	54746.339844
670.139648	54643.703125
668.929688	54854.375000
667.719727	54414.449219
666.508789	54354.082031
665.297852	54506.476563
664.086914	54147.121094
662.875977	54221.250000
661.665039	54100.777344
660.453125	53575.234375
659.241211	54038.414063
658.029297	53765.675781
656.816406	53835.785156
655.604492	54044.140625
654.391602	53883.750000
653.178711	53537.109375
651.964844	53981.738281
650.751953	53887.523438
649.538086	53671.210938
648.324219	54031.484375
647.109375	54175.468750
645.895508	53973.222656
644.680664	54003.121094
643.465820	53936.996094
642.250977	54090.882813
641.035156	54232.707031
639.820313	53618.808594
638.604492	53946.550781
637.388672	53832.523438
636.171875	54140.117188
634.956055	54219.863281
633.739258	54045.921875
632.522461	53905.992188
631.304688	53943.800781
630.087891	53787.968750
628.870117	53326.839844
627.652344	53520.371094
626.434570	53354.722656
625.215820	53482.347656
623.997070	53236.992188
622.778320	53579.925781
621.559570	53169.179688
620.340820	52912.054688
619.121094	53360.468750
617.901367	53254.820313
616.681641	52706.980469
615.461914	53083.472656
614.241211	53027.710938
613.020508	53017.761719
611.799805	52659.468750
610.579102	52979.949219
609.357422	53019.750000
608.136719	52936.191406
606.915039	52747.238281
605.692383	53095.296875
604.470703	52818.898438
603.248047	52663.863281
602.025391	52816.953125
600.802734	52948.125000
599.579102	53202.421875
598.356445	52548.832031
597.132813	52666.066406
595.909180	53239.964844
594.684570	52346.503906
593.460938	52953.984375
592.236328	52566.968750
591.011719	52513.441406
589.787109	52529.363281
588.561523	52739.656250
587.335938	52553.250000
586.110352	52468.031250
584.884766	52971.593750
583.658203	52719.839844
582.432617	52812.972656
581.206055	52805.027344
579.979492	52886.218750
578.751953	52931.726563
577.524414	52656.445313
576.297852	52872.230469
575.069336	52977.089844
573.841797	52832.558594
572.613281	53121.390625
571.385742	53121.289063
570.156250	52844.289063
568.927734	52840.281250
567.699219	52415.148438
566.469727	52589.125000
565.240234	53199.808594
564.009766	52385.570313
562.780273	52907.156250
561.549805	52300.675781
560.319336	52310.582031
559.088867	52385.640625
557.858398	52284.972656
556.626953	52166.574219
555.395508	52247.531250
554.164063	52245.585938
552.931641	51882.648438
551.700195	51586.898438
550.467773	52032.695313
549.235352	52111.617188
548.001953	51930.312500
546.769531	51942.210938
545.536133	51524.554688
544.302734	52133.445313
543.068359	51808.476563
541.834961	51680.558594
540.600586	52147.304688
539.366211	52407.175781
538.131836	51814.714844
536.896484	51568.812500
535.662109	51789.289063
534.426758	52214.253906
533.190430	52045.109375
531.955078	51866.195313
530.718750	51984.210938
529.482422	51606.843750
528.246094	51946.925781
527.009766	51933.203125
525.772461	51475.507813
524.535156	52098.250000
523.297852	51676.039063
522.060547	51664.332031
520.822266	51803.777344
519.583984	51856.812500
518.345703	51786.203125
517.107422	51874.531250
515.868164	51576.402344
514.628906	51382.324219
513.389648	51568.707031
512.150391	51376.660156
510.911133	51629.613281
509.670898	51676.703125
508.430664	51808.019531
507.190430	51757.105469
505.949219	51680.746094
504.708008	51508.460938
503.466797	51436.089844
502.225586	51694.550781
500.984375	51383.402344
499.742188	51485.234375
498.500000	51624.195313
497.257813	51547.945313
496.015625	51667.281250
494.772461	51673.167969
493.529297	51821.753906
492.286133	51473.839844
491.042969	51864.714844
489.798828	51860.777344
488.554688	51843.167969
487.310547	51725.957031
486.066406	51897.785156
484.821289	51616.609375
483.576172	51602.953125
482.331055	51841.050781
481.085938	52322.953125
479.840820	51924.851563
478.594727	51942.343750
477.348633	52092.433594
476.102539	52575.863281
474.855469	51821.273438
473.608398	52419.558594
472.361328	52703.886719
471.114258	52658.851563
469.867188	52722.914063
468.619141	52829.796875
467.371094	52578.359375
466.123047	52924.675781
464.874023	53119.035156
463.625977	53252.996094
462.376953	53624.269531
461.127930	53588.835938
459.877930	53376.425781
458.628906	53691.070313
457.378906	54217.503906
456.128906	54555.191406
454.877930	54597.339844
453.627930	54666.671875
452.376953	55054.582031
451.125977	55048.046875
449.874023	55418.257813
448.623047	56038.789063
447.371094	56492.136719
446.119141	57151.046875
444.867188	57887.320313
443.614258	58050.972656
442.361328	58363.921875
441.108398	58156.988281
439.855469	57663.156250
438.602539	56936.863281
437.348633	56234.105469
436.094727	55204.097656
434.840820	54443.800781
433.585938	54117.722656
432.331055	53650.375000
431.076172	53498.847656
429.821289	53461.605469
428.566406	53596.652344
427.310547	52804.609375
426.054688	52566.269531
424.798828	52602.738281
423.541992	52501.855469
422.286133	52534.449219
421.029297	52481.953125
419.772461	52158.832031
418.514648	52048.433594
417.256836	52587.378906
416.000000	52113.710938
414.741211	52260.296875
413.483398	51694.160156
412.224609	52364.054688
410.966797	51726.679688
409.707031	52411.753906
408.448242	52038.992188
407.188477	52407.304688
405.929688	52621.140625
404.668945	52215.757813
403.409180	51910.804688
402.148438	52124.605469
400.888672	51804.359375
