#Wave		#Intensity
2001.248047	39254.710938
2000.278320	39427.660156
1999.308594	39997.175781
1998.338867	39784.730469
1997.369141	39865.468750
1996.398438	40018.816406
1995.428711	39829.011719
1994.458008	39676.832031
1993.487305	40163.085938
1992.516602	39955.828125
1991.545898	39966.371094
1990.574219	40124.531250
1989.603516	40029.964844
1988.631836	40193.058594
1987.660156	40241.058594
1986.688477	39916.476563
1985.715820	40429.500000
1984.744141	40397.441406
1983.771484	40515.339844
1982.798828	40203.425781
1981.826172	40433.730469
1980.853516	40159.402344
1979.880859	40644.363281
1978.907227	40415.035156
1977.933594	40210.753906
1976.959961	40505.746094
1975.986328	40386.363281
1975.012695	40334.394531
1974.039063	40412.164063
1973.064453	40327.777344
1972.089844	40530.210938
1971.115234	40700.160156
1970.140625	40199.433594
1969.166016	40219.824219
1968.190430	40713.707031
1967.215820	40469.878906
1966.240234	40577.398438
1965.264648	40224.082031
1964.289063	40787.343750
1963.312500	40742.863281
1962.336914	40890.085938
1961.360352	40611.625000
1960.383789	40467.648438
1959.407227	40701.925781
1958.430664	40846.558594
1957.454102	40782.203125
1956.476563	40633.316406
1955.499023	40434.750000
1954.521484	40773.234375
1953.543945	40835.695313
1952.566406	40634.710938
1951.587891	40704.625000
1950.610352	40650.300781
1949.631836	40516.511719
1948.653320	40626.140625
1947.674805	40820.152344
1946.696289	40875.070313
1945.716797	40602.328125
1944.737305	40845.871094
1943.758789	41059.550781
1942.779297	40839.015625
1941.798828	40680.562500
1940.819336	41147.109375
1939.838867	40872.117188
1938.859375	40807.941406
1937.878906	41053.617188
1936.898438	40989.429688
1935.916992	41073.929688
1934.936523	41141.054688
1933.955078	41421.167969
1932.974609	41312.378906
1931.993164	41562.652344
1931.010742	41278.101563
1930.029297	41176.816406
1929.047852	40961.726563
1928.065430	41625.082031
1927.083008	41291.242188
1926.100586	41424.992188
1925.118164	41341.070313
1924.135742	41232.449219
1923.152344	41269.722656
1922.168945	41133.964844
1921.185547	41875.546875
1920.202148	41579.121094
1919.218750	41673.117188
1918.235352	41806.601563
1917.250977	41678.265625
1916.266602	42145.027344
1915.282227	41668.593750
1914.297852	41145.425781
1913.313477	41908.167969
1912.328125	41720.703125
1911.343750	41750.390625
1910.358398	42268.433594
1909.373047	41972.492188
1908.387695	41822.125000
1907.401367	42159.917969
1906.416016	42174.707031
1905.429688	41701.546875
1904.443359	41903.667969
1903.457031	42182.078125
1902.470703	42081.082031
1901.483398	42186.980469
1900.497070	42351.933594
1899.509766	41955.546875
1898.522461	42140.167969
1897.535156	41884.222656
1896.546875	41926.082031
1895.559570	42034.347656
1894.571289	41916.289063
1893.583008	42164.683594
1892.594727	42280.218750
1891.606445	42550.585938
1890.618164	42196.558594
1889.628906	42260.417969
1888.639648	42420.074219
1887.650391	42542.824219
1886.661133	42041.671875
1885.671875	42449.304688
1884.682617	42174.226563
1883.692383	42431.945313
1882.702148	42068.605469
1881.711914	42520.109375
1880.721680	42441.492188
1879.731445	42868.238281
1878.740234	42608.082031
1877.749023	42580.980469
1876.757813	42754.937500
1875.766602	42874.898438
1874.775391	42661.484375
1873.784180	43242.121094
1872.791992	42555.843750
1871.799805	42800.683594
1870.807617	42553.136719
1869.815430	43170.105469
1868.823242	42949.511719
1867.830078	42971.339844
1866.837891	42665.191406
1865.844727	42794.726563
1864.851563	42845.925781
1863.858398	42955.816406
1862.864258	43011.855469
1861.871094	43084.992188
1860.876953	42732.679688
1859.882813	43143.179688
1858.888672	43445.992188
1857.894531	42727.250000
1856.899414	43291.453125
1855.905273	43110.402344
1854.910156	43239.593750
1853.915039	43874.218750
1852.919922	43514.925781
1851.923828	43719.644531
1850.928711	43394.671875
1849.932617	43350.433594
1848.936523	43823.445313
1847.940430	44093.824219
1846.944336	43671.449219
1845.947266	43415.039063
1844.951172	43807.246094
1843.954102	43450.953125
1842.957031	44001.429688
1841.959961	43876.722656
1840.962891	44020.054688
1839.964844	43931.921875
1838.966797	43955.851563
1837.969727	43914.023438
1836.970703	44390.789063
1835.972656	44460.871094
1834.974609	44341.089844
1833.975586	44121.582031
1832.976563	44607.699219
1831.978516	44453.894531
1830.978516	44280.687500
1829.979492	44039.453125
1828.980469	44303.996094
1827.980469	44529.546875
1826.980469	44611.628906
1825.980469	44506.574219
1824.980469	44377.261719
1823.979492	44359.730469
1822.979492	44473.347656
1821.978516	44620.921875
1820.977539	44566.933594
1819.976563	44770.261719
1818.975586	44813.339844
1817.973633	44657.429688
1816.972656	44863.054688
1815.970703	44576.199219
1814.968750	45390.496094
1813.966797	45047.875000
1812.963867	45073.878906
1811.961914	44622.351563
1810.958984	44980.437500
1809.956055	44970.085938
1808.953125	45216.539063
1807.950195	44971.191406
1806.946289	45704.335938
1805.943359	45325.808594
1804.939453	45390.445313
1803.935547	45191.222656
1802.930664	44907.363281
1801.926758	45102.695313
1800.922852	45237.476563
1799.917969	45101.304688
1798.913086	45642.324219
1797.908203	45619.765625
1796.903320	45768.859375
1795.897461	46154.777344
1794.891602	45863.882813
1793.886719	45933.113281
1792.880859	45748.652344
1791.874023	46274.386719
1790.868164	46198.605469
1789.862305	45876.562500
1788.855469	45713.960938
1787.848633	46227.253906
1786.841797	46129.808594
1785.833984	46126.492188
1784.827148	46184.285156
1783.819336	46242.136719
1782.812500	46299.933594
1781.804688	46357.785156
1780.795898	46415.691406
1779.788086	46473.539063
1778.779297	46531.449219
1777.771484	46589.296875
1776.762695	46647.207031
1775.753906	46705.113281
1774.744141	46763.074219
1773.735352	46820.980469
1772.725586	46878.945313
1771.715820	46936.906250
1770.706055	46994.871094
1769.696289	47052.832031
1768.686523	47110.796875
1767.675781	47168.816406
1766.666016	47226.777344
1765.655273	47284.796875
1764.644531	47342.816406
1763.632813	47935.324219
1762.622070	47833.136719
1761.610352	47728.578125
1760.598633	47948.355469
1759.586914	48391.417969
1758.575195	48152.335938
1757.563477	48686.441406
1756.550781	48785.859375
1755.538086	48825.238281
1754.525391	49169.359375
1753.512695	48889.554688
1752.500000	48842.531250
1751.486328	49056.945313
1750.473633	48909.191406
1749.459961	49785.242188
1748.446289	49618.226563
1747.432617	49724.496094
1746.417969	49087.875000
1745.404297	49532.011719
1744.389648	50095.761719
1743.375000	50050.976563
1742.360352	49872.109375
1741.344727	49954.265625
1740.330078	50452.902344
1739.314453	50410.472656
1738.298828	50748.523438
1737.283203	50796.964844
1736.267578	50168.437500
1735.251953	51125.777344
1734.235352	51386.937500
1733.218750	51313.292969
1732.202148	52004.585938
1731.185547	52148.339844
1730.168945	52437.796875
1729.151367	52213.500000
1728.133789	52306.968750
1727.117188	52928.207031
1726.098633	53374.910156
1725.081055	53047.937500
1724.063477	53644.835938
1723.044922	53768.988281
1722.026367	54511.097656
1721.007813	54370.230469
1719.989258	54699.312500
1718.970703	54408.214844
1717.951172	55185.441406
1716.931641	55077.925781
1715.912109	55571.109375
1714.892578	55749.535156
1713.873047	55394.164063
1712.853516	55222.351563
1711.833008	55577.000000
1710.812500	55707.664063
1709.791992	56021.617188
1708.771484	55568.890625
1707.750000	55863.714844
1706.729492	55806.218750
1705.708008	55753.500000
1704.686523	55788.820313
1703.665039	55386.476563
1702.642578	55788.074219
1701.621094	55504.750000
1700.598633	56039.308594
1699.576172	55454.175781
1698.553711	55888.738281
1697.531250	55520.054688
1696.507813	55800.031250
1695.485352	55581.125000
1694.461914	55488.152344
1693.438477	55827.339844
1692.415039	55542.066406
1691.390625	55674.625000
1690.367188	55598.304688
1689.342773	55422.363281
1688.318359	55545.375000
1687.293945	55381.355469
1686.269531	55449.789063
1685.244141	56061.140625
1684.218750	55458.562500
1683.194336	55837.421875
1682.168945	55604.765625
1681.142578	55838.933594
1680.117188	56063.542969
1679.090820	56006.222656
1678.064453	56266.238281
1677.038086	56315.441406
1676.011719	56163.417969
1674.985352	56262.320313
1673.958008	56536.292969
1672.931641	56057.808594
1671.904297	56265.480469
1670.876953	56167.984375
1669.848633	56723.164063
1668.821289	56500.312500
1667.792969	57121.417969
1666.764648	56683.503906
1665.736328	56893.191406
1664.708008	56991.765625
1663.679688	56561.187500
1662.650391	56881.781250
1661.621094	56940.156250
1660.591797	57090.582031
1659.562500	57590.296875
1658.533203	56992.417969
1657.502930	57352.753906
1656.472656	57068.898438
1655.442383	57511.644531
1654.412109	57565.101563
1653.381836	57387.457031
1652.351563	57337.183594
1651.320313	57098.355469
1650.289063	57785.785156
1649.257813	57290.125000
1648.226563	57739.332031
1647.194336	57585.390625
1646.163086	57659.933594
1645.130859	57670.875000
1644.098633	57552.332031
1643.066406	58118.769531
1642.033203	58131.968750
1641.000977	58055.750000
1639.967773	58379.484375
1638.934570	58056.277344
1637.901367	58201.160156
1636.868164	58301.320313
1635.833984	58262.738281
1634.800781	58125.457031
1633.766602	58472.316406
1632.732422	58010.796875
1631.697266	58162.570313
1630.663086	58370.656250
1629.627930	58261.640625
1628.593750	58619.894531
1627.558594	58419.320313
1626.522461	58969.871094
1625.487305	59567.160156
1624.451172	59556.558594
1623.416016	60151.179688
1622.379883	60056.039063
1621.343750	60176.667969
1620.306641	61035.789063
1619.270508	61460.933594
1618.233398	62598.414063
1617.196289	63789.386719
1616.159180	65336.046875
1615.122070	66961.804688
1614.083984	68535.445313
1613.046875	68991.570313
1612.008789	70400.406250
1610.970703	70474.476563
1609.932617	70855.109375
1608.893555	70550.000000
1607.855469	69856.625000
1606.816406	68667.593750
1605.777344	67329.312500
1604.738281	65844.187500
1603.698242	64633.125000
1602.659180	64404.226563
1601.619141	62761.492188
1600.579102	62568.050781
1599.539063	61797.632813
1598.499023	61277.414063
1597.458008	60507.496094
1596.417969	60032.054688
1595.376953	59349.003906
1594.335938	59436.457031
1593.294922	59285.839844
1592.252930	59452.605469
1591.210938	58917.105469
1590.169922	59265.804688
1589.127930	59145.632813
1588.084961	58941.562500
1587.042969	58462.476563
1586.000000	58419.417969
1584.958008	58842.457031
1583.915039	58526.734375
1582.872070	58753.914063
1581.828125	59302.429688
1580.785156	58961.171875
1579.741211	59127.609375
1578.697266	59589.625000
1577.653320	59108.843750
1576.609375	59063.394531
1575.564453	59734.566406
1574.520508	59665.753906
1573.475586	59976.070313
1572.430664	59549.121094
1571.384766	60119.742188
1570.339844	59513.921875
1569.293945	59487.031250
1568.249023	59220.800781
1567.202148	58908.199219
1566.156250	58809.414063
1565.110352	58606.148438
1564.063477	58586.398438
1563.017578	58629.335938
1561.970703	58226.578125
1560.922852	57777.539063
1559.875977	58310.207031
1558.829102	57824.191406
1557.781250	57895.050781
1556.733398	57856.882813
1555.685547	57626.265625
1554.636719	57708.707031
1553.588867	57893.109375
1552.540039	58091.343750
1551.491211	58159.750000
1550.442383	57813.437500
1549.393555	57888.812500
1548.344727	57957.210938
1547.294922	57854.238281
1546.245117	57809.175781
1545.195313	57949.296875
1544.145508	57658.917969
1543.094727	57609.281250
1542.044922	57871.964844
1540.994141	57512.363281
1539.943359	57737.964844
1538.892578	58030.535156
1537.840820	58200.480469
1536.790039	57792.527344
1535.738281	58031.773438
1534.686523	57644.785156
1533.634766	57491.253906
1532.583008	57781.234375
1531.530273	57967.187500
1530.477539	58007.617188
1529.424805	57535.554688
1528.372070	58051.496094
1527.319336	57690.355469
1526.265625	57772.324219
1525.212891	57741.230469
1524.159180	57772.417969
1523.105469	57337.785156
1522.051758	57887.773438
1520.997070	58001.894531
1519.942383	58381.015625
1518.888672	57948.878906
1517.833984	57417.828125
1516.778320	57845.218750
1515.723633	57786.500000
1514.667969	57978.792969
1513.612305	57802.652344
1512.556641	57831.437500
1511.500977	57857.910156
1510.445313	58047.742188
1509.388672	58106.367188
1508.332031	57875.148438
1507.275391	58667.410156
1506.218750	58302.800781
1505.162109	58961.359375
1504.104492	58720.945313
1503.047852	58370.304688
1501.990234	58049.660156
1500.931641	58625.078125
1499.874023	58499.730469
1498.816406	58516.812500
1497.757813	58175.695313
1496.699219	58208.890625
1495.640625	58726.371094
1494.582031	58135.253906
1493.522461	59033.433594
1492.462891	58428.703125
1491.403320	58592.550781
1490.343750	58744.867188
1489.284180	58862.734375
1488.224609	58969.097656
1487.164063	58472.632813
1486.103516	58693.597656
1485.042969	58939.687500
1483.982422	58855.816406
1482.920898	59039.945313
1481.860352	58816.398438
1480.798828	58686.796875
1479.737305	58772.417969
1478.675781	58995.324219
1477.613281	59154.078125
1476.550781	58949.000000
1475.489258	58691.386719
1474.426758	59206.878906
1473.363281	58999.609375
1472.300781	59453.128906
1471.237305	59131.593750
1470.174805	59132.414063
1469.111328	59295.464844
1468.046875	59355.648438
1466.983398	59945.734375
1465.919922	59603.835938
1464.855469	59885.410156
1463.791016	59840.417969
1462.726563	59893.589844
1461.661133	60195.492188
1460.596680	60034.097656
1459.531250	60014.195313
1458.465820	60500.656250
1457.400391	60526.285156
1456.334961	60773.066406
1455.268555	60860.183594
1454.202148	61097.695313
1453.135742	60924.925781
1452.069336	60740.828125
1451.002930	61308.539063
1449.935547	61099.375000
1448.869141	60648.902344
1447.801758	61334.710938
1446.734375	61205.324219
1445.666016	61633.593750
1444.598633	61354.003906
1443.530273	61816.218750
1442.461914	62496.636719
1441.393555	62669.632813
1440.325195	62924.421875
1439.256836	63124.554688
1438.187500	63956.542969
1437.118164	64274.593750
1436.048828	64733.410156
1434.979492	64933.062500
1433.909180	64891.863281
1432.839844	65384.378906
1431.769531	65892.609375
1430.699219	66010.171875
1429.627930	66132.226563
1428.557617	66009.132813
1427.486328	65954.156250
1426.416016	66026.234375
1425.343750	65601.546875
1424.272461	66197.523438
1423.201172	65732.140625
1422.128906	65627.367188
1421.056641	65382.109375
1419.984375	65445.132813
1418.912109	66031.523438
1417.839844	65478.226563
1416.766602	65464.183594
1415.693359	65119.515625
1414.620117	65252.707031
1413.546875	65277.183594
1412.473633	65389.921875
1411.399414	65296.691406
1410.325195	64773.613281
1409.250977	65031.148438
1408.176758	65401.671875
1407.102539	65460.000000
1406.027344	65540.914063
1404.952148	66159.796875
1403.876953	65386.238281
1402.801758	66239.921875
1401.726563	67149.773438
1400.650391	66428.406250
1399.574219	66669.390625
1398.498047	66996.093750
1397.421875	66749.234375
1396.345703	66556.632813
1395.268555	66797.414063
1394.191406	67090.000000
1393.114258	66669.578125
1392.037109	67313.953125
1390.959961	67270.250000
1389.881836	67440.773438
1388.804688	68237.945313
1387.726563	67741.046875
1386.647461	68193.078125
1385.569336	68642.687500
1384.491211	69276.859375
1383.412109	69491.867188
1382.333008	69305.945313
1381.253906	69329.476563
1380.173828	69427.289063
1379.094727	69932.445313
1378.014648	70129.117188
1376.934570	69616.992188
1375.854492	69705.671875
1374.773438	69735.835938
1373.693359	69552.367188
1372.612305	69380.195313
1371.531250	68965.312500
1370.450195	67876.328125
1369.369141	68075.312500
1368.287109	67739.515625
1367.205078	67336.445313
1366.123047	66893.093750
1365.041016	66779.984375
1363.958984	66247.085938
1362.875977	66336.148438
1361.793945	66344.375000
1360.710938	66096.804688
1359.626953	65860.531250
1358.543945	65442.660156
1357.460938	66004.968750
1356.376953	65609.632813
1355.292969	64905.074219
1354.208984	65144.398438
1353.124023	65269.339844
1352.040039	64715.332031
1350.955078	64582.679688
1349.870117	64660.613281
1348.785156	64281.679688
1347.700195	64366.351563
1346.614258	64274.140625
1345.528320	63564.226563
1344.442383	64134.570313
1343.356445	64044.679688
1342.270508	64209.835938
1341.183594	64111.011719
1340.096680	64179.933594
1339.009766	63801.679688
1337.922852	63879.566406
1336.835938	64265.847656
1335.748047	64057.601563
1334.661133	63802.507813
1333.573242	64190.816406
1332.484375	64319.917969
1331.396484	64569.550781
1330.307617	64285.511719
1329.219727	64146.664063
1328.130859	64719.781250
1327.041992	64074.390625
1325.952148	64607.152344
1324.863281	64798.449219
1323.773438	64780.046875
1322.683594	64641.242188
1321.593750	64734.335938
1320.502930	64319.199219
1319.413086	64470.250000
1318.322266	64815.089844
1317.231445	64458.078125
1316.140625	64675.832031
1315.048828	64704.218750
1313.958008	64282.843750
1312.866211	64562.832031
1311.774414	64793.753906
1310.682617	64421.539063
1309.589844	64178.500000
1308.498047	64809.757813
1307.405273	65116.074219
1306.312500	65553.468750
1305.218750	65574.960938
1304.125977	65216.328125
1303.032227	66124.625000
1301.939453	66097.101563
1300.845703	65874.078125
1299.750977	66197.570313
1298.657227	66548.476563
1297.562500	66899.703125
1296.467773	67250.921875
1295.373047	67602.148438
1294.278320	67953.367188
1293.183594	68304.593750
1292.087891	68591.710938
1290.992188	68279.859375
1289.896484	68280.796875
1288.800781	67989.062500
1287.704102	68273.804688
1286.608398	67676.304688
1285.511719	67347.156250
1284.415039	67013.687500
1283.317383	66483.187500
1282.220703	66515.437500
1281.123047	66543.250000
1280.025391	66101.671875
1278.927734	65901.539063
1277.830078	65736.890625
1276.731445	65178.410156
1275.633789	65458.636719
1274.535156	64789.804688
1273.436523	65089.902344
1272.336914	64578.371094
1271.238281	64237.253906
1270.138672	63566.906250
1269.039063	63798.484375
1267.939453	63828.898438
1266.839844	63253.980469
1265.739258	62741.113281
1264.638672	63226.628906
1263.538086	63016.441406
1262.437500	62852.687500
1261.336914	62753.000000
1260.235352	62514.320313
1259.134766	61980.062500
1258.033203	62498.261719
1256.930664	61957.578125
1255.829102	61586.890625
1254.726563	61741.078125
1253.625000	61505.027344
1252.522461	62146.253906
1251.418945	61242.519531
1250.316406	61663.230469
1249.212891	61345.851563
1248.110352	61325.910156
1247.006836	61308.171875
1245.902344	60955.796875
1244.798828	60671.785156
1243.694336	61138.343750
1242.589844	60964.414063
1241.485352	61166.750000
1240.380859	60891.691406
1239.276367	60825.652344
1238.170898	60673.886719
1237.065430	61030.003906
1235.959961	60722.187500
1234.854492	60924.328125
1233.748047	60535.343750
1232.642578	60878.035156
1231.536133	60974.601563
1230.429688	60921.800781
1229.322266	60956.839844
1228.215820	60792.101563
1227.108398	60748.132813
1226.000977	61015.789063
1224.893555	60701.925781
1223.786133	60846.644531
1222.677734	61030.781250
1221.569336	61157.839844
1220.460938	60833.207031
1219.352539	60114.125000
1218.244141	60247.843750
1217.134766	60561.195313
1216.025391	60576.476563
1214.916016	60234.707031
1213.806641	60352.968750
1212.697266	59698.242188
1211.586914	60243.453125
1210.476563	60024.558594
1209.366211	59930.480469
1208.255859	60166.832031
1207.145508	60339.652344
1206.034180	60604.269531
1204.922852	60623.863281
1203.811523	60521.003906
1202.700195	60577.761719
1201.587891	60772.191406
1200.476563	61073.628906
1199.364258	61047.222656
1198.251953	61285.140625
1197.138672	61059.953125
1196.026367	61965.980469
1194.913086	62094.433594
1193.799805	62080.949219
1192.686523	62172.226563
1191.573242	61951.429688
1190.458984	62121.230469
1189.344727	62175.359375
1188.230469	61182.640625
1187.116211	61328.496094
1186.001953	61132.023438
1184.886719	61541.574219
1183.772461	61310.257813
1182.657227	61031.085938
1181.541016	61109.292969
1180.425781	60684.320313
1179.309570	60719.000000
1178.193359	60688.343750
1177.077148	60668.582031
1175.960938	59884.863281
1174.844727	60196.019531
1173.727539	59514.925781
1172.610352	59908.695313
1171.493164	59386.667969
1170.375977	59408.464844
1169.257813	59541.132813
1168.139648	59275.953125
1167.022461	59356.429688
1165.903320	58889.289063
1164.785156	58828.585938
1163.666992	58770.074219
1162.547852	59187.199219
1161.428711	58961.441406
1160.309570	58562.089844
1159.189453	59009.402344
1158.070313	59042.046875
1156.950195	58851.187500
1155.830078	58339.324219
1154.709961	58847.074219
1153.588867	58079.500000
1152.468750	58251.035156
1151.347656	58114.675781
1150.226563	57848.320313
1149.104492	57811.765625
1147.983398	58442.539063
1146.861328	58574.843750
1145.739258	58507.847656
1144.617188	58313.109375
1143.495117	58837.230469
1142.372070	58722.589844
1141.250000	58843.894531
1140.126953	59512.605469
1139.003906	59990.687500
1137.879883	59529.816406
1136.756836	59685.476563
1135.632813	59817.289063
1134.508789	60212.804688
1133.384766	59572.816406
1132.259766	59583.550781
1131.135742	58930.941406
1130.010742	59393.285156
1128.885742	59427.796875
1127.759766	59252.820313
1126.634766	59375.863281
1125.508789	59526.921875
1124.382813	59021.792969
1123.256836	59017.484375
1122.130859	58849.199219
1121.003906	58575.277344
1119.877930	59280.617188
1118.750977	58773.820313
1117.624023	58258.585938
1116.496094	58284.582031
1115.369141	58034.707031
1114.241211	58405.496094
1113.113281	58050.121094
1111.985352	58110.589844
1110.856445	57654.171875
1109.728516	57878.332031
1108.599609	57904.347656
1107.470703	58156.359375
1106.340820	57409.730469
1105.211914	57164.703125
1104.082031	57423.156250
1102.952148	57470.726563
1101.822266	57944.070313
1100.692383	57841.019531
1099.561523	57925.027344
1098.431641	57714.546875
1097.300781	57579.355469
1096.169922	57639.722656
1095.038086	57581.917969
1093.907227	58080.386719
1092.775391	57107.765625
1091.643555	57402.179688
1090.511719	57460.363281
1089.378906	57031.351563
1088.246094	57475.812500
1087.114258	57014.769531
1085.980469	56620.386719
1084.847656	56502.792969
1083.714844	56477.441406
1082.581055	56799.386719
1081.447266	56598.226563
1080.313477	56026.398438
1079.179688	57036.019531
1078.044922	55943.757813
1076.910156	56554.640625
1075.775391	56527.152344
1074.640625	56452.570313
1073.505859	56187.492188
1072.370117	56209.304688
1071.234375	56879.484375
1070.098633	56781.343750
1068.962891	56576.285156
1067.826172	56837.535156
1066.690430	56833.535156
1065.553711	56767.535156
1064.416992	56192.832031
1063.279297	56541.570313
1062.142578	56379.500000
1061.004883	56330.710938
1059.867188	56410.097656
1058.729492	56564.195313
1057.590820	56233.550781
1056.453125	56334.250000
1055.314453	55971.750000
1054.175781	56260.246094
1053.037109	55951.230469
1051.897461	56339.878906
1050.757813	56444.718750
1049.618164	56434.367188
1048.478516	56590.312500
1047.338867	56328.402344
1046.199219	56126.257813
1045.058594	56772.265625
1043.917969	56231.367188
1042.777344	56523.519531
1041.635742	56061.656250
1040.495117	56017.304688
1039.353516	55979.347656
1038.211914	55892.449219
1037.069336	55807.710938
1035.927734	55816.617188
1034.785156	55848.921875
1033.642578	56187.488281
1032.500000	55658.296875
1031.357422	55873.453125
1030.213867	55886.578125
1029.071289	55517.128906
1027.927734	55324.187500
1026.783203	55938.660156
1025.639648	55662.863281
1024.495117	55327.699219
1023.351563	55623.312500
1022.207031	55517.558594
1021.061523	55645.335938
1019.916992	55471.699219
1018.771484	55618.527344
1017.625977	55402.527344
1016.480469	55547.191406
1015.334961	55422.468750
1014.188477	55747.292969
1013.041992	55448.742188
1011.895508	55510.617188
1010.749023	55627.562500
1009.602539	55496.570313
1008.455078	55509.675781
1007.307617	55395.691406
1006.160156	55521.035156
1005.012695	54848.144531
1003.864258	55390.550781
1002.716797	55346.503906
1001.568359	55710.867188
1000.419922	55696.390625
999.270508	55819.410156
998.122070	56079.847656
996.972656	55993.414063
995.823242	55892.210938
994.673828	55907.296875
993.523438	55854.746094
992.373047	55753.617188
991.222656	55544.785156
990.072266	56347.738281
988.921875	56362.714844
987.771484	55748.492188
986.620117	55968.332031
985.468750	55863.058594
984.317383	56422.531250
983.165039	56509.199219
982.013672	56526.222656
980.861328	56315.460938
979.708984	56747.910156
978.555664	56320.027344
977.403320	56828.195313
976.250000	56396.238281
975.096680	56246.785156
973.943359	56354.406250
972.790039	55990.167969
971.635742	56792.746094
970.481445	56001.132813
969.327148	56365.535156
968.172852	56302.535156
967.018555	56504.707031
965.863281	56870.914063
964.708008	56342.953125
963.552734	56185.347656
962.397461	56246.492188
961.241211	56223.511719
960.084961	56053.398438
958.929688	56339.406250
957.772461	56120.996094
956.616211	56774.535156
955.458984	56537.218750
954.301758	56257.980469
953.144531	56549.972656
951.987305	56186.859375
950.830078	55574.101563
949.671875	55914.316406
948.513672	55759.234375
947.355469	55287.437500
946.196289	55549.906250
945.038086	55225.109375
943.878906	55317.660156
942.719727	55246.664063
941.560547	55077.191406
940.400391	54872.152344
939.241211	55237.050781
938.081055	55174.496094
936.919922	55019.808594
935.759766	55250.460938
934.599609	54968.105469
933.438477	55184.023438
932.277344	55255.457031
931.116211	55722.328125
929.954102	55563.511719
928.791992	55599.269531
927.630859	55664.292969
926.467773	55823.378906
925.305664	55842.339844
924.143555	56339.917969
922.980469	56187.417969
921.817383	55750.828125
920.654297	56651.296875
919.490234	56649.191406
918.327148	56989.539063
917.163086	57229.542969
915.999023	57438.148438
914.833984	57663.371094
913.669922	57615.160156
912.504883	58138.589844
911.339844	58561.699219
910.174805	58615.531250
909.008789	59334.472656
907.843750	59029.570313
906.677734	59531.398438
905.511719	59555.820313
904.345703	59561.484375
903.178711	59163.015625
902.011719	58566.828125
900.844727	58608.062500
899.677734	58110.046875
898.510742	58140.937500
897.342773	58019.882813
896.174805	57322.484375
895.006836	58075.410156
893.838867	57790.101563
892.670898	57567.289063
891.501953	57438.125000
890.333008	57225.851563
889.164063	57435.589844
887.994141	57510.167969
886.825195	57399.800781
885.655273	57326.863281
884.485352	57175.023438
883.315430	57565.226563
882.144531	57558.730469
880.973633	57664.324219
879.803711	58284.589844
878.631836	58315.304688
877.460938	58146.835938
876.289063	58503.226563
875.118164	58718.453125
873.945313	58672.335938
872.773438	58636.597656
871.601563	58772.906250
870.428711	58801.402344
869.255859	58956.273438
868.083008	58603.542969
866.910156	58795.671875
865.736328	59053.992188
864.562500	59604.148438
863.388672	59905.691406
862.214844	60271.277344
861.040039	60738.125000
859.866211	60435.156250
858.691406	60597.714844
857.516602	60507.902344
856.340820	60476.011719
855.166016	60150.566406
853.990234	59281.613281
852.814453	59597.156250
851.637695	59449.738281
850.461914	59292.046875
849.285156	60373.691406
848.108398	59685.152344
846.931641	59868.171875
845.754883	60575.457031
844.577148	60710.769531
843.399414	60976.027344
842.221680	62136.605469
841.043945	62090.019531
839.865234	63181.894531
838.687500	64696.078125
837.508789	65164.441406
836.329102	65199.765625
835.150391	65290.714844
833.970703	65373.386719
832.791992	65501.351563
831.611328	64599.394531
830.431641	63615.394531
829.251953	62747.062500
828.071289	61778.179688
826.890625	61521.789063
825.709961	60495.867188
824.528320	60044.347656
823.347656	59669.101563
822.166016	59335.128906
820.984375	59213.078125
819.801758	58283.093750
818.620117	58508.660156
817.437500	58612.886719
816.254883	57901.328125
815.072266	57911.121094
813.888672	57335.515625
812.706055	57680.144531
811.522461	57100.687500
810.338867	56642.558594
809.154297	56408.316406
807.970703	56496.339844
806.786133	56951.585938
805.601563	56672.281250
804.416992	56477.167969
803.231445	56345.691406
802.045898	56220.410156
800.861328	56294.007813
799.674805	56277.398438
798.489258	56176.781250
797.302734	56434.718750
796.117188	56151.804688
794.930664	55864.902344
793.743164	55633.382813
792.556641	55489.976563
791.369141	55399.839844
790.181641	54820.644531
788.994141	55405.839844
787.805664	55117.332031
786.618164	55102.992188
785.429688	55166.359375
784.241211	55072.277344
783.052734	54747.242188
781.863281	54914.863281
780.673828	54692.140625
779.484375	54158.968750
778.294922	54351.109375
777.105469	54318.531250
775.915039	53926.605469
774.724609	54780.101563
773.534180	54233.109375
772.343750	53853.652344
771.152344	54390.433594
769.960938	53964.164063
768.769531	53980.632813
767.578125	53962.429688
766.385742	53891.222656
765.194336	54466.210938
764.001953	54346.019531
762.808594	55348.609375
761.616211	54718.976563
760.422852	55250.597656
759.230469	55460.253906
758.037109	55563.949219
756.842773	55726.636719
755.649414	56119.261719
754.455078	56198.347656
753.260742	56682.292969
752.066406	56580.191406
750.871094	56498.464844
749.676758	55875.863281
748.481445	55397.839844
747.286133	55123.265625
746.089844	55025.601563
744.894531	55251.054688
743.698242	54389.523438
742.501953	54682.035156
741.304688	54245.371094
740.108398	54028.152344
738.911133	53666.878906
737.713867	53376.777344
736.516602	53790.949219
735.319336	53245.285156
734.121094	53468.636719
732.922852	53432.300781
731.724609	53039.082031
730.526367	52465.570313
729.327148	52842.949219
728.127930	52991.171875
726.928711	52825.261719
725.729492	52710.062500
724.530273	52633.386719
723.330078	52653.941406
722.129883	52866.843750
720.929688	52454.125000
719.728516	52104.300781
718.528320	52460.855469
717.327148	52449.042969
716.125977	52465.550781
714.923828	52429.464844
713.722656	52304.414063
712.520508	52456.390625
711.318359	51862.421875
710.116211	52121.531250
708.913086	51800.625000
707.710938	52069.746094
706.507813	52548.828125
705.304688	52193.683594
704.100586	52260.660156
702.897461	52026.820313
701.693359	52154.351563
700.489258	52116.355469
699.284180	52062.234375
698.080078	52219.937500
696.875000	52004.460938
695.669922	52156.062500
694.464844	52362.039063
693.258789	51868.484375
692.053711	51911.187500
690.847656	52570.457031
689.641602	52657.328125
688.434570	52526.632813
687.228516	52345.640625
686.021484	52221.085938
684.814453	52382.437500
683.607422	52332.390625
682.399414	51843.667969
681.191406	52147.839844
679.983398	52262.804688
678.775391	52369.683594
677.567383	51895.386719
676.358398	51831.398438
675.149414	52284.019531
673.940430	52069.250000
672.730469	52622.121094
671.521484	52124.101563
670.311523	52098.281250
669.101563	52068.453125
667.890625	52068.746094
666.680664	51898.410156
665.469727	52125.531250
664.258789	52236.175781
663.047852	51672.656250
661.835938	51817.441406
660.625000	51978.214844
659.413086	51804.058594
658.201172	51908.632813
656.988281	51724.531250
655.776367	51895.210938
654.563477	51685.125000
653.350586	51743.558594
652.136719	51906.121094
650.923828	51525.925781
649.709961	51848.636719
648.496094	51646.753906
647.282227	51500.980469
646.067383	51679.429688
644.852539	51505.691406
643.637695	51258.007813
642.422852	51660.390625
641.208008	51354.773438
639.992188	51575.054688
638.776367	51783.261719
637.560547	51451.808594
636.344727	51673.941406
635.127930	52105.742188
633.911133	51824.339844
632.694336	51906.484375
631.477539	51792.933594
630.259766	51659.457031
629.042969	51621.828125
627.825195	51378.683594
626.606445	51383.011719
625.388672	51255.691406
624.169922	51277.984375
622.951172	51599.363281
621.732422	50800.230469
620.513672	51151.468750
619.293945	51325.214844
618.074219	50907.132813
616.854492	50957.343750
615.634766	50947.781250
614.414063	50916.316406
613.193359	51167.578125
611.972656	50726.015625
610.751953	50778.191406
609.530273	50742.792969
608.309570	50850.648438
607.087891	50962.437500
605.866211	50787.804688
604.643555	50269.253906
603.420898	50462.589844
602.198242	50727.402344
600.975586	50558.898438
599.752930	50563.312500
598.529297	50760.410156
597.305664	50464.878906
596.082031	50677.800781
594.858398	50310.917969
593.633789	50390.789063
592.410156	50591.691406
591.185547	50272.644531
589.959961	50640.132813
588.735352	50382.683594
587.509766	50868.996094
586.284180	50663.144531
585.058594	50830.054688
583.832031	50418.152344
582.606445	51017.035156
581.379883	50940.082031
580.153320	51023.609375
578.925781	50911.031250
577.699219	51051.949219
576.471680	51454.140625
575.244141	51385.085938
574.015625	51128.042969
572.788086	51876.250000
571.559570	51201.792969
570.331055	51051.730469
569.101563	51338.757813
567.873047	50686.523438
566.643555	50880.597656
565.414063	51133.890625
564.184570	50796.246094
562.954102	50857.812500
561.724609	50425.527344
560.494141	50299.515625
559.263672	50523.050781
558.032227	49767.296875
556.800781	50431.000000
555.570313	50237.976563
554.337891	50139.734375
553.106445	50191.449219
551.874023	49988.710938
550.642578	50071.980469
549.409180	50031.007813
548.176758	49599.746094
546.944336	49842.671875
545.710938	49655.941406
544.477539	49628.859375
543.243164	49696.332031
542.009766	49509.726563
540.775391	49145.984375
539.541016	49703.687500
538.306641	49786.832031
537.071289	49505.882813
535.836914	49640.183594
534.601563	49404.609375
533.366211	48996.042969
532.129883	49637.687500
530.894531	49498.574219
529.658203	49243.535156
528.421875	49381.652344
527.184570	49531.500000
525.948242	49478.941406
524.710938	49161.238281
523.473633	49782.347656
522.235352	49450.957031
520.998047	49490.710938
519.759766	49695.308594
518.521484	50041.117188
517.283203	49482.332031
516.043945	49675.042969
514.804688	49669.593750
513.565430	49983.761719
512.326172	49842.980469
511.085938	49645.406250
509.846680	49967.234375
508.606445	50020.503906
507.366211	49956.214844
506.125000	50023.171875
504.883789	49553.542969
503.643555	49638.167969
502.401367	49822.589844
501.160156	49637.042969
499.917969	49907.492188
498.675781	49788.511719
497.433594	49822.140625
496.191406	50106.085938
494.948242	50088.800781
493.705078	50007.011719
492.461914	50224.292969
491.218750	50015.480469
489.975586	50222.906250
488.731445	50377.511719
487.487305	50330.886719
486.242188	50448.304688
484.998047	50266.964844
483.752930	50450.714844
482.507813	50238.214844
481.262695	50164.328125
480.016602	50468.937500
478.771484	50406.738281
477.525391	50666.328125
476.278320	50225.851563
475.032227	50953.230469
473.785156	50758.437500
472.538086	50661.152344
471.291016	51292.562500
470.043945	51259.488281
468.795898	51319.906250
467.547852	51216.738281
466.299805	51765.785156
465.051758	52283.484375
463.802734	51964.167969
462.553711	52750.132813
461.304688	52294.671875
460.055664	52922.730469
458.805664	53029.394531
457.555664	52916.316406
456.305664	53481.687500
455.055664	54052.675781
453.804688	53653.816406
452.553711	54572.304688
451.302734	54561.976563
450.051758	54872.085938
448.799805	55428.664063
447.548828	56192.746094
446.296875	56655.695313
445.043945	57558.972656
443.791992	57662.546875
442.539063	57740.859375
441.286133	57648.468750
440.033203	56995.710938
438.779297	55970.964844
437.526367	55528.109375
436.272461	54133.867188
435.017578	53846.531250
433.763672	53224.156250
432.508789	52611.699219
431.253906	52853.480469
429.999023	52502.703125
428.744141	51923.632813
427.488281	51561.546875
426.232422	51402.773438
424.976563	51764.492188
423.720703	51031.242188
422.463867	51580.484375
421.207031	51334.808594
419.950195	51427.535156
418.693359	51187.777344
417.435547	50874.667969
416.177734	51377.035156
414.919922	51429.109375
413.662109	51432.875000
412.403320	51067.812500
411.144531	51280.152344
409.885742	51334.125000
408.626953	51029.109375
407.367188	51424.632813
406.107422	51225.816406
404.847656	51399.335938
403.587891	51175.523438
402.327148	51048.199219
401.067383	51092.488281
