#Wave		#Intensity
2001.248047	35820.769531
2000.278320	35890.949219
1999.308594	36022.519531
1998.338867	35916.007813
1997.369141	35739.382813
1996.398438	36023.695313
1995.428711	35867.144531
1994.458008	35908.457031
1993.487305	35639.324219
1992.516602	35996.039063
1991.545898	36024.789063
1990.574219	35968.457031
1989.603516	35904.632813
1988.631836	36113.472656
1987.660156	36239.710938
1986.688477	35888.324219
1985.715820	35794.554688
1984.744141	36165.734375
1983.771484	35929.500000
1982.798828	36118.117188
1981.826172	36194.246094
1980.853516	36132.972656
1979.880859	35954.339844
1978.907227	36225.214844
1977.933594	35911.820313
1976.959961	36060.296875
1975.986328	36044.011719
1975.012695	36257.289063
1974.039063	36091.289063
1973.064453	36000.171875
1972.089844	36323.070313
1971.115234	36506.222656
1970.140625	36365.218750
1969.166016	36211.800781
1968.190430	36561.839844
1967.215820	36361.097656
1966.240234	36182.843750
1965.264648	36121.718750
1964.289063	36618.457031
1963.312500	36534.867188
1962.336914	36125.175781
1961.360352	36148.726563
1960.383789	35943.312500
1959.407227	36653.628906
1958.430664	36383.511719
1957.454102	36411.972656
1956.476563	36589.632813
1955.499023	36329.613281
1954.521484	36507.222656
1953.543945	36632.570313
1952.566406	37031.238281
1951.587891	36629.691406
1950.610352	36218.343750
1949.631836	36490.195313
1948.653320	36235.468750
1947.674805	36762.964844
1946.696289	36754.046875
1945.716797	36335.585938
1944.737305	36892.566406
1943.758789	36238.503906
1942.779297	36696.070313
1941.798828	36605.312500
1940.819336	36311.230469
1939.838867	36989.214844
1938.859375	36596.003906
1937.878906	36611.906250
1936.898438	36835.964844
1935.916992	36623.859375
1934.936523	36771.039063
1933.955078	36819.093750
1932.974609	36646.718750
1931.993164	36670.015625
1931.010742	36356.617188
1930.029297	36308.171875
1929.047852	36343.878906
1928.065430	36510.714844
1927.083008	36536.476563
1926.100586	36527.601563
1925.118164	36484.105469
1924.135742	36781.839844
1923.152344	36444.128906
1922.168945	36721.984375
1921.185547	36498.078125
1920.202148	36466.972656
1919.218750	36873.136719
1918.235352	36992.644531
1917.250977	36660.179688
1916.266602	36446.351563
1915.282227	36449.835938
1914.297852	36401.484375
1913.313477	36417.312500
1912.328125	36694.675781
1911.343750	36483.484375
1910.358398	36696.605469
1909.373047	36251.210938
1908.387695	36604.835938
1907.401367	36600.882813
1906.416016	36624.039063
1905.429688	36573.257813
1904.443359	36731.925781
1903.457031	36612.164063
1902.470703	36743.671875
1901.483398	36483.574219
1900.497070	36580.585938
1899.509766	36884.347656
1898.522461	36577.597656
1897.535156	36440.750000
1896.546875	36301.492188
1895.559570	36860.925781
1894.571289	36365.000000
1893.583008	36985.703125
1892.594727	36546.476563
1891.606445	36739.183594
1890.618164	36509.066406
1889.628906	36328.183594
1888.639648	36594.531250
1887.650391	36335.082031
1886.661133	36760.980469
1885.671875	36786.453125
1884.682617	36718.609375
1883.692383	36545.234375
1882.702148	36835.800781
1881.711914	36490.683594
1880.721680	37021.601563
1879.731445	36372.382813
1878.740234	36964.449219
1877.749023	36653.878906
1876.757813	36828.875000
1875.766602	36515.980469
1874.775391	36639.464844
1873.784180	37101.082031
1872.791992	36854.453125
1871.799805	37019.457031
1870.807617	36797.417969
1869.815430	37116.644531
1868.823242	36877.523438
1867.830078	37118.289063
1866.837891	36871.906250
1865.844727	36960.863281
1864.851563	37110.953125
1863.858398	37045.718750
1862.864258	37506.355469
1861.871094	37096.277344
1860.876953	37754.781250
1859.882813	37078.347656
1858.888672	37770.835938
1857.894531	37676.222656
1856.899414	37706.246094
1855.905273	37611.675781
1854.910156	37160.550781
1853.915039	37889.039063
1852.919922	37638.222656
1851.923828	37634.046875
1850.928711	37888.574219
1849.932617	37903.871094
1848.936523	37999.675781
1847.940430	38312.546875
1846.944336	37571.691406
1845.947266	38201.527344
1844.951172	38314.273438
1843.954102	38246.589844
1842.957031	38498.207031
1841.959961	38576.718750
1840.962891	38280.003906
1839.964844	38509.550781
1838.966797	38631.855469
1837.969727	38169.699219
1836.970703	38481.917969
1835.972656	38448.367188
1834.974609	38560.855469
1833.975586	38405.632813
1832.976563	38493.753906
1831.978516	38365.351563
1830.978516	38740.433594
1829.979492	38483.152344
1828.980469	38797.296875
1827.980469	38715.109375
1826.980469	38744.750000
1825.980469	38480.351563
1824.980469	38752.968750
1823.979492	38918.605469
1822.979492	38950.609375
1821.978516	38574.660156
1820.977539	38640.699219
1819.976563	39102.371094
1818.975586	39076.066406
1817.973633	39411.320313
1816.972656	38829.394531
1815.970703	39067.546875
1814.968750	39060.660156
1813.966797	39376.277344
1812.963867	39219.027344
1811.961914	39035.164063
1810.958984	39333.648438
1809.956055	39241.906250
1808.953125	39125.972656
1807.950195	39014.917969
1806.946289	39310.765625
1805.943359	39071.382813
1804.939453	39422.796875
1803.935547	39500.562500
1802.930664	39258.851563
1801.926758	39426.144531
1800.922852	39259.519531
1799.917969	39644.445313
1798.913086	39470.585938
1797.908203	39671.570313
1796.903320	39560.617188
1795.897461	39776.015625
1794.891602	39556.332031
1793.886719	39916.625000
1792.880859	39933.742188
1791.874023	39465.351563
1790.868164	39895.500000
1789.862305	39922.265625
1788.855469	39888.667969
1787.848633	39970.933594
1786.841797	39845.632813
1785.833984	39795.167969
1784.827148	39925.652344
1783.819336	40060.914063
1782.812500	40333.585938
1781.804688	39991.316406
1780.795898	40420.597656
1779.788086	39979.609375
1778.779297	40305.113281
1777.771484	40122.109375
1776.762695	40271.613281
1775.753906	40531.855469
1774.744141	40254.984375
1773.735352	40120.265625
1772.725586	40108.363281
1771.715820	40325.121094
1770.706055	40794.480469
1769.696289	40505.769531
1768.686523	40448.097656
1767.675781	40691.093750
1766.666016	40645.429688
1765.655273	40852.234375
1764.644531	40828.191406
1763.632813	40604.660156
1762.622070	41039.652344
1761.610352	40902.660156
1760.598633	40869.007813
1759.586914	41029.910156
1758.575195	41325.230469
1757.563477	41349.140625
1756.550781	41452.257813
1755.538086	41466.531250
1754.525391	41663.175781
1753.512695	41504.656250
1752.500000	41682.027344
1751.486328	41537.949219
1750.473633	42050.968750
1749.459961	42151.425781
1748.446289	41978.570313
1747.432617	41913.625000
1746.417969	42165.011719
1745.404297	41889.218750
1744.389648	42238.730469
1743.375000	41900.750000
1742.360352	42369.859375
1741.344727	42515.593750
1740.330078	42005.386719
1739.314453	42598.679688
1738.298828	42351.855469
1737.283203	42830.031250
1736.267578	42556.937500
1735.251953	43161.664063
1734.235352	43596.398438
1733.218750	43485.882813
1732.202148	43614.437500
1731.185547	43561.308594
1730.168945	44100.796875
1729.151367	44124.050781
1728.133789	44156.847656
1727.117188	44397.406250
1726.098633	45110.671875
1725.081055	44957.054688
1724.063477	45414.554688
1723.044922	45580.730469
1722.026367	45944.898438
1721.007813	46067.976563
1719.989258	46424.765625
1718.970703	46511.941406
1717.951172	46854.214844
1716.931641	47124.847656
1715.912109	46904.359375
1714.892578	47065.257813
1713.873047	47707.414063
1712.853516	47439.289063
1711.833008	46904.484375
1710.812500	47381.996094
1709.791992	47440.269531
1708.771484	47446.148438
1707.750000	47306.832031
1706.729492	47267.511719
1705.708008	46802.296875
1704.686523	46843.957031
1703.665039	47268.550781
1702.642578	46929.613281
1701.621094	47325.503906
1700.598633	47279.078125
1699.576172	47375.281250
1698.553711	46920.113281
1697.531250	46790.621094
1696.507813	47100.652344
1695.485352	47044.796875
1694.461914	47015.082031
1693.438477	46325.316406
1692.415039	46836.988281
1691.390625	46702.886719
1690.367188	46547.472656
1689.342773	46731.402344
1688.318359	46858.332031
1687.293945	47027.902344
1686.269531	46900.992188
1685.244141	46714.851563
1684.218750	46806.125000
1683.194336	46956.621094
1682.168945	46969.617188
1681.142578	47086.851563
1680.117188	46630.785156
1679.090820	47003.828125
1678.064453	47078.367188
1677.038086	47219.171875
1676.011719	47565.863281
1674.985352	46608.355469
1673.958008	47068.617188
1672.931641	47760.570313
1671.904297	47709.511719
1670.876953	47360.472656
1669.848633	47458.476563
1668.821289	47341.296875
1667.792969	47590.542969
1666.764648	47541.917969
1665.736328	47769.769531
1664.708008	47808.539063
1663.679688	47320.535156
1662.650391	48136.371094
1661.621094	47856.269531
1660.591797	48140.519531
1659.562500	48070.597656
1658.533203	48375.941406
1657.502930	48471.171875
1656.472656	48398.859375
1655.442383	48949.292969
1654.412109	48539.675781
1653.381836	48691.390625
1652.351563	48496.492188
1651.320313	48855.582031
1650.289063	49313.523438
1649.257813	48981.949219
1648.226563	49135.796875
1647.194336	49452.113281
1646.163086	49528.101563
1645.130859	49519.296875
1644.098633	49931.890625
1643.066406	49200.414063
1642.033203	49777.644531
1641.000977	50053.496094
1639.967773	50136.343750
1638.934570	50132.132813
1637.901367	50118.515625
1636.868164	50511.664063
1635.833984	50575.554688
1634.800781	50505.449219
1633.766602	50503.515625
1632.732422	50640.207031
1631.697266	51011.761719
1630.663086	51249.304688
1629.627930	50845.667969
1628.593750	51090.195313
1627.558594	51498.957031
1626.522461	51825.421875
1625.487305	51978.117188
1624.451172	52562.464844
1623.416016	52133.210938
1622.379883	52836.929688
1621.343750	53195.687500
1620.306641	53507.421875
1619.270508	54583.234375
1618.233398	54667.265625
1617.196289	55859.648438
1616.159180	56496.339844
1615.122070	58217.367188
1614.083984	58820.617188
1613.046875	60376.699219
1612.008789	61080.019531
1610.970703	62422.125000
1609.932617	61634.000000
1608.893555	61651.101563
1607.855469	61544.203125
1606.816406	60637.351563
1605.777344	59557.757813
1604.738281	58172.226563
1603.698242	57734.031250
1602.659180	56138.941406
1601.619141	56201.390625
1600.579102	54985.671875
1599.539063	55083.339844
1598.499023	54153.218750
1597.458008	53741.882813
1596.417969	53804.691406
1595.376953	53515.265625
1594.335938	53225.839844
1593.294922	52936.417969
1592.252930	52646.718750
1591.210938	52357.023438
1590.169922	52608.925781
1589.127930	52268.394531
1588.084961	52946.910156
1587.042969	52065.593750
1586.000000	52275.406250
1584.958008	51660.179688
1583.915039	52375.589844
1582.872070	52296.363281
1581.828125	52065.769531
1580.785156	52482.640625
1579.741211	52408.085938
1578.697266	52231.128906
1577.653320	52896.781250
1576.609375	52545.265625
1575.564453	52366.046875
1574.520508	53254.632813
1573.475586	53063.714844
1572.430664	52933.328125
1571.384766	53914.328125
1570.339844	53635.058594
1569.293945	53546.464844
1568.249023	53436.984375
1567.202148	53685.339844
1566.156250	53459.722656
1565.110352	52950.843750
1564.063477	53064.460938
1563.017578	52637.085938
1561.970703	52325.925781
1560.922852	52796.996094
1559.875977	52323.484375
1558.829102	52362.863281
1557.781250	52495.007813
1556.733398	52436.929688
1555.685547	52402.058594
1554.636719	52701.042969
1553.588867	52728.714844
1552.540039	52707.710938
1551.491211	52253.406250
1550.442383	52915.917969
1549.393555	52737.375000
1548.344727	52753.429688
1547.294922	52706.957031
1546.245117	52347.964844
1545.195313	52366.386719
1544.145508	52289.917969
1543.094727	52155.625000
1542.044922	52118.542969
1540.994141	52359.031250
1539.943359	51972.726563
1538.892578	52414.304688
1537.840820	51991.132813
1536.790039	52254.578125
1535.738281	51993.343750
1534.686523	51919.355469
1533.634766	51880.042969
1532.583008	52020.894531
1531.530273	51690.605469
1530.477539	51960.730469
1529.424805	51332.777344
1528.372070	51445.921875
1527.319336	51148.269531
1526.265625	51635.167969
1525.212891	51111.519531
1524.159180	51183.097656
1523.105469	51167.023438
1522.051758	51227.039063
1520.997070	51017.324219
1519.942383	50796.164063
1518.888672	50918.417969
1517.833984	50913.917969
1516.778320	50840.308594
1515.723633	50766.722656
1514.667969	50957.968750
1513.612305	50829.132813
1512.556641	50626.679688
1511.500977	50962.832031
1510.445313	50258.800781
1509.388672	50650.109375
1508.332031	50643.339844
1507.275391	50776.859375
1506.218750	50862.042969
1505.162109	50896.617188
1504.104492	50682.929688
1503.047852	50857.707031
1501.990234	50536.105469
1500.931641	50922.195313
1499.874023	51108.308594
1498.816406	51255.316406
1497.757813	50830.546875
1496.699219	50486.273438
1495.640625	50766.429688
1494.582031	51090.085938
1493.522461	50947.855469
1492.462891	50810.261719
1491.403320	50491.519531
1490.343750	50849.382813
1489.284180	51269.023438
1488.224609	50991.625000
1487.164063	51126.882813
1486.103516	50771.691406
1485.042969	51014.617188
1483.982422	50260.984375
1482.920898	50673.394531
1481.860352	50891.011719
1480.798828	50891.042969
1479.737305	50714.816406
1478.675781	51033.003906
1477.613281	50900.285156
1476.550781	50980.386719
1475.489258	51030.714844
1474.426758	50564.156250
1473.363281	50797.468750
1472.300781	50580.312500
1471.237305	51076.402344
1470.174805	50952.972656
1469.111328	50936.976563
1468.046875	51188.277344
1466.983398	51400.660156
1465.919922	50973.507813
1464.855469	51516.933594
1463.791016	51377.562500
1462.726563	51277.039063
1461.661133	51596.460938
1460.596680	51420.636719
1459.531250	51222.058594
1458.465820	51267.605469
1457.400391	51304.015625
1456.334961	51486.332031
1455.268555	51561.433594
1454.202148	51896.343750
1453.135742	51729.785156
1452.069336	51465.312500
1451.002930	51173.597656
1449.935547	51711.035156
1448.869141	51956.796875
1447.801758	51676.527344
1446.734375	51874.394531
1445.666016	51774.039063
1444.598633	52122.003906
1443.530273	52467.566406
1442.461914	52012.289063
1441.393555	52648.859375
1440.325195	52580.277344
1439.256836	53091.468750
1438.187500	53275.144531
1437.118164	53090.570313
1436.048828	53183.285156
1434.979492	53682.632813
1433.909180	53975.089844
1432.839844	54119.824219
1431.769531	54350.785156
1430.699219	54379.613281
1429.627930	54392.535156
1428.557617	54164.890625
1427.486328	54459.203125
1426.416016	54335.980469
1425.343750	54575.714844
1424.272461	54162.230469
1423.201172	54315.742188
1422.128906	54621.085938
1421.056641	53870.089844
1419.984375	53713.097656
1418.912109	53911.886719
1417.839844	53931.640625
1416.766602	53681.851563
1415.693359	53826.183594
1414.620117	53798.386719
1413.546875	53467.257813
1412.473633	53797.136719
1411.399414	53834.980469
1410.325195	53485.914063
1409.250977	53539.628906
1408.176758	53871.507813
1407.102539	53981.660156
1406.027344	53822.726563
1404.952148	53564.386719
1403.876953	54221.464844
1402.801758	54265.937500
1401.726563	54308.132813
1400.650391	54427.109375
1399.574219	54333.746094
1398.498047	54364.609375
1397.421875	54147.117188
1396.345703	54324.714844
1395.268555	54448.085938
1394.191406	54715.816406
1393.114258	54645.050781
1392.037109	55029.937500
1390.959961	55074.148438
1389.881836	55122.851563
1388.804688	55435.300781
1387.726563	55666.488281
1386.647461	55649.699219
1385.569336	55835.695313
1384.491211	56010.363281
1383.412109	56369.656250
1382.333008	56881.949219
1381.253906	57011.292969
1380.173828	57192.363281
1379.094727	56873.703125
1378.014648	56694.679688
1376.934570	57233.437500
1375.854492	56845.203125
1374.773438	57597.402344
1373.693359	56532.375000
1372.612305	56380.542969
1371.531250	56156.824219
1370.450195	55703.945313
1369.369141	55660.191406
1368.287109	55474.914063
1367.205078	55635.625000
1366.123047	55234.808594
1365.041016	54766.773438
1363.958984	54278.699219
1362.875977	54538.265625
1361.793945	54223.207031
1360.710938	54751.945313
1359.626953	54129.609375
1358.543945	53902.269531
1357.460938	53692.949219
1356.376953	53696.710938
1355.292969	53787.902344
1354.208984	53666.125000
1353.124023	53210.480469
1352.040039	53398.046875
1350.955078	53527.300781
1349.870117	53696.824219
1348.785156	53559.484375
1347.700195	53473.687500
1346.614258	53123.769531
1345.528320	52827.691406
1344.442383	53077.734375
1343.356445	53124.082031
1342.270508	53058.566406
1341.183594	53268.164063
1340.096680	53164.625000
1339.009766	53072.300781
1337.922852	53368.957031
1336.835938	53229.691406
1335.748047	53068.125000
1334.661133	52794.910156
1333.573242	53124.898438
1332.484375	53037.132813
1331.396484	53170.457031
1330.307617	53149.687500
1329.219727	53367.757813
1328.130859	53585.746094
1327.041992	53573.832031
1325.952148	53537.378906
1324.863281	53802.054688
1323.773438	53299.472656
1322.683594	53597.539063
1321.593750	53409.503906
1320.502930	53435.511719
1319.413086	53399.105469
1318.322266	53507.539063
1317.231445	53667.167969
1316.140625	53755.464844
1315.048828	53676.710938
1313.958008	53511.148438
1312.866211	53741.886719
1311.774414	54210.683594
1310.682617	54194.203125
1309.589844	53948.562500
1308.498047	54107.863281
1307.405273	53733.328125
1306.312500	53872.589844
1305.218750	54096.285156
1304.125977	54617.757813
1303.032227	54456.746094
1301.939453	54306.902344
1300.845703	54399.269531
1299.750977	54835.894531
1298.657227	54921.464844
1297.562500	55104.703125
1296.467773	54830.542969
1295.373047	55566.414063
1294.278320	55103.628906
1293.183594	55790.367188
1292.087891	55875.660156
1290.992188	55940.953125
1289.896484	56188.070313
1288.800781	56115.812500
1287.704102	56036.925781
1286.608398	56150.898438
1285.511719	55750.707031
1284.415039	55946.660156
1283.317383	56005.199219
1282.220703	55636.250000
1281.123047	55794.468750
1280.025391	55228.640625
1278.927734	55327.101563
1277.830078	54989.519531
1276.731445	54676.398438
1275.633789	54679.765625
1274.535156	54645.523438
1273.436523	54405.613281
1272.336914	54229.910156
1271.238281	53970.257813
1270.138672	54006.894531
1269.039063	53670.023438
1267.939453	53602.843750
1266.839844	53378.832031
1265.739258	53278.589844
1264.638672	53829.863281
1263.538086	53296.804688
1262.437500	53454.917969
1261.336914	53147.253906
1260.235352	53159.679688
1259.134766	52624.914063
1258.033203	52734.492188
1256.930664	52383.058594
1255.829102	52913.832031
1254.726563	52207.515625
1253.625000	52563.972656
1252.522461	52505.945313
1251.418945	51833.136719
1250.316406	51773.054688
1249.212891	52281.320313
1248.110352	52049.386719
1247.006836	51810.933594
1245.902344	52147.179688
1244.798828	51488.359375
1243.694336	52196.476563
1242.589844	51685.308594
1241.485352	51838.726563
1240.380859	51338.800781
1239.276367	51654.960938
1238.170898	51830.281250
1237.065430	51697.761719
1235.959961	52075.222656
1234.854492	51988.847656
1233.748047	51968.417969
1232.642578	51813.992188
1231.536133	51611.296875
1230.429688	51832.500000
1229.322266	51752.824219
1228.215820	52090.265625
1227.108398	51507.957031
1226.000977	51428.375000
1224.893555	51820.535156
1223.786133	52052.417969
1222.677734	51323.582031
1221.569336	51480.910156
1220.460938	51625.023438
1219.352539	51826.074219
1218.244141	52029.242188
1217.134766	52054.843750
1216.025391	51780.289063
1214.916016	52088.488281
1213.806641	51397.917969
1212.697266	51657.898438
1211.586914	51585.015625
1210.476563	51612.847656
1209.366211	52179.019531
1208.255859	51845.699219
1207.145508	52085.664063
1206.034180	52130.871094
1204.922852	51998.925781
1203.811523	51923.871094
1202.700195	52008.425781
1201.587891	52669.960938
1200.476563	52157.769531
1199.364258	52362.394531
1198.251953	52357.238281
1197.138672	52587.957031
1196.026367	52598.039063
1194.913086	52531.703125
1193.799805	52864.851563
1192.686523	52848.683594
1191.573242	52830.335938
1190.458984	52973.437500
1189.344727	53426.226563
1188.230469	53165.695313
1187.116211	53077.519531
1186.001953	52483.589844
1184.886719	52635.332031
1183.772461	52290.132813
1182.657227	52590.015625
1181.541016	52597.867188
1180.425781	52581.750000
1179.309570	52330.449219
1178.193359	52662.753906
1177.077148	52659.691406
1175.960938	52275.738281
1174.844727	52496.882813
1173.727539	52039.117188
1172.610352	52134.050781
1171.493164	52068.003906
1170.375977	51673.621094
1169.257813	52188.171875
1168.139648	51602.621094
1167.022461	51882.269531
1165.903320	51596.847656
1164.785156	51331.082031
1163.666992	51634.515625
1162.547852	51618.585938
1161.428711	51574.433594
1160.309570	51159.058594
1159.189453	51655.476563
1158.070313	51548.398438
1156.950195	51298.152344
1155.830078	51388.589844
1154.709961	51056.035156
1153.588867	50983.835938
1152.468750	51002.722656
1151.347656	50854.679688
1150.226563	50730.527344
1149.104492	51271.695313
1147.983398	51320.839844
1146.861328	51118.683594
1145.739258	51510.035156
1144.617188	51619.734375
1143.495117	52110.441406
1142.372070	51657.179688
1141.250000	51887.984375
1140.126953	52268.007813
1139.003906	52862.074219
1137.879883	52688.031250
1136.756836	52689.226563
1135.632813	52660.144531
1134.508789	52432.179688
1133.384766	53096.992188
1132.259766	53085.136719
1131.135742	52623.855469
1130.010742	52810.835938
1128.885742	52872.468750
1127.759766	52834.738281
1126.634766	53099.296875
1125.508789	53007.566406
1124.382813	53047.523438
1123.256836	52774.566406
1122.130859	52892.218750
1121.003906	52988.253906
1119.877930	52739.175781
1118.750977	52563.496094
1117.624023	52556.046875
1116.496094	52733.980469
1115.369141	52189.855469
1114.241211	52451.820313
1113.113281	51830.386719
1111.985352	52337.871094
1110.856445	51856.664063
1109.728516	52191.699219
1108.599609	51620.273438
1107.470703	51933.699219
1106.340820	52412.714844
1105.211914	52409.585938
1104.082031	52290.289063
1102.952148	52297.933594
1101.822266	52320.625000
1100.692383	52048.746094
1099.561523	52037.078125
1098.431641	52367.144531
1097.300781	52312.437500
1096.169922	51995.632813
1095.038086	52654.179688
1093.907227	52075.406250
1092.775391	52061.582031
1091.643555	52183.019531
1090.511719	52237.863281
1089.378906	51676.750000
1088.246094	51635.105469
1087.114258	51606.347656
1085.980469	51689.132813
1084.847656	51448.058594
1083.714844	51588.734375
1082.581055	51748.648438
1081.447266	51518.402344
1080.313477	51369.675781
1079.179688	51161.007813
1078.044922	51453.691406
1076.910156	51457.121094
1075.775391	51190.726563
1074.640625	51684.492188
1073.505859	51567.996094
1072.370117	51599.214844
1071.234375	51598.320313
1070.098633	51190.929688
1068.962891	51461.769531
1067.826172	51708.980469
1066.690430	51308.199219
1065.553711	51711.414063
1064.416992	51541.625000
1063.279297	51506.535156
1062.142578	51721.449219
1061.004883	51996.101563
1059.867188	51708.898438
1058.729492	51851.046875
1057.590820	51610.945313
1056.453125	51624.964844
1055.314453	51794.789063
1054.175781	51499.335938
1053.037109	51756.593750
1051.897461	52032.953125
1050.757813	51978.621094
1049.618164	51890.187500
1048.478516	51844.429688
1047.338867	51504.515625
1046.199219	52036.406250
1045.058594	52016.207031
1043.917969	51825.574219
1042.777344	51909.789063
1041.635742	52049.343750
1040.495117	51701.238281
1039.353516	51602.335938
1038.211914	51795.074219
1037.069336	51881.335938
1035.927734	51576.062500
1034.785156	51824.003906
1033.642578	51788.968750
1032.500000	51592.324219
1031.357422	51561.593750
1030.213867	51581.886719
1029.071289	51691.441406
1027.927734	51871.074219
1026.783203	51897.667969
1025.639648	51860.523438
1024.495117	51806.398438
1023.351563	52234.312500
1022.207031	51343.656250
1021.061523	51712.058594
1019.916992	52158.847656
1018.771484	51487.242188
1017.625977	51768.429688
1016.480469	51635.894531
1015.334961	51456.750000
1014.188477	51158.933594
1013.041992	51503.562500
1011.895508	51695.453125
1010.749023	51866.082031
1009.602539	51496.359375
1008.455078	51169.140625
1007.307617	51356.707031
1006.160156	51660.671875
1005.012695	51303.953125
1003.864258	51324.160156
1002.716797	51526.367188
1001.568359	51694.640625
1000.419922	51926.316406
999.270508	52096.566406
998.122070	52304.816406
996.972656	52011.859375
995.823242	51765.515625
994.673828	52041.343750
993.523438	51577.410156
992.373047	51498.195313
991.222656	51414.785156
990.072266	52311.433594
988.921875	51978.714844
987.771484	51635.554688
986.620117	51809.707031
985.468750	51724.195313
984.317383	51689.351563
983.165039	52044.835938
982.013672	51518.449219
980.861328	51449.914063
979.708984	51501.597656
978.555664	51268.640625
977.403320	51961.125000
976.250000	51403.613281
975.096680	50949.550781
973.943359	51645.917969
972.790039	51318.351563
971.635742	51298.375000
970.481445	51196.281250
969.327148	50860.554688
968.172852	51004.835938
967.018555	50837.613281
965.863281	51040.750000
964.708008	51029.246094
963.552734	50716.980469
962.397461	50821.191406
961.241211	51137.707031
960.084961	51332.183594
958.929688	50902.390625
957.772461	50932.933594
956.616211	50856.320313
955.458984	50657.902344
954.301758	51051.785156
953.144531	50767.312500
951.987305	50562.714844
950.830078	50603.769531
949.671875	50569.257813
948.513672	50371.097656
947.355469	50066.019531
946.196289	50247.652344
945.038086	50037.074219
943.878906	50346.535156
942.719727	49951.539063
941.560547	49984.242188
940.400391	49518.210938
939.241211	50145.984375
938.081055	50065.511719
936.919922	50274.085938
935.759766	50331.816406
934.599609	50316.250000
933.438477	49953.222656
932.277344	50331.167969
931.116211	50667.121094
929.954102	50739.359375
928.791992	50209.183594
927.630859	50756.183594
926.467773	50767.722656
925.305664	50881.687500
924.143555	50811.683594
922.980469	51057.242188
921.817383	50966.335938
920.654297	50938.125000
919.490234	50832.644531
918.327148	51771.273438
917.163086	51502.832031
915.999023	51503.757813
914.833984	51855.292969
913.669922	51541.070313
912.504883	51879.949219
911.339844	52498.199219
910.174805	52663.675781
909.008789	52929.175781
907.843750	53042.390625
906.677734	53045.097656
905.511719	52739.378906
904.345703	53054.664063
903.178711	52278.265625
902.011719	52324.835938
900.844727	51994.480469
899.677734	52018.183594
898.510742	51758.777344
897.342773	51453.675781
896.174805	51677.214844
895.006836	51237.011719
893.838867	51745.468750
892.670898	51444.750000
891.501953	51493.453125
890.333008	51419.484375
889.164063	51412.054688
887.994141	50966.136719
886.825195	51380.570313
885.655273	50893.273438
884.485352	51216.175781
883.315430	51597.097656
882.144531	51161.929688
880.973633	50976.019531
879.803711	51769.781250
878.631836	51384.617188
877.460938	51611.621094
876.289063	52425.562500
875.118164	51810.277344
873.945313	52024.628906
872.773438	52846.324219
871.601563	52320.425781
870.428711	52190.542969
869.255859	52236.824219
868.083008	51976.488281
866.910156	51989.648438
865.736328	52156.042969
864.562500	52622.585938
863.388672	53126.218750
862.214844	53153.632813
861.040039	53367.273438
859.866211	53955.304688
858.691406	53484.027344
857.516602	53457.574219
856.340820	53325.671875
855.166016	53247.566406
853.990234	53330.714844
852.814453	53033.574219
851.637695	52960.230469
850.461914	52886.949219
849.285156	52813.609375
848.108398	52740.265625
846.931641	53482.039063
845.754883	53670.300781
844.577148	53317.738281
843.399414	53959.937500
842.221680	54482.230469
841.043945	55202.359375
839.865234	55889.214844
838.687500	55959.269531
837.508789	56831.277344
836.329102	57919.390625
835.150391	57356.332031
833.970703	57753.671875
832.791992	57407.160156
831.611328	57054.593750
830.431641	56271.753906
829.251953	55674.507813
828.071289	54496.957031
826.890625	54587.699219
825.709961	53816.171875
824.528320	53446.132813
823.347656	53195.539063
822.166016	52831.917969
820.984375	52390.289063
819.801758	52201.699219
818.620117	51604.128906
817.437500	52644.730469
816.254883	52141.812500
815.072266	51480.890625
813.888672	51247.441406
812.706055	51369.359375
811.522461	51117.535156
810.338867	51019.769531
809.154297	51100.601563
807.970703	50500.105469
806.786133	50757.449219
805.601563	50446.472656
804.416992	50775.511719
803.231445	50891.164063
802.045898	50518.824219
800.861328	50767.710938
799.674805	50379.132813
798.489258	50185.355469
797.302734	49962.968750
796.117188	49628.003906
794.930664	49649.500000
793.743164	49679.171875
792.556641	49727.257813
791.369141	49284.097656
790.181641	49585.988281
788.994141	49124.601563
787.805664	48982.500000
786.618164	48781.140625
785.429688	48898.847656
784.241211	49466.300781
783.052734	49042.148438
781.863281	48816.390625
780.673828	48566.195313
779.484375	48465.226563
778.294922	48570.597656
777.105469	48543.179688
775.915039	48391.222656
774.724609	48280.144531
773.534180	48195.640625
772.343750	48476.449219
771.152344	48179.746094
769.960938	48380.890625
768.769531	48569.722656
767.578125	48880.832031
766.385742	48765.714844
765.194336	48789.250000
764.001953	48816.851563
762.808594	49339.589844
761.616211	49157.234375
760.422852	49184.746094
759.230469	49586.960938
758.037109	49461.667969
756.842773	50197.539063
755.649414	50118.988281
754.455078	50386.410156
753.260742	50442.132813
752.066406	49783.816406
750.871094	50280.968750
749.676758	49740.863281
748.481445	49142.000000
747.286133	49092.187500
746.089844	49068.812500
744.894531	48795.511719
743.698242	48510.125000
742.501953	48230.933594
741.304688	47903.101563
740.108398	47979.453125
738.911133	48043.589844
737.713867	47655.082031
736.516602	47741.574219
735.319336	47641.371094
734.121094	47666.972656
732.922852	47682.421875
731.724609	47922.949219
730.526367	47579.488281
729.327148	47309.125000
728.127930	47590.113281
726.928711	47358.343750
725.729492	47096.269531
724.530273	47514.871094
723.330078	46900.488281
722.129883	47118.511719
720.929688	46858.691406
719.728516	47052.351563
718.528320	46410.171875
717.327148	47413.140625
716.125977	47106.925781
714.923828	47061.730469
713.722656	46943.750000
712.520508	47365.617188
711.318359	47506.359375
710.116211	47620.769531
708.913086	47682.597656
707.710938	47202.980469
706.507813	47658.734375
705.304688	47231.800781
704.100586	47267.398438
702.897461	47585.605469
701.693359	47564.605469
700.489258	47117.820313
699.284180	47684.035156
698.080078	47513.750000
696.875000	47246.714844
695.669922	47256.035156
694.464844	47912.515625
693.258789	47427.855469
692.053711	47799.890625
690.847656	47702.296875
689.641602	47796.125000
688.434570	47972.500000
687.228516	47818.535156
686.021484	47572.007813
684.814453	47995.929688
683.607422	48298.925781
682.399414	47613.750000
681.191406	47856.339844
679.983398	48175.281250
678.775391	47904.812500
677.567383	48046.667969
676.358398	47798.437500
675.149414	48237.742188
673.940430	47866.972656
672.730469	47681.199219
671.521484	47672.277344
670.311523	47952.593750
669.101563	48042.023438
667.890625	47326.281250
666.680664	47815.269531
665.469727	47382.832031
664.258789	47379.984375
663.047852	47545.664063
661.835938	47352.218750
660.625000	47535.890625
659.413086	47212.175781
658.201172	47183.289063
656.988281	47685.585938
655.776367	47033.355469
654.563477	46826.183594
653.350586	47075.839844
652.136719	46876.746094
650.923828	46769.839844
649.709961	46845.171875
648.496094	46916.468750
647.282227	46405.320313
646.067383	46746.812500
644.852539	46680.035156
643.637695	46827.312500
642.422852	47062.531250
641.208008	46695.792969
639.992188	46769.007813
638.776367	47008.097656
637.560547	47117.195313
636.344727	46888.574219
635.127930	47015.628906
633.911133	47186.574219
632.694336	47019.968750
631.477539	47130.949219
630.259766	46950.441406
629.042969	46979.558594
627.825195	46665.445313
626.606445	46830.265625
625.388672	46454.457031
624.169922	46539.480469
622.951172	46486.882813
621.732422	46846.972656
620.513672	46758.457031
619.293945	46139.882813
618.074219	46533.699219
616.854492	46578.757813
615.634766	46492.339844
614.414063	46585.171875
613.193359	46130.457031
611.972656	46685.132813
610.751953	46588.804688
609.530273	46428.832031
608.309570	46272.894531
607.087891	46258.242188
605.866211	46458.375000
604.643555	46399.941406
603.420898	46411.109375
602.198242	46529.601563
600.975586	46252.589844
599.752930	46520.074219
598.529297	46717.933594
597.305664	46524.523438
596.082031	46331.109375
594.858398	46137.699219
593.633789	46535.953125
592.410156	45973.503906
591.185547	46111.699219
589.959961	45825.292969
588.735352	45987.265625
587.509766	46331.617188
586.284180	46001.707031
585.058594	46554.070313
583.832031	46491.808594
582.606445	46275.000000
581.379883	46712.082031
580.153320	46380.417969
578.925781	46351.890625
577.699219	46285.753906
576.471680	46259.234375
575.244141	46377.214844
574.015625	46447.656250
572.788086	46771.332031
571.559570	46428.207031
570.331055	46567.820313
569.101563	46420.632813
567.873047	46405.968750
566.643555	46203.511719
565.414063	46572.316406
564.184570	46358.046875
562.954102	46734.578125
561.724609	46279.367188
560.494141	46630.093750
559.263672	46121.757813
558.032227	46176.250000
556.800781	46305.726563
555.570313	46170.710938
554.337891	45830.542969
553.106445	46216.453125
551.874023	45813.285156
550.642578	46563.863281
549.409180	46367.796875
548.176758	46323.582031
546.944336	46559.246094
545.710938	46077.562500
544.477539	46155.570313
543.243164	46485.667969
542.009766	46683.695313
540.775391	46442.562500
539.541016	46591.300781
538.306641	46330.585938
537.071289	46249.046875
535.836914	46346.578125
534.601563	46556.195313
533.366211	46533.656250
532.129883	46090.312500
530.894531	46647.839844
529.658203	46438.550781
528.421875	46121.246094
527.184570	46393.535156
525.948242	46284.597656
524.710938	46254.265625
523.473633	46398.718750
522.235352	46442.984375
520.998047	46265.402344
519.759766	46606.035156
518.521484	46267.578125
517.283203	46427.578125
516.043945	46818.980469
514.804688	46545.386719
513.565430	46485.625000
512.326172	46580.757813
511.085938	46319.117188
509.846680	46674.886719
508.606445	46715.066406
507.366211	46504.472656
506.125000	46423.226563
504.883789	46890.320313
503.643555	46562.335938
502.401367	46340.175781
501.160156	46679.800781
499.917969	46526.187500
498.675781	46413.714844
497.433594	46590.773438
496.191406	46718.875000
494.948242	46620.109375
493.705078	46230.093750
492.461914	46653.320313
491.218750	46716.812500
489.975586	46373.886719
488.731445	46642.515625
487.487305	46606.359375
486.242188	46827.976563
484.998047	46850.367188
483.752930	46862.984375
482.507813	46701.906250
481.262695	46714.542969
480.016602	47074.429688
478.771484	46724.195313
477.525391	47156.093750
476.278320	47342.156250
475.032227	47083.683594
473.785156	47369.085938
472.538086	46962.605469
471.291016	47310.261719
470.043945	47646.097656
468.795898	47656.562500
467.547852	47643.656250
466.299805	47887.734375
465.051758	48012.980469
463.802734	48513.773438
462.553711	48444.277344
461.304688	48610.195313
460.055664	48552.375000
458.805664	48626.804688
457.555664	49047.281250
456.305664	49209.062500
455.055664	49615.660156
453.804688	49693.710938
452.553711	49707.617188
451.302734	50067.265625
450.051758	50778.285156
448.799805	50747.312500
447.548828	51504.519531
446.296875	51576.285156
445.043945	52218.550781
443.791992	52740.273438
442.539063	52939.789063
441.286133	52543.812500
440.033203	52231.363281
438.779297	51455.675781
437.526367	50751.996094
436.272461	50453.621094
435.017578	49597.324219
433.763672	49297.339844
432.508789	48774.726563
431.253906	48535.039063
429.999023	48109.566406
428.744141	48030.761719
427.488281	48174.558594
426.232422	48351.195313
424.976563	47846.750000
423.720703	47412.128906
422.463867	47474.699219
421.207031	47918.160156
419.950195	47657.753906
418.693359	47453.500000
417.435547	47338.218750
416.177734	47586.214844
414.919922	47426.511719
413.662109	47769.031250
412.403320	47350.593750
411.144531	47553.984375
409.885742	47568.128906
408.626953	47495.417969
407.367188	47349.410156
406.107422	47629.804688
404.847656	47562.902344
403.587891	47281.964844
402.327148	47487.011719
401.067383	47553.179688
