#Wave		#Intensity
2001.221680	42412.730469
2000.251953	42603.226563
1999.282227	42340.167969
1998.312500	42545.757813
1997.342773	42122.464844
1996.372070	42415.683594
1995.402344	42368.210938
1994.431641	42748.914063
1993.460938	42678.863281
1992.490234	42443.636719
1991.518555	42546.339844
1990.547852	42951.761719
1989.576172	42518.968750
1988.604492	42444.011719
1987.632813	42956.769531
1986.661133	42754.234375
1985.689453	42749.265625
1984.716797	42636.820313
1983.745117	42804.304688
1982.772461	42746.855469
1981.799805	42689.421875
1980.827148	42701.945313
1979.853516	42934.230469
1978.880859	43138.964844
1977.907227	42964.160156
1976.933594	43343.539063
1975.959961	42714.558594
1974.986328	43505.542969
1974.011719	42901.703125
1973.038086	43008.941406
1972.063477	43233.351563
1971.088867	42968.972656
1970.114258	43235.687500
1969.138672	43380.171875
1968.164063	43255.460938
1967.188477	43038.597656
1966.212891	43825.773438
1965.237305	43257.679688
1964.261719	43250.117188
1963.286133	43503.996094
1962.309570	43506.343750
1961.333984	43287.167969
1960.357422	43431.402344
1959.380859	43398.921875
1958.404297	43433.621094
1957.426758	43582.726563
1956.450195	43968.027344
1955.472656	43418.292969
1954.495117	43815.914063
1953.517578	43517.437500
1952.540039	44101.285156
1951.561523	43459.968750
1950.583008	43591.480469
1949.605469	43914.203125
1948.626953	43345.269531
1947.647461	44360.664063
1946.668945	43645.378906
1945.690430	43831.343750
1944.710938	44208.328125
1943.731445	43982.242188
1942.751953	43872.828125
1941.772461	43954.441406
1940.791992	43770.671875
1939.812500	44320.894531
1938.832031	43941.273438
1937.851563	43727.855469
1936.871094	43621.070313
1935.890625	44411.265625
1934.909180	44205.304688
1933.928711	44301.589844
1932.947266	44174.960938
1931.965820	44360.351563
1930.984375	44293.167969
1930.002930	44292.835938
1929.020508	44243.003906
1928.038086	43945.761719
1927.056641	43844.058594
1926.074219	44756.488281
1925.090820	44624.996094
1924.108398	44382.281250
1923.125000	44312.703125
1922.142578	44265.390625
1921.159180	44561.597656
1920.175781	44585.906250
1919.191406	44449.632813
1918.208008	44286.234375
1917.223633	44384.660156
1916.240234	44295.398438
1915.255859	44687.554688
1914.271484	44635.292969
1913.286133	44686.695313
1912.301758	44745.480469
1911.316406	44569.882813
1910.331055	44490.539063
1909.345703	45022.804688
1908.360352	44470.003906
1907.375000	44814.726563
1906.388672	44762.503906
1905.402344	44821.187500
1904.416016	45015.367188
1903.429688	44785.757813
1902.443359	44758.195313
1901.457031	44974.441406
1900.469727	45294.019531
1899.482422	45012.820313
1898.495117	45216.593750
1897.507813	45188.972656
1896.520508	45092.468750
1895.532227	45610.996094
1894.543945	45130.753906
1893.556641	45442.519531
1892.568359	45385.371094
1891.579102	45205.324219
1890.590820	45320.285156
1889.601563	45312.328125
1888.613281	45473.906250
1887.624023	45038.480469
1886.634766	45261.449219
1885.644531	45376.289063
1884.655273	45581.929688
1883.665039	45473.277344
1882.674805	45823.632813
1881.684570	45599.636719
1880.694336	45451.777344
1879.704102	45860.824219
1878.712891	45529.015625
1877.722656	45849.621094
1876.731445	45787.625000
1875.740234	45845.769531
1874.748047	45546.054688
1873.756836	45898.277344
1872.764648	45280.140625
1871.773438	45967.890625
1870.781250	46116.562500
1869.788086	45790.117188
1868.795898	45554.371094
1867.803711	46004.128906
1866.810547	46133.105469
1865.817383	45909.656250
1864.824219	45872.226563
1863.831055	45736.960938
1862.837891	46232.753906
1861.843750	46268.640625
1860.849609	46258.062500
1859.855469	46362.378906
1858.861328	46188.031250
1857.867188	45891.558594
1856.872070	45942.128906
1855.877930	46166.113281
1854.882813	46280.113281
1853.887695	46044.875000
1852.892578	46476.246094
1851.896484	46070.179688
1850.901367	46498.949219
1849.905273	46449.285156
1848.909180	46255.691406
1847.913086	46525.640625
1846.916992	46383.316406
1845.919922	46650.703125
1844.923828	46893.617188
1843.926758	46839.050781
1842.929688	46860.054688
1841.932617	46381.511719
1840.935547	47260.179688
1839.937500	46803.656250
1838.939453	46335.109375
1837.942383	47249.843750
1836.943359	47470.378906
1835.945313	47277.027344
1834.947266	47035.062500
1833.948242	47289.582031
1832.949219	46879.828125
1831.951172	47718.078125
1830.951172	47522.406250
1829.952148	47613.738281
1828.953125	47308.746094
1827.953125	47735.523438
1826.953125	47442.765625
1825.953125	47755.160156
1824.953125	47399.332031
1823.952148	48083.269531
1822.952148	47963.082031
1821.951172	47592.832031
1820.950195	47749.535156
1819.949219	47986.285156
1818.948242	47790.957031
1817.946289	47903.863281
1816.945313	48315.132813
1815.943359	48119.843750
1814.941406	48031.335938
1813.939453	48141.683594
1812.936523	48268.964844
1811.934570	48243.492188
1810.931641	48351.316406
1809.928711	48127.140625
1808.925781	48416.640625
1807.921875	48190.109375
1806.918945	48394.730469
1805.915039	47979.410156
1804.912109	48622.183594
1803.908203	48294.101563
1802.903320	48578.417969
1801.899414	48298.851563
1800.894531	48179.050781
1799.890625	48867.167969
1798.885742	48713.449219
1797.880859	48661.332031
1796.875000	48771.210938
1795.870117	49103.417969
1794.864258	49135.839844
1793.858398	48585.933594
1792.852539	49079.855469
1791.846680	49020.472656
1790.840820	49014.238281
1789.833984	49160.121094
1788.828125	49153.859375
1787.821289	49244.148438
1786.814453	48731.085938
1785.806641	49120.605469
1784.799805	48870.695313
1783.791992	49436.121094
1782.784180	49482.863281
1781.776367	49729.710938
1780.768555	49843.878906
1779.760742	49745.898438
1778.751953	49582.882813
1777.743164	49530.761719
1776.735352	49114.894531
1775.725586	49599.980469
1774.716797	49562.324219
1773.708008	49686.000000
1772.698242	49901.105469
1771.688477	49706.960938
1770.678711	50018.242188
1769.668945	50283.695313
1768.659180	50010.195313
1767.648438	50568.984375
1766.637695	50370.078125
1765.626953	50418.882813
1764.616211	50631.132813
1763.605469	50189.562500
1762.593750	50168.679688
1761.583008	50943.074219
1760.571289	50862.003906
1759.559570	50545.589844
1758.547852	51206.636719
1757.535156	50868.656250
1756.523438	51063.710938
1755.510742	50929.878906
1754.498047	51609.582031
1753.485352	51535.679688
1752.472656	51308.277344
1751.458984	51507.867188
1750.445313	51606.667969
1749.432617	51623.917969
1748.417969	52089.417969
1747.404297	52339.050781
1746.390625	52082.980469
1745.375977	52524.187500
1744.361328	52371.175781
1743.346680	52591.832031
1742.332031	52628.027344
1741.317383	52889.257813
1740.302734	53497.484375
1739.287109	52973.460938
1738.271484	53200.984375
1737.255859	54148.554688
1736.240234	54435.589844
1735.223633	54299.203125
1734.208008	54681.750000
1733.191406	55157.398438
1732.174805	56077.480469
1731.158203	55508.316406
1730.140625	56069.582031
1729.124023	56200.613281
1728.106445	56845.156250
1727.088867	57088.246094
1726.071289	57813.585938
1725.053711	57798.578125
1724.035156	57814.601563
1723.017578	58088.363281
1721.999023	58321.460938
1720.980469	59100.800781
1719.961914	59319.320313
1718.942383	59046.484375
1717.923828	59059.871094
1716.904297	58939.746094
1715.884766	59046.101563
1714.865234	59071.390625
1713.844727	59334.945313
1712.825195	59083.820313
1711.804688	59271.050781
1710.784180	58955.722656
1709.763672	59038.136719
1708.743164	59215.746094
1707.722656	59395.671875
1706.701172	59011.519531
1705.679688	59036.753906
1704.658203	58229.343750
1703.636719	58311.789063
1702.615234	58753.292969
1701.592773	58255.453125
1700.571289	58380.632813
1699.548828	58372.660156
1698.526367	58412.218750
1697.502930	58321.078125
1696.480469	57823.746094
1695.457031	57732.738281
1694.433594	58368.429688
1693.410156	58132.519531
1692.386719	58530.519531
1691.363281	58588.972656
1690.338867	58630.789063
1689.314453	58722.410156
1688.290039	58078.617188
1687.265625	58846.261719
1686.241211	58309.378906
1685.215820	58943.933594
1684.191406	58409.589844
1683.166016	58875.617188
1682.140625	58874.652344
1681.115234	58819.187500
1680.088867	59261.199219
1679.062500	58518.843750
1678.037109	58956.011719
1677.010742	58782.183594
1675.983398	59162.332031
1674.957031	59293.835938
1673.930664	59167.363281
1672.903320	59048.027344
1671.875977	59172.378906
1670.848633	59119.304688
1669.820313	59425.667969
1668.792969	59821.761719
1667.764648	60042.792969
1666.736328	60025.042969
1665.708008	60491.699219
1664.679688	59720.222656
1663.651367	59997.792969
1662.622070	60310.691406
1661.592773	59945.789063
1660.563477	59930.417969
1659.534180	60169.980469
1658.504883	60796.496094
1657.474609	60894.238281
1656.444336	60916.449219
1655.415039	61115.554688
1654.383789	61248.554688
1653.353516	61610.222656
1652.323242	61323.449219
1651.291992	61583.617188
1650.260742	62095.851563
1649.229492	62094.242188
1648.198242	61946.566406
1647.166016	62211.140625
1646.134766	62353.156250
1645.102539	62504.539063
1644.070313	62658.218750
1643.038086	62908.343750
1642.004883	63341.933594
1640.972656	63024.796875
1639.939453	63446.445313
1638.906250	63900.871094
1637.873047	63644.937500
1636.839844	64442.441406
1635.805664	64459.191406
1634.772461	64734.472656
1633.738281	64664.210938
1632.704102	64882.964844
1631.668945	65331.855469
1630.634766	65888.625000
1629.599609	65945.000000
1628.565430	66222.054688
1627.530273	67353.492188
1626.494141	66902.609375
1625.458984	67167.609375
1624.422852	67402.007813
1623.387695	68447.960938
1622.351563	68888.437500
1621.315430	70222.187500
1620.278320	70992.765625
1619.242188	72726.500000
1618.205078	73972.125000
1617.167969	76035.117188
1616.130859	78005.992188
1615.093750	80955.312500
1614.055664	83327.437500
1613.018555	85368.546875
1611.980469	86605.890625
1610.942383	87901.312500
1609.904297	87827.148438
1608.865234	87591.546875
1607.827148	86906.843750
1606.788086	84956.906250
1605.749023	82764.437500
1604.709961	80610.164063
1603.669922	78840.062500
1602.630859	76741.007813
1601.590820	75890.671875
1600.550781	74631.726563
1599.510742	73754.039063
1598.470703	72397.812500
1597.429688	71798.734375
1596.389648	71148.492188
1595.348633	70096.945313
1594.307617	70180.148438
1593.265625	69910.929688
1592.224609	69177.484375
1591.182617	69484.757813
1590.140625	68448.414063
1589.098633	68261.312500
1588.056641	68356.398438
1587.014648	67824.351563
1585.971680	68700.289063
1584.928711	68781.250000
1583.886719	68102.617188
1582.842773	68377.007813
1581.799805	68239.039063
1580.755859	68583.164063
1579.712891	68573.257813
1578.668945	68360.828125
1577.625000	68583.710938
1576.580078	69178.835938
1575.536133	69210.703125
1574.491211	69607.765625
1573.446289	70104.703125
1572.401367	70013.125000
1571.356445	70665.578125
1570.311523	70515.820313
1569.265625	70772.835938
1568.219727	70021.257813
1567.173828	70610.500000
1566.127930	69759.328125
1565.082031	69874.609375
1564.035156	69423.265625
1562.988281	69327.289063
1561.941406	69363.664063
1560.894531	69058.851563
1559.847656	68587.078125
1558.799805	68611.953125
1557.751953	68203.046875
1556.704102	67771.093750
1555.656250	67506.250000
1554.608398	67577.648438
1553.560547	66881.789063
1552.511719	67025.117188
1551.462891	66746.679688
1550.414063	66380.296875
1549.365234	66692.718750
1548.315430	66903.125000
1547.265625	67064.835938
1546.216797	67918.679688
1545.166992	67096.421875
1544.116211	67100.632813
1543.066406	66979.890625
1542.015625	67037.320313
1540.965820	66588.187500
1539.915039	66687.289063
1538.863281	67001.382813
1537.812500	66783.664063
1536.760742	67113.796875
1535.709961	66676.593750
1534.658203	66237.234375
1533.605469	66063.679688
1532.553711	66118.851563
1531.501953	65589.757813
1530.449219	65843.539063
1529.396484	65695.570313
1528.343750	64691.375000
1527.290039	64128.285156
1526.237305	64255.246094
1525.183594	63946.179688
1524.129883	63517.289063
1523.076172	64266.890625
1522.022461	63496.871094
1520.968750	63395.609375
1519.914063	62761.996094
1518.859375	62504.203125
1517.804688	62764.878906
1516.750000	62442.675781
1515.694336	63085.574219
1514.639648	63101.914063
1513.583984	63707.621094
1512.528320	63203.625000
1511.472656	63275.164063
1510.416016	62564.332031
1509.360352	62967.238281
1508.303711	63096.277344
1507.247070	62675.621094
1506.190430	63009.300781
1505.132813	62857.785156
1504.076172	62800.558594
1503.018555	63134.027344
1501.960938	62571.273438
1500.903320	63171.148438
1499.844727	63249.410156
1498.787109	62422.832031
1497.728516	62609.113281
1496.669922	63018.000000
1495.611328	62352.566406
1494.552734	62407.945313
1493.493164	62456.421875
1492.434570	62605.808594
1491.375000	62397.343750
1490.315430	62262.328125
1489.254883	62354.347656
1488.195313	62496.757813
1487.134766	62382.421875
1486.074219	62355.199219
1485.013672	62431.085938
1483.953125	62193.113281
1482.892578	62140.738281
1481.831055	62548.648438
1480.769531	62358.855469
1479.708008	62340.804688
1478.646484	62423.464844
1477.583984	62455.746094
1476.522461	62153.988281
1475.459961	62197.742188
1474.397461	61642.273438
1473.334961	62131.988281
1472.271484	62255.730469
1471.208984	62173.703125
1470.145508	62368.234375
1469.082031	61870.343750
1468.018555	61978.042969
1466.954102	62478.574219
1465.890625	62380.582031
1464.826172	62262.070313
1463.761719	62515.718750
1462.697266	62351.570313
1461.631836	62735.183594
1460.567383	62810.628906
1459.501953	62612.292969
1458.436523	62696.847656
1457.371094	62573.851563
1456.305664	62339.171875
1455.239258	62549.109375
1454.172852	62797.710938
1453.107422	62528.929688
1452.040039	62756.933594
1450.973633	63103.316406
1449.907227	63419.957031
1448.839844	62796.003906
1447.772461	62450.035156
1446.705078	63208.238281
1445.637695	62912.386719
1444.569336	63451.773438
1443.500977	63062.699219
1442.432617	63363.011719
1441.364258	63362.996094
1440.295898	63540.351563
1439.227539	63992.730469
1438.158203	64174.445313
1437.088867	63806.101563
1436.019531	64219.554688
1434.950195	64298.886719
1433.879883	64466.777344
1432.810547	64645.960938
1431.740234	64498.101563
1430.669922	64983.691406
1429.598633	65110.468750
1428.528320	65089.687500
1427.457031	64941.843750
1426.386719	65125.269531
1425.314453	65104.484375
1424.243164	65203.902344
1423.171875	64947.296875
1422.099609	64693.050781
1421.027344	64808.343750
1419.955078	64486.222656
1418.882813	64884.726563
1417.810547	64680.500000
1416.737305	65094.675781
1415.664063	64528.152344
1414.590820	64713.519531
1413.517578	64586.429688
1412.444336	64504.644531
1411.370117	64827.949219
1410.295898	65517.660156
1409.221680	65668.742188
1408.147461	65471.464844
1407.073242	65502.644531
1405.998047	66053.812500
1404.922852	66478.195313
1403.847656	66052.632813
1402.772461	66273.492188
1401.697266	66952.890625
1400.621094	66339.984375
1399.544922	66447.734375
1398.468750	66939.312500
1397.392578	66685.695313
1396.316406	67183.812500
1395.239258	66812.882813
1394.162109	67026.492188
1393.084961	67118.195313
1392.007813	67900.070313
1390.930664	68138.164063
1389.852539	68520.476563
1388.774414	68679.468750
1387.696289	69093.093750
1386.618164	69380.367188
1385.540039	69635.992188
1384.460938	69776.632813
1383.382813	71045.640625
1382.303711	71001.312500
1381.223633	71033.546875
1380.144531	71088.273438
1379.064453	71642.648438
1377.985352	71251.679688
1376.905273	71547.070313
1375.825195	71543.171875
1374.744141	71451.554688
1373.664063	71036.156250
1372.583008	70958.148438
1371.501953	70554.226563
1370.420898	69716.679688
1369.338867	69571.531250
1368.257813	69909.460938
1367.175781	69582.375000
1366.093750	68599.617188
1365.011719	68331.265625
1363.929688	67948.500000
1362.846680	67745.453125
1361.763672	67926.234375
1360.680664	67249.804688
1359.597656	67152.421875
1358.514648	67375.820313
1357.430664	66865.804688
1356.346680	67012.937500
1355.262695	66920.132813
1354.178711	66365.640625
1353.094727	66553.109375
1352.009766	66417.593750
1350.925781	66282.195313
1349.840820	66146.679688
1348.755859	66011.156250
1347.669922	65875.523438
1346.584961	65740.000000
1345.499023	65604.359375
1344.413086	65468.722656
1343.327148	65333.082031
1342.240234	65327.996094
1341.154297	65423.550781
1340.067383	64749.835938
1338.980469	65641.382813
1337.893555	65600.460938
1336.805664	65112.574219
1335.718750	65534.308594
1334.630859	65214.160156
1333.542969	65425.750000
1332.455078	65766.789063
1331.367188	65453.464844
1330.278320	66247.578125
1329.189453	66244.531250
1328.100586	66002.695313
1327.011719	65905.976563
1325.922852	66255.468750
1324.833008	66707.437500
1323.743164	66160.156250
1322.653320	66429.132813
1321.563477	66131.781250
1320.473633	66703.789063
1319.382813	67266.679688
1318.291992	67065.125000
1317.201172	67086.414063
1316.110352	67423.960938
1315.019531	67765.843750
1313.927734	67488.640625
1312.835938	68380.210938
1311.744141	68229.851563
1310.652344	69029.734375
1309.560547	68403.179688
1308.467773	68804.554688
1307.375000	68749.851563
1306.282227	68468.351563
1305.189453	68853.921875
1304.095703	68685.867188
1303.002930	68106.710938
1301.909180	69100.968750
1300.815430	68744.109375
1299.721680	68569.515625
1298.626953	68783.632813
1297.533203	68775.625000
1296.438477	69180.539063
1295.343750	69143.601563
1294.248047	68838.140625
1293.153320	69473.578125
1292.057617	69354.507813
1290.961914	69661.351563
1289.866211	69843.882813
1288.770508	69616.164063
1287.674805	70257.515625
1286.578125	70309.070313
1285.481445	70178.882813
1284.384766	69827.187500
1283.288086	70405.992188
1282.190430	69762.023438
1281.092773	69612.085938
1279.996094	69679.179688
1278.897461	69790.515625
1277.799805	69445.890625
1276.702148	68638.914063
1275.603516	68566.734375
1274.504883	68364.078125
1273.406250	68537.460938
1272.307617	67291.187500
1271.208008	67851.585938
1270.108398	67808.343750
1269.008789	67533.062500
1267.909180	67158.445313
1266.809570	67214.757813
1265.708984	67063.414063
1264.609375	66265.062500
1263.508789	66427.476563
1262.407227	66269.734375
1261.306641	65434.429688
1260.206055	65751.375000
1259.104492	65874.039063
1258.002930	65661.343750
1256.901367	65358.296875
1255.798828	65077.406250
1254.697266	65125.128906
1253.594727	64943.574219
1252.492188	64614.417969
1251.389648	64525.566406
1250.286133	64696.722656
1249.183594	63764.214844
1248.080078	63748.238281
1246.976563	63833.554688
1245.872070	63782.339844
1244.768555	63596.867188
1243.664063	63004.312500
1242.560547	63294.332031
1241.455078	63434.640625
1240.350586	63214.160156
1239.246094	63587.542969
1238.140625	63320.937500
1237.035156	62907.128906
1235.929688	62686.898438
1234.824219	62857.914063
1233.717773	62418.042969
1232.612305	62518.742188
1231.505859	63148.734375
1230.399414	62570.695313
1229.291992	62840.367188
1228.185547	62688.457031
1227.078125	62453.199219
1225.970703	62676.652344
1224.863281	62281.312500
1223.755859	62232.703125
1222.647461	62627.136719
1221.539063	62302.183594
1220.430664	62176.855469
1219.322266	61924.429688
1218.213867	61840.851563
1217.104492	62283.191406
1215.995117	61862.187500
1214.885742	62286.835938
1213.776367	61763.042969
1212.666992	61145.289063
1211.556641	61348.714844
1210.446289	61232.496094
1209.335938	61722.511719
1208.225586	61555.933594
1207.115234	61883.824219
1206.003906	61478.863281
1204.892578	61710.421875
1203.781250	62035.906250
1202.669922	61880.343750
1201.557617	61921.539063
1200.446289	61967.089844
1199.333984	61992.957031
1198.221680	61789.445313
1197.108398	62234.671875
1195.996094	62579.281250
1194.882813	62260.050781
1193.769531	62707.121094
1192.656250	62499.285156
1191.542969	62603.558594
1190.428711	63059.042969
1189.314453	62417.171875
1188.200195	62785.281250
1187.085938	62564.527344
1185.971680	62954.269531
1184.856445	62406.601563
1183.741211	62922.628906
1182.625977	63139.953125
1181.510742	63368.085938
1180.395508	62676.980469
1179.279297	63416.871094
1178.163086	63633.937500
1177.046875	63295.808594
1175.930664	63684.753906
1174.813477	63048.609375
1173.697266	64266.402344
1172.580078	63478.101563
1171.462891	63868.898438
1170.344727	63283.183594
1169.227539	62723.769531
1168.109375	62362.363281
1166.991211	63126.882813
1165.873047	62322.250000
1164.754883	62552.042969
1163.635742	62468.960938
1162.516602	62411.964844
1161.397461	61961.972656
1160.278320	62595.449219
1159.159180	62080.464844
1158.039063	62316.546875
1156.918945	62094.714844
1155.798828	61918.515625
1154.678711	62232.570313
1153.558594	62065.082031
1152.437500	62077.613281
1151.316406	61613.218750
1150.195313	61571.636719
1149.074219	62368.695313
1147.952148	62686.644531
1146.831055	62785.683594
1145.708984	62925.835938
1144.586914	63297.632813
1143.463867	63920.437500
1142.341797	63973.710938
1141.218750	64587.500000
1140.095703	64651.449219
1138.972656	65238.925781
1137.849609	65603.390625
1136.725586	65370.820313
1135.601563	65410.781250
1134.477539	65195.621094
1133.353516	65503.617188
1132.229492	65511.105469
1131.104492	64943.847656
1129.979492	64720.277344
1128.854492	64809.972656
1127.729492	64605.941406
1126.603516	64546.640625
1125.478516	64701.070313
1124.352539	64374.136719
1123.226563	64159.531250
1122.099609	64067.984375
1120.973633	64159.820313
1119.846680	63759.882813
1118.719727	63543.378906
1117.592773	63352.824219
1116.465820	63602.070313
1115.337891	63288.722656
1114.209961	63188.808594
1113.082031	63593.054688
1111.954102	63083.859375
1110.826172	63630.109375
1109.697266	63043.574219
1108.568359	62683.292969
1107.439453	62790.214844
1106.310547	62438.714844
1105.180664	62182.011719
1104.051758	63013.925781
1102.921875	62335.640625
1101.791992	62599.496094
1100.661133	62465.496094
1099.531250	62707.730469
1098.400391	62543.660156
1097.269531	63331.601563
1096.138672	62757.113281
1095.006836	62717.707031
1093.875977	62381.929688
1092.744141	62651.812500
1091.612305	62593.117188
1090.480469	62446.433594
1089.347656	61713.906250
1088.215820	61728.359375
1087.083008	61577.617188
1085.950195	61935.277344
1084.816406	61428.546875
1083.683594	61443.031250
1082.549805	61245.273438
1081.416016	61619.871094
1080.282227	61782.167969
1079.148438	61541.601563
1078.013672	61787.394531
1076.878906	61772.519531
1075.744141	61757.648438
1074.609375	61742.773438
1073.474609	61727.898438
1072.338867	61713.011719
1071.203125	61698.125000
1070.067383	61683.238281
1068.931641	61668.351563
1067.794922	61653.453125
1066.659180	61638.566406
1065.522461	61623.664063
1064.385742	61608.765625
1063.248047	61593.851563
1062.111328	61578.953125
1060.973633	61564.042969
1059.835938	61549.128906
1058.698242	61534.214844
1057.559570	61519.292969
1056.421875	61504.378906
1055.283203	61489.453125
1054.144531	61474.527344
1053.005859	61459.605469
1051.866211	61444.664063
1050.726563	61429.726563
1049.587891	61414.800781
1048.447266	61399.851563
1047.307617	61539.937500
1046.167969	61400.773438
1045.027344	61790.109375
1043.886719	61555.078125
1042.746094	61618.335938
1041.604492	61715.644531
1040.463867	62062.039063
1039.322266	61710.031250
1038.180664	61639.109375
1037.038086	61785.277344
1035.896484	61646.277344
1034.753906	61777.492188
1033.611328	61721.488281
1032.468750	61440.089844
1031.326172	61073.742188
1030.182617	61489.808594
1029.040039	61444.515625
1027.896484	61717.980469
1026.751953	61944.601563
1025.608398	61935.351563
1024.463867	61463.113281
1023.319336	62097.343750
1022.174805	61945.820313
1021.030273	61607.558594
1019.885742	61749.042969
1018.740234	62238.460938
1017.594727	62316.128906
1016.449219	61918.644531
1015.303711	62581.648438
1014.157227	62421.730469
1013.010742	62189.789063
1011.864258	62320.367188
1010.717773	62291.964844
1009.571289	62210.597656
1008.423828	62175.863281
1007.276367	62613.441406
1006.128906	62576.523438
1004.981445	62452.808594
1003.833008	63027.683594
1002.684570	62783.289063
1001.536133	63827.640625
1000.387695	63251.031250
999.239258	63774.558594
998.089844	64018.726563
996.941406	64049.242188
995.791992	63716.125000
994.641602	64029.914063
993.492188	63555.324219
992.341797	64188.070313
991.191406	63419.980469
990.041016	63410.425781
988.890625	63888.683594
987.739258	63682.687500
986.588867	63736.410156
985.437500	63904.078125
984.285156	63698.183594
983.133789	63540.882813
981.981445	64117.714844
980.829102	63719.960938
979.676758	63874.816406
978.524414	63736.562500
977.372070	63490.859375
976.218750	63685.703125
975.065430	63777.222656
973.912109	63868.707031
972.757813	63637.890625
971.604492	63383.992188
970.450195	63919.757813
969.295898	64065.871094
968.141602	63984.617188
966.986328	63989.667969
965.832031	63714.882813
964.676758	63865.121094
963.521484	63874.386719
962.365234	63431.542969
961.209961	63670.042969
960.053711	63689.843750
958.897461	64029.085938
957.741211	64013.082031
956.584961	63646.238281
955.427734	64100.816406
954.270508	63851.691406
953.113281	64413.144531
951.956055	63469.167969
950.797852	63673.656250
949.639648	63668.214844
948.481445	63140.324219
947.323242	63550.339844
946.165039	63215.621094
945.005859	63157.828125
943.847656	63024.578125
942.687500	62929.105469
941.528320	63154.332031
940.369141	63040.003906
939.208984	62892.195313
938.048828	63052.359375
936.888672	62848.050781
935.728516	63238.488281
934.567383	63159.828125
933.406250	63493.542969
932.245117	63364.632813
931.083984	63235.765625
929.922852	63180.164063
928.760742	63218.703125
927.598633	63495.621094
926.436523	63314.542969
925.274414	63311.218750
924.111328	63491.816406
922.948242	63705.777344
921.785156	63673.125000
920.622070	64166.882813
919.458984	64236.484375
918.294922	64210.007813
917.130859	64189.796875
915.966797	64367.890625
914.802734	64612.703125
913.637695	64198.054688
912.472656	65164.625000
911.307617	65254.792969
910.142578	65236.480469
908.977539	65507.996094
907.811523	65374.980469
906.645508	65998.609375
905.479492	65605.054688
904.313477	65682.523438
903.146484	65464.156250
901.980469	65143.812500
900.813477	64925.621094
899.646484	65275.878906
898.478516	64612.277344
897.311523	64862.566406
896.143555	65193.906250
894.975586	64676.308594
893.806641	64368.984375
892.638672	64259.339844
891.469727	64382.609375
890.300781	64225.179688
889.131836	64506.371094
887.962891	64802.000000
886.792969	64316.292969
885.623047	64352.171875
884.453125	64624.812500
883.283203	64874.507813
882.112305	64916.484375
880.942383	64676.132813
879.771484	64846.804688
878.600586	64571.273438
877.428711	65333.171875
876.257813	65377.085938
875.085938	65350.468750
873.914063	65794.546875
872.741211	65201.890625
871.569336	65826.156250
870.396484	65297.949219
869.223633	65381.171875
868.050781	65253.054688
866.877930	65651.070313
865.704102	66123.492188
864.530273	66241.679688
863.356445	66432.281250
862.182617	67191.960938
861.007813	67485.773438
859.833984	67707.062500
858.659180	67543.515625
857.484375	67526.867188
856.308594	67764.554688
855.133789	67003.609375
853.958008	66269.812500
852.782227	66685.320313
851.605469	66801.070313
850.429688	66249.507813
849.252930	66354.960938
848.076172	66571.882813
846.899414	66437.726563
845.722656	66505.921875
844.544922	66869.226563
843.367188	66576.187500
842.189453	67434.500000
841.011719	67252.843750
839.833008	68139.578125
838.655273	68345.515625
837.476563	68491.585938
836.296875	68524.234375
835.118164	68876.296875
833.938477	68618.328125
832.758789	68444.906250
831.579102	68119.132813
830.399414	67931.453125
829.219727	66753.476563
828.039063	66506.414063
826.858398	65858.093750
825.677734	65909.664063
824.496094	65099.148438
823.315430	64214.878906
822.133789	63783.398438
820.952148	63666.691406
819.769531	63876.910156
818.587891	63700.609375
817.405273	63668.234375
816.222656	63722.164063
815.040039	63176.195313
813.856445	63293.867188
812.673828	63497.742188
811.490234	63091.730469
810.305664	62979.421875
809.122070	62573.652344
807.938477	62779.550781
806.753906	62392.425781
805.569336	62354.167969
804.383789	62129.285156
803.199219	62212.070313
802.013672	61933.988281
800.828125	61891.730469
799.642578	62085.171875
798.457031	61698.660156
797.270508	61607.296875
796.083984	61122.695313
794.897461	60716.089844
793.710938	60962.789063
792.523438	60689.425781
791.336914	60663.816406
790.149414	60396.738281
788.961914	60352.773438
787.773438	59637.859375
786.585938	59888.562500
785.397461	59867.199219
784.208984	59915.355469
783.019531	59307.335938
781.831055	59754.097656
780.641602	59234.195313
779.452148	59355.964844
778.262695	59089.601563
777.072266	58772.281250
775.882813	59004.320313
774.692383	58991.300781
773.501953	58935.421875
772.310547	58820.378906
771.120117	58835.957031
769.928711	58478.222656
768.737305	58756.949219
767.544922	58872.441406
766.353516	58521.007813
765.161133	59103.285156
763.968750	59141.195313
762.776367	59342.097656
761.583984	59530.699219
760.390625	59959.582031
759.197266	59926.011719
758.003906	60065.527344
756.810547	60174.449219
755.616211	60497.039063
754.421875	60554.960938
753.227539	61099.125000
752.033203	60668.695313
750.838867	60700.101563
749.643555	60046.218750
748.448242	60199.710938
747.252930	60178.328125
746.057617	59492.382813
744.861328	59621.500000
743.665039	59344.250000
742.468750	59237.726563
741.272461	58822.550781
740.075195	58403.468750
738.878906	58699.121094
737.681641	58381.695313
736.484375	58190.203125
735.286133	58467.460938
734.087891	58377.445313
732.890625	58334.105469
731.691406	57759.503906
730.493164	58363.035156
729.294922	57900.121094
728.095703	58091.988281
726.896484	57991.996094
725.696289	57971.046875
724.497070	57767.808594
723.296875	57534.265625
722.096680	57671.335938
720.896484	57826.574219
719.696289	57684.226563
718.495117	57970.933594
717.293945	57496.789063
716.092773	57854.222656
714.891602	57849.488281
713.689453	57244.187500
712.487305	57751.066406
711.285156	57596.769531
710.083008	57586.015625
708.880859	57266.109375
707.677734	57637.242188
706.474609	57050.820313
705.271484	57730.828125
704.068359	57596.878906
702.864258	57761.750000
701.660156	57902.339844
700.456055	57387.031250
699.251953	57178.585938
698.046875	57962.687500
696.841797	57713.871094
695.636719	57402.632813
694.431641	57740.691406
693.226563	57679.507813
692.020508	57709.035156
690.814453	58050.867188
689.608398	58255.578125
688.402344	58115.777344
687.195313	57794.785156
685.988281	58138.347656
684.781250	57644.343750
683.574219	57969.683594
682.366211	58162.089844
681.158203	58402.707031
679.950195	58154.421875
678.742188	58423.101563
677.534180	57921.535156
676.325195	58899.839844
675.116211	58776.257813
673.907227	58377.394531
672.697266	59166.179688
671.488281	58727.207031
670.278320	59095.835938
669.068359	59185.187500
667.858398	59234.347656
666.647461	58833.820313
665.436523	58429.429688
664.225586	58414.480469
663.014648	57841.781250
661.802734	58310.371094
660.591797	58139.011719
659.379883	57847.402344
658.167969	57920.773438
656.955078	57607.261719
655.743164	57638.562500
654.530273	58092.621094
653.317383	57612.968750
652.103516	57073.406250
650.890625	57755.601563
649.676758	57710.746094
648.462891	57263.542969
647.249023	57827.226563
646.034180	57754.363281
644.819336	58285.726563
643.604492	57694.714844
642.389648	57679.906250
641.174805	57559.121094
639.958984	57588.320313
638.743164	58413.027344
637.527344	57940.441406
636.311523	58085.429688
635.094727	58126.484375
633.877930	58221.445313
632.661133	58120.667969
631.444336	57834.246094
630.226563	58116.843750
629.008789	58179.789063
627.791016	57442.542969
626.573242	57860.707031
625.355469	57520.734375
624.136719	57131.027344
622.917969	56908.953125
621.699219	57111.589844
620.480469	57537.386719
619.260742	57327.308594
618.041016	57575.570313
616.821289	56554.789063
615.601563	57107.828125
614.380859	57216.589844
613.160156	57237.710938
611.939453	57206.535156
610.718750	57175.355469
609.497070	57144.156250
608.276367	57112.980469
607.054688	57081.777344
605.832031	57050.550781
604.610352	57019.347656
603.387695	56988.121094
602.165039	56956.894531
600.942383	56925.667969
599.719727	57451.421875
598.496094	57104.921875
597.272461	57576.816406
596.048828	57063.613281
594.825195	57179.957031
593.600586	56891.320313
592.375977	57446.242188
591.151367	56641.757813
589.926758	57186.593750
588.701172	57392.050781
587.476563	56958.863281
586.250977	57059.191406
585.024414	57252.652344
583.798828	57099.187500
582.572266	57227.167969
581.345703	56899.410156
580.119141	57253.195313
578.892578	57291.945313
577.665039	57376.218750
576.437500	56965.519531
575.209961	56990.437500
573.982422	57415.101563
572.753906	57212.378906
571.525391	56936.531250
570.296875	57418.316406
569.068359	57342.257813
567.838867	57038.851563
566.610352	57666.621094
565.380859	57420.582031
564.150391	57143.011719
562.920898	57618.273438
561.690430	57516.570313
560.459961	57426.750000
559.229492	57111.859375
557.999023	57428.824219
556.767578	57603.554688
555.536133	57608.500000
554.304688	57684.468750
553.073242	57324.441406
551.840820	57798.839844
550.608398	57726.828125
549.375977	57453.738281
548.143555	56950.117188
546.910156	57449.839844
545.676758	57303.058594
544.443359	57148.449219
543.209961	57078.593750
541.975586	57422.324219
540.742188	57230.363281
539.507813	57308.167969
538.272461	57011.976563
537.038086	57453.843750
535.802734	56953.109375
534.567383	57255.152344
533.332031	57667.214844
532.096680	57556.058594
530.860352	57527.519531
529.624023	57662.132813
528.387695	57089.195313
527.151367	57481.238281
525.914063	57590.238281
524.676758	57131.550781
523.439453	58102.671875
522.202148	57253.335938
520.963867	57476.144531
519.725586	57738.117188
518.487305	57056.117188
517.249023	57586.851563
516.009766	57723.105469
514.771484	57467.066406
513.532227	57399.363281
512.291992	57412.058594
511.052734	57810.886719
509.812500	57429.589844
508.572266	57244.371094
507.332031	57772.289063
506.090820	57630.160156
504.850586	57413.667969
503.609375	57216.832031
502.368164	57605.363281
501.125977	57997.656250
499.884766	57652.101563
498.642578	57762.511719
497.400391	57792.683594
496.157227	57615.539063
494.915039	57939.015625
493.671875	57801.003906
492.428711	57881.949219
491.184570	58091.839844
489.941406	58151.203125
488.697266	58050.363281
487.453125	57869.476563
486.208984	58194.410156
484.963867	58286.890625
483.718750	58223.171875
482.473633	58114.589844
481.228516	58212.878906
479.982422	57975.578125
478.737305	58140.164063
477.491211	58655.707031
476.244141	58311.214844
474.998047	58869.410156
473.750977	58990.812500
472.503906	58611.367188
471.256836	58995.785156
470.009766	58817.109375
468.761719	59378.566406
467.513672	59131.730469
466.265625	59548.843750
465.017578	59590.132813
463.768555	59537.996094
462.519531	59871.121094
461.270508	60659.328125
460.021484	61157.433594
458.771484	60175.507813
457.521484	61007.917969
456.271484	61243.242188
455.021484	61087.835938
453.770508	61490.160156
452.519531	61797.136719
451.268555	62105.933594
450.017578	62123.308594
448.765625	62451.335938
447.514648	62862.714844
446.262695	63504.902344
445.009766	64109.976563
443.757813	63952.320313
442.504883	64498.878906
441.251953	63800.101563
439.999023	63793.835938
438.745117	62874.433594
437.492188	62825.695313
436.238281	62581.238281
434.983398	61393.253906
433.729492	61013.546875
432.474609	60554.566406
431.219727	60384.300781
429.964844	60550.984375
428.709961	60012.976563
427.454102	59957.089844
426.198242	59937.988281
424.942383	59431.351563
423.685547	59452.968750
422.429688	59321.792969
421.172852	59646.992188
419.916016	60055.187500
418.658203	59386.636719
417.401367	60154.164063
416.143555	59785.316406
414.885742	59932.382813
413.626953	59673.800781
412.369141	60000.410156
411.110352	59875.121094
409.851563	60139.792969
408.591797	59892.937500
407.333008	59954.898438
406.073242	59812.339844
404.813477	59966.867188
403.553711	60177.261719
402.292969	60296.953125
401.032227	59915.386719
