#Wave		#Intensity
2001.248047	36254.398438
2000.278320	35773.144531
1999.308594	36167.875000
1998.338867	36053.816406
1997.369141	36067.566406
1996.398438	36061.269531
1995.428711	36205.230469
1994.458008	36106.265625
1993.487305	35862.132813
1992.516602	36321.433594
1991.545898	36372.648438
1990.574219	36426.351563
1989.603516	36339.933594
1988.631836	36431.136719
1987.660156	36559.820313
1986.688477	36870.984375
1985.715820	36707.046875
1984.744141	36478.175781
1983.771484	36531.781250
1982.798828	36727.789063
1981.826172	36431.578125
1980.853516	36577.578125
1979.880859	36501.261719
1978.907227	36831.964844
1977.933594	36793.074219
1976.959961	36616.914063
1975.986328	36762.746094
1975.012695	36686.457031
1974.039063	36737.425781
1973.064453	37032.812500
1972.089844	36771.964844
1971.115234	36775.511719
1970.140625	36756.617188
1969.166016	36814.996094
1968.190430	36773.671875
1967.215820	36854.449219
1966.240234	36927.726563
1965.264648	37100.605469
1964.289063	37014.425781
1963.312500	37349.074219
1962.336914	36864.558594
1961.360352	37057.238281
1960.383789	36961.164063
1959.407227	37011.929688
1958.430664	36779.066406
1957.454102	37153.195313
1956.476563	37430.199219
1955.499023	37271.980469
1954.521484	37240.597656
1953.543945	37398.128906
1952.566406	37481.050781
1951.587891	37501.824219
1950.610352	37366.082031
1949.631836	37498.636719
1948.653320	37425.023438
1947.674805	37358.878906
1946.696289	37523.636719
1945.716797	37626.281250
1944.737305	37468.312500
1943.758789	37600.703125
1942.779297	37648.699219
1941.798828	37354.382813
1940.819336	37747.113281
1939.838867	37487.597656
1938.859375	37823.144531
1937.878906	37469.511719
1936.898438	37871.851563
1935.916992	37818.144531
1934.936523	37895.750000
1933.955078	37292.179688
1932.974609	37444.140625
1931.993164	37737.183594
1931.010742	37760.281250
1930.029297	37733.863281
1929.047852	37848.515625
1928.065430	37807.246094
1927.083008	37746.195313
1926.100586	37912.722656
1925.118164	37611.792969
1924.135742	37770.863281
1923.152344	37942.238281
1922.168945	37799.644531
1921.185547	37921.527344
1920.202148	37690.035156
1919.218750	37831.652344
1918.235352	38123.886719
1917.250977	37964.093750
1916.266602	38016.695313
1915.282227	37852.039063
1914.297852	37884.894531
1913.313477	37666.019531
1912.328125	38145.488281
1911.343750	37605.941406
1910.358398	37875.593750
1909.373047	37804.835938
1908.387695	37785.878906
1907.401367	37705.292969
1906.416016	37972.269531
1905.429688	37822.679688
1904.443359	37845.613281
1903.457031	38011.417969
1902.470703	38118.046875
1901.483398	37584.363281
1900.497070	38025.886719
1899.509766	37974.902344
1898.522461	38209.449219
1897.535156	38367.621094
1896.546875	37716.250000
1895.559570	37778.511719
1894.571289	37833.375000
1893.583008	38308.726563
1892.594727	37886.480469
1891.606445	38076.492188
1890.618164	38428.656250
1889.628906	38490.718750
1888.639648	38058.902344
1887.650391	38123.460938
1886.661133	38075.015625
1885.671875	38581.570313
1884.682617	37892.230469
1883.692383	38489.468750
1882.702148	38369.808594
1881.711914	38225.644531
1880.721680	38211.574219
1879.731445	38688.125000
1878.740234	38445.871094
1877.749023	38451.382813
1876.757813	38488.761719
1875.766602	38602.117188
1874.775391	38575.726563
1873.784180	38919.378906
1872.791992	38814.535156
1871.799805	38579.898438
1870.807617	38942.953125
1869.815430	38874.890625
1868.823242	38762.777344
1867.830078	38550.339844
1866.837891	39055.097656
1865.844727	38913.640625
1864.851563	39060.941406
1863.858398	38599.078125
1862.864258	39093.679688
1861.871094	38935.195313
1860.876953	38999.253906
1859.882813	38794.394531
1858.888672	38983.097656
1857.894531	39438.093750
1856.899414	39013.371094
1855.905273	38994.296875
1854.910156	39629.781250
1853.915039	39586.183594
1852.919922	39505.976563
1851.923828	39474.617188
1850.928711	39428.621094
1849.932617	39387.523438
1848.936523	39678.250000
1847.940430	39707.859375
1846.944336	39556.976563
1845.947266	39511.003906
1844.951172	39767.363281
1843.954102	40038.257813
1842.957031	40170.132813
1841.959961	39997.363281
1840.962891	39978.144531
1839.964844	40019.824219
1838.966797	40387.847656
1837.969727	40307.687500
1836.970703	40125.300781
1835.972656	39969.750000
1834.974609	40220.695313
1833.975586	40778.152344
1832.976563	40632.296875
1831.978516	40727.308594
1830.978516	40146.167969
1829.979492	40518.437500
1828.980469	40270.613281
1827.980469	40426.382813
1826.980469	40433.847656
1825.980469	40594.390625
1824.980469	40737.871094
1823.979492	40616.527344
1822.979492	41272.394531
1821.978516	40585.222656
1820.977539	40801.429688
1819.976563	40685.011719
1818.975586	40672.992188
1817.973633	40823.546875
1816.972656	40957.066406
1815.970703	40792.183594
1814.968750	40872.304688
1813.966797	41277.316406
1812.963867	40911.234375
1811.961914	41071.277344
1810.958984	41175.519531
1809.956055	41112.531250
1808.953125	41374.199219
1807.950195	40940.593750
1806.946289	41323.289063
1805.943359	41354.746094
1804.939453	41427.343750
1803.935547	41226.398438
1802.930664	41240.910156
1801.926758	41969.218750
1800.922852	41516.675781
1799.917969	41947.164063
1798.913086	41722.109375
1797.908203	41985.562500
1796.903320	41673.546875
1795.897461	41767.714844
1794.891602	42301.687500
1793.886719	42183.078125
1792.880859	42492.109375
1791.874023	42460.460938
1790.868164	41982.046875
1789.862305	42360.968750
1788.855469	42377.636719
1787.848633	42411.191406
1786.841797	42519.542969
1785.833984	42483.085938
1784.827148	42822.976563
1783.819336	42916.722656
1782.812500	42631.816406
1781.804688	43092.054688
1780.795898	43359.269531
1779.788086	43214.230469
1778.779297	42931.875000
1777.771484	42702.625000
1776.762695	43164.847656
1775.753906	43224.664063
1774.744141	43125.523438
1773.735352	43245.519531
1772.725586	43355.839844
1771.715820	43165.257813
1770.706055	43246.675781
1769.696289	43282.343750
1768.686523	43387.765625
1767.675781	43750.500000
1766.666016	43511.914063
1765.655273	43790.343750
1764.644531	43746.550781
1763.632813	43633.066406
1762.622070	44315.039063
1761.610352	44218.312500
1760.598633	44150.441406
1759.586914	44116.218750
1758.575195	43911.511719
1757.563477	44676.855469
1756.550781	44844.199219
1755.538086	44502.656250
1754.525391	44446.796875
1753.512695	44830.019531
1752.500000	45124.347656
1751.486328	45087.589844
1750.473633	45201.914063
1749.459961	45438.472656
1748.446289	45051.691406
1747.432617	45688.441406
1746.417969	45687.550781
1745.404297	45437.488281
1744.389648	45467.781250
1743.375000	45378.308594
1742.360352	45832.437500
1741.344727	46075.718750
1740.330078	45864.097656
1739.314453	46193.445313
1738.298828	46819.390625
1737.283203	46445.058594
1736.267578	46477.503906
1735.251953	46703.660156
1734.235352	46676.269531
1733.218750	47205.933594
1732.202148	47309.925781
1731.185547	47638.535156
1730.168945	47842.769531
1729.151367	47941.812500
1728.133789	48458.832031
1727.117188	48455.031250
1726.098633	48878.648438
1725.081055	48810.308594
1724.063477	48858.957031
1723.044922	49432.625000
1722.026367	49516.929688
1721.007813	49875.562500
1719.989258	50832.769531
1718.970703	50499.425781
1717.951172	50817.152344
1716.931641	51075.160156
1715.912109	50820.605469
1714.892578	51061.835938
1713.873047	51221.968750
1712.853516	51470.187500
1711.833008	51592.074219
1710.812500	51661.523438
1709.791992	51869.046875
1708.771484	51224.226563
1707.750000	51274.652344
1706.729492	51241.769531
1705.708008	51851.328125
1704.686523	51785.042969
1703.665039	51656.941406
1702.642578	51845.167969
1701.621094	51512.613281
1700.598633	51753.093750
1699.576172	51461.078125
1698.553711	51687.218750
1697.531250	51718.449219
1696.507813	51676.023438
1695.485352	51928.128906
1694.461914	51391.726563
1693.438477	51223.535156
1692.415039	51385.375000
1691.390625	51530.535156
1690.367188	51514.277344
1689.342773	51721.050781
1688.318359	51545.824219
1687.293945	51456.039063
1686.269531	51506.195313
1685.244141	51781.574219
1684.218750	52156.414063
1683.194336	51867.488281
1682.168945	52040.750000
1681.142578	52116.812500
1680.117188	51901.472656
1679.090820	52399.109375
1678.064453	52164.847656
1677.038086	52217.148438
1676.011719	52612.667969
1674.985352	53029.343750
1673.958008	52288.734375
1672.931641	52390.652344
1671.904297	52449.949219
1670.876953	52901.828125
1669.848633	52632.324219
1668.821289	52738.828125
1667.792969	53060.394531
1666.764648	53138.417969
1665.736328	53131.347656
1664.708008	52866.757813
1663.679688	53183.339844
1662.650391	53554.132813
1661.621094	53282.515625
1660.591797	53199.867188
1659.562500	53209.300781
1658.533203	53603.414063
1657.502930	53815.695313
1656.472656	53751.871094
1655.442383	54011.222656
1654.412109	53770.507813
1653.381836	54197.171875
1652.351563	54376.140625
1651.320313	54220.339844
1650.289063	54172.996094
1649.257813	54415.488281
1648.226563	54240.906250
1647.194336	54466.808594
1646.163086	54487.742188
1645.130859	54722.933594
1644.098633	54600.207031
1643.066406	54818.812500
1642.033203	55258.550781
1641.000977	55284.019531
1639.967773	55351.824219
1638.934570	55092.660156
1637.901367	55221.613281
1636.868164	55698.496094
1635.833984	55942.480469
1634.800781	56240.433594
1633.766602	55988.382813
1632.732422	56194.582031
1631.697266	56053.035156
1630.663086	56120.570313
1629.627930	56772.812500
1628.593750	56976.367188
1627.558594	56999.097656
1626.522461	57510.000000
1625.487305	57495.074219
1624.451172	57348.761719
1623.416016	58016.492188
1622.379883	58017.894531
1621.343750	58753.269531
1620.306641	59715.804688
1619.270508	59920.835938
1618.233398	60489.066406
1617.196289	61776.488281
1616.159180	63243.851563
1615.122070	64246.878906
1614.083984	65938.109375
1613.046875	67022.257813
1612.008789	67827.406250
1610.970703	68426.273438
1609.932617	68842.382813
1608.893555	68404.250000
1607.855469	67912.453125
1606.816406	66803.304688
1605.777344	65818.500000
1604.738281	64441.210938
1603.698242	63644.199219
1602.659180	61975.597656
1601.619141	61880.421875
1600.579102	60883.335938
1599.539063	60561.773438
1598.499023	59847.906250
1597.458008	59258.062500
1596.417969	58836.550781
1595.376953	58125.695313
1594.335938	58337.082031
1593.294922	58373.355469
1592.252930	57506.628906
1591.210938	58004.949219
1590.169922	57726.371094
1589.127930	57538.843750
1588.084961	57125.210938
1587.042969	57847.031250
1586.000000	57069.882813
1584.958008	57078.347656
1583.915039	57527.175781
1582.872070	58024.761719
1581.828125	57453.085938
1580.785156	57887.628906
1579.741211	58128.761719
1578.697266	58090.457031
1577.653320	58091.730469
1576.609375	58120.929688
1575.564453	58094.273438
1574.520508	58472.390625
1573.475586	59124.820313
1572.430664	59163.101563
1571.384766	58999.093750
1570.339844	58993.214844
1569.293945	58622.441406
1568.249023	58625.921875
1567.202148	58018.359375
1566.156250	57601.492188
1565.110352	57874.558594
1564.063477	57629.695313
1563.017578	57220.078125
1561.970703	56954.523438
1560.922852	56819.031250
1559.875977	56231.097656
1558.829102	56768.582031
1557.781250	56890.660156
1556.733398	56518.707031
1555.685547	56905.125000
1554.636719	56396.511719
1553.588867	56298.359375
1552.540039	55852.605469
1551.491211	56199.464844
1550.442383	56184.792969
1549.393555	56357.742188
1548.344727	56197.140625
1547.294922	56490.425781
1546.245117	56207.156250
1545.195313	56664.671875
1544.145508	55992.675781
1543.094727	56049.769531
1542.044922	56601.910156
1540.994141	56767.582031
1539.943359	56084.476563
1538.892578	56479.078125
1537.840820	56531.398438
1536.790039	56602.191406
1535.738281	56360.980469
1534.686523	56193.789063
1533.634766	56435.542969
1532.583008	56836.574219
1531.530273	56089.753906
1530.477539	55828.058594
1529.424805	55797.300781
1528.372070	56424.335938
1527.319336	56211.175781
1526.265625	56166.511719
1525.212891	56253.351563
1524.159180	55805.078125
1523.105469	56500.718750
1522.051758	56119.417969
1520.997070	55883.472656
1519.942383	56657.082031
1518.888672	56020.171875
1517.833984	55966.371094
1516.778320	56366.378906
1515.723633	56008.527344
1514.667969	55632.378906
1513.612305	56214.101563
1512.556641	56466.449219
1511.500977	55749.800781
1510.445313	56183.917969
1509.388672	56746.710938
1508.332031	56400.722656
1507.275391	56259.539063
1506.218750	56180.484375
1505.162109	56453.195313
1504.104492	56843.035156
1503.047852	56256.023438
1501.990234	56358.535156
1500.931641	56238.171875
1499.874023	56519.804688
1498.816406	56893.195313
1497.757813	56088.562500
1496.699219	56471.070313
1495.640625	56504.566406
1494.582031	56567.875000
1493.522461	56638.046875
1492.462891	56354.910156
1491.403320	56652.156250
1490.343750	57068.539063
1489.284180	56865.718750
1488.224609	56853.234375
1487.164063	56742.199219
1486.103516	56431.832031
1485.042969	56724.148438
1483.982422	56645.257813
1482.920898	56722.136719
1481.860352	56776.085938
1480.798828	57006.304688
1479.737305	57016.683594
1478.675781	57326.875000
1477.613281	56778.851563
1476.550781	57098.121094
1475.489258	57673.468750
1474.426758	56928.988281
1473.363281	57277.777344
1472.300781	57468.691406
1471.237305	58240.128906
1470.174805	57944.007813
1469.111328	57458.335938
1468.046875	57505.140625
1466.983398	57609.031250
1465.919922	57580.425781
1464.855469	57716.226563
1463.791016	58036.894531
1462.726563	58323.210938
1461.661133	58543.238281
1460.596680	58430.054688
1459.531250	58848.449219
1458.465820	58625.765625
1457.400391	58416.839844
1456.334961	58846.406250
1455.268555	58840.402344
1454.202148	58923.285156
1453.135742	58994.746094
1452.069336	58949.976563
1451.002930	58832.324219
1449.935547	59177.066406
1448.869141	59191.488281
1447.801758	59192.242188
1446.734375	59054.132813
1445.666016	59614.796875
1444.598633	59508.515625
1443.530273	59936.933594
1442.461914	60083.121094
1441.393555	60197.417969
1440.325195	60689.140625
1439.256836	61178.414063
1438.187500	61476.566406
1437.118164	62370.058594
1436.048828	62038.457031
1434.979492	62788.390625
1433.909180	62995.167969
1432.839844	62893.003906
1431.769531	63644.644531
1430.699219	63338.070313
1429.627930	63923.656250
1428.557617	63866.773438
1427.486328	64023.199219
1426.416016	64263.507813
1425.343750	64122.664063
1424.272461	64260.808594
1423.201172	64036.117188
1422.128906	63795.632813
1421.056641	63818.160156
1419.984375	63953.984375
1418.912109	63439.476563
1417.839844	63958.164063
1416.766602	62907.039063
1415.693359	63665.671875
1414.620117	63674.593750
1413.546875	63549.953125
1412.473633	63436.667969
1411.399414	63296.265625
1410.325195	63651.406250
1409.250977	63725.910156
1408.176758	64076.312500
1407.102539	64069.304688
1406.027344	64170.816406
1404.952148	64299.417969
1403.876953	64850.601563
1402.801758	64859.261719
1401.726563	64870.179688
1400.650391	65161.187500
1399.574219	65063.632813
1398.498047	65221.269531
1397.421875	65297.574219
1396.345703	64897.574219
1395.268555	65278.570313
1394.191406	65327.738281
1393.114258	66146.187500
1392.037109	65543.304688
1390.959961	66077.250000
1389.881836	66198.382813
1388.804688	66925.898438
1387.726563	66961.171875
1386.647461	66985.164063
1385.569336	67552.156250
1384.491211	67512.953125
1383.412109	68039.101563
1382.333008	68130.429688
1381.253906	68660.773438
1380.173828	69060.351563
1379.094727	69241.468750
1378.014648	68601.148438
1376.934570	69394.250000
1375.854492	69026.320313
1374.773438	69238.781250
1373.693359	68731.585938
1372.612305	68127.890625
1371.531250	68254.976563
1370.450195	67638.093750
1369.369141	67437.140625
1368.287109	67090.226563
1367.205078	67060.156250
1366.123047	66560.710938
1365.041016	66537.476563
1363.958984	66296.476563
1362.875977	65871.500000
1361.793945	65453.410156
1360.710938	66226.945313
1359.626953	65633.945313
1358.543945	65249.761719
1357.460938	65253.683594
1356.376953	65120.828125
1355.292969	65373.613281
1354.208984	65050.257813
1353.124023	64904.054688
1352.040039	64211.199219
1350.955078	64475.152344
1349.870117	64344.804688
1348.785156	64460.832031
1347.700195	64986.550781
1346.614258	64553.964844
1345.528320	64947.417969
1344.442383	64752.195313
1343.356445	64442.929688
1342.270508	65006.195313
1341.183594	64726.066406
1340.096680	64761.335938
1339.009766	64903.906250
1337.922852	64959.242188
1336.835938	64858.109375
1335.748047	64897.789063
1334.661133	65223.417969
1333.573242	64941.351563
1332.484375	64255.152344
1331.396484	64859.828125
1330.307617	65419.636719
1329.219727	64952.460938
1328.130859	64896.085938
1327.041992	64955.761719
1325.952148	65080.105469
1324.863281	65173.175781
1323.773438	65511.519531
1322.683594	65051.507813
1321.593750	65238.156250
1320.502930	65424.734375
1319.413086	65359.417969
1318.322266	65182.722656
1317.231445	65580.828125
1316.140625	65346.242188
1315.048828	64719.804688
1313.958008	65919.304688
1312.866211	65862.859375
1311.774414	65512.644531
1310.682617	65640.984375
1309.589844	65822.671875
1308.498047	65815.218750
1307.405273	65930.078125
1306.312500	66136.070313
1305.218750	66510.953125
1304.125977	66916.812500
1303.032227	66429.093750
1301.939453	66699.273438
1300.845703	67102.656250
1299.750977	67410.367188
1298.657227	67573.609375
1297.562500	68258.601563
1296.467773	68153.000000
1295.373047	68751.062500
1294.278320	68634.312500
1293.183594	68610.789063
1292.087891	68824.648438
1290.992188	68814.406250
1289.896484	69092.453125
1288.800781	68942.468750
1287.704102	68428.984375
1286.608398	68757.921875
1285.511719	68530.507813
1284.415039	68024.015625
1283.317383	68297.453125
1282.220703	67357.070313
1281.123047	67415.734375
1280.025391	67213.109375
1278.927734	67212.000000
1277.830078	66743.898438
1276.731445	66594.609375
1275.633789	66199.796875
1274.535156	66439.968750
1273.436523	65963.484375
1272.336914	65949.320313
1271.238281	65490.781250
1270.138672	65129.664063
1269.039063	65111.226563
1267.939453	64732.628906
1266.839844	64736.359375
1265.739258	64545.707031
1264.638672	64434.625000
1263.538086	64180.058594
1262.437500	64009.472656
1261.336914	63554.214844
1260.235352	63074.847656
1259.134766	63703.265625
1258.033203	63173.296875
1256.930664	63159.632813
1255.829102	63004.835938
1254.726563	63185.222656
1253.625000	62849.714844
1252.522461	62758.964844
1251.418945	62564.679688
1250.316406	62639.250000
1249.212891	62387.777344
1248.110352	61971.214844
1247.006836	62920.039063
1245.902344	62626.812500
1244.798828	62465.765625
1243.694336	61853.605469
1242.589844	61802.769531
1241.485352	62077.550781
1240.380859	62422.617188
1239.276367	61667.949219
1238.170898	62331.785156
1237.065430	61893.976563
1235.959961	61900.320313
1234.854492	62056.097656
1233.748047	61941.558594
1232.642578	62268.617188
1231.536133	62055.234375
1230.429688	62584.183594
1229.322266	62015.125000
1228.215820	62227.773438
1227.108398	61917.972656
1226.000977	61770.667969
1224.893555	62389.125000
1223.786133	62077.265625
1222.677734	62550.683594
1221.569336	62111.714844
1220.460938	62475.332031
1219.352539	62179.011719
1218.244141	61867.457031
1217.134766	62233.105469
1216.025391	62208.644531
1214.916016	62079.050781
1213.806641	61894.753906
1212.697266	62128.738281
1211.586914	62257.550781
1210.476563	62349.105469
1209.366211	61895.703125
1208.255859	61936.960938
1207.145508	61954.132813
1206.034180	61866.312500
1204.922852	62410.519531
1203.811523	62847.386719
1202.700195	62562.699219
1201.587891	62630.000000
1200.476563	62378.226563
1199.364258	63437.460938
1198.251953	63061.109375
1197.138672	63178.496094
1196.026367	63553.507813
1194.913086	63891.265625
1193.799805	63602.410156
1192.686523	63887.652344
1191.573242	63123.207031
1190.458984	64008.386719
1189.344727	63649.910156
1188.230469	63437.679688
1187.116211	63343.273438
1186.001953	63113.730469
1184.886719	63165.449219
1183.772461	62894.609375
1182.657227	63101.046875
1181.541016	63305.226563
1180.425781	62966.980469
1179.309570	63242.968750
1178.193359	62887.433594
1177.077148	62808.492188
1175.960938	62857.992188
1174.844727	63018.457031
1173.727539	62806.808594
1172.610352	62649.617188
1171.493164	62366.332031
1170.375977	62296.253906
1169.257813	62206.632813
1168.139648	62477.882813
1167.022461	62273.066406
1165.903320	62287.792969
1164.785156	62422.000000
1163.666992	62271.601563
1162.547852	61904.082031
1161.428711	62279.300781
1160.309570	61681.781250
1159.189453	61703.093750
1158.070313	61863.285156
1156.950195	61537.386719
1155.830078	61376.476563
1154.709961	61120.183594
1153.588867	61447.339844
1152.468750	61845.921875
1151.347656	61702.406250
1150.226563	61272.839844
1149.104492	61861.925781
1147.983398	61460.644531
1146.861328	61403.941406
1145.739258	62215.753906
1144.617188	62035.496094
1143.495117	62294.808594
1142.372070	62307.250000
1141.250000	62614.023438
1140.126953	62840.621094
1139.003906	63897.902344
1137.879883	62925.835938
1136.756836	63433.390625
1135.632813	63525.597656
1134.508789	63741.000000
1133.384766	63314.355469
1132.259766	63322.242188
1131.135742	63690.964844
1130.010742	63482.746094
1128.885742	63237.882813
1127.759766	63576.171875
1126.634766	63415.582031
1125.508789	63753.714844
1124.382813	63498.175781
1123.256836	63344.152344
1122.130859	62756.515625
1121.003906	63323.164063
1119.877930	63369.828125
1118.750977	62484.921875
1117.624023	62755.937500
1116.496094	62681.957031
1115.369141	62638.171875
1114.241211	62191.457031
1113.113281	62238.257813
1111.985352	62804.156250
1110.856445	62562.238281
1109.728516	62305.335938
1108.599609	62164.777344
1107.470703	62560.218750
1106.340820	62637.011719
1105.211914	62091.953125
1104.082031	62556.023438
1102.952148	62221.957031
1101.822266	62079.398438
1100.692383	62913.019531
1099.561523	62198.570313
1098.431641	62696.574219
1097.300781	62489.554688
1096.169922	62673.636719
1095.038086	62387.214844
1093.907227	62012.835938
1092.775391	62360.089844
1091.643555	61822.683594
1090.511719	62045.343750
1089.378906	62141.296875
1088.246094	61578.468750
1087.114258	61670.171875
1085.980469	61611.695313
1084.847656	61896.367188
1083.714844	61297.535156
1082.581055	61972.320313
1081.447266	61309.386719
1080.313477	61394.597656
1079.179688	61608.328125
1078.044922	61309.992188
1076.910156	61673.582031
1075.775391	61306.808594
1074.640625	61614.593750
1073.505859	61521.964844
1072.370117	61251.726563
1071.234375	61944.519531
1070.098633	61586.578125
1068.962891	61746.421875
1067.826172	61660.253906
1066.690430	62093.722656
1065.553711	61966.898438
1064.416992	61613.542969
1063.279297	61762.535156
1062.142578	62231.976563
1061.004883	62090.253906
1059.867188	61480.812500
1058.729492	61706.589844
1057.590820	61554.355469
1056.453125	62134.402344
1055.314453	60829.582031
1054.175781	61704.031250
1053.037109	61835.667969
1051.897461	62218.968750
1050.757813	61653.031250
1049.618164	61976.511719
1048.478516	62061.085938
1047.338867	61734.222656
1046.199219	61631.257813
1045.058594	62084.476563
1043.917969	62375.613281
1042.777344	61910.464844
1041.635742	62139.761719
1040.495117	61979.308594
1039.353516	61567.703125
1038.211914	61637.289063
1037.069336	62081.394531
1035.927734	62246.601563
1034.785156	61333.187500
1033.642578	61685.640625
1032.500000	61582.875000
1031.357422	61380.214844
1030.213867	61806.855469
1029.071289	61563.843750
1027.927734	62000.914063
1026.783203	61959.785156
1025.639648	62162.953125
1024.495117	62100.566406
1023.351563	61883.191406
1022.207031	62145.699219
1021.061523	61924.140625
1019.916992	62292.652344
1018.771484	61903.515625
1017.625977	61692.726563
1016.480469	61783.203125
1015.334961	62153.578125
1014.188477	61936.488281
1013.041992	61134.378906
1011.895508	62252.855469
1010.749023	61601.433594
1009.602539	61996.914063
1008.455078	62006.703125
1007.307617	61866.109375
1006.160156	61975.441406
1005.012695	61913.238281
1003.864258	62058.500000
1002.716797	62224.871094
1001.568359	62767.828125
1000.419922	63253.464844
999.270508	62837.820313
998.122070	62775.507813
996.972656	62157.109375
995.823242	63069.535156
994.673828	62468.214844
993.523438	62682.847656
992.373047	62225.492188
991.222656	62298.546875
990.072266	62561.664063
988.921875	62298.855469
987.771484	62696.996094
986.620117	62706.570313
985.468750	62754.128906
984.317383	62713.039063
983.165039	62718.375000
982.013672	62645.660156
980.861328	62524.460938
979.708984	62584.644531
978.555664	62794.492188
977.403320	62458.320313
976.250000	62760.835938
975.096680	62780.886719
973.943359	62666.101563
972.790039	62665.093750
971.635742	62701.988281
970.481445	62237.750000
969.327148	62651.531250
968.172852	62564.218750
967.018555	62693.687500
965.863281	63022.988281
964.708008	62386.609375
963.552734	62444.519531
962.397461	62536.054688
961.241211	62423.617188
960.084961	62185.093750
958.929688	62810.437500
957.772461	62544.609375
956.616211	62486.863281
955.458984	62477.449219
954.301758	62879.656250
953.144531	62607.699219
951.987305	62841.781250
950.830078	62093.460938
949.671875	62096.707031
948.513672	61929.992188
947.355469	62302.468750
946.196289	61871.500000
945.038086	61556.019531
943.878906	61722.882813
942.719727	61552.187500
941.560547	61800.718750
940.400391	61747.410156
939.241211	61769.542969
938.081055	61456.511719
936.919922	61807.492188
935.759766	61865.187500
934.599609	62841.925781
933.438477	61716.769531
932.277344	62228.574219
931.116211	62440.976563
929.954102	62598.906250
928.791992	63158.363281
927.630859	62513.062500
926.467773	62480.617188
925.305664	63443.234375
924.143555	63387.632813
922.980469	63141.882813
921.817383	63408.105469
920.654297	63626.175781
919.490234	64372.562500
918.327148	63817.757813
917.163086	64799.746094
915.999023	64499.718750
914.833984	64848.855469
913.669922	65335.574219
912.504883	65717.796875
911.339844	65853.757813
910.174805	66164.828125
909.008789	66484.132813
907.843750	66882.531250
906.677734	66818.062500
905.511719	67420.468750
904.345703	67093.398438
903.178711	66866.437500
902.011719	66043.890625
900.844727	66210.765625
899.677734	66125.656250
898.510742	66248.734375
897.342773	66107.453125
896.174805	66284.585938
895.006836	65906.171875
893.838867	65825.343750
892.670898	65611.445313
891.501953	65430.890625
890.333008	66117.304688
889.164063	65612.468750
887.994141	65404.984375
886.825195	65904.015625
885.655273	66176.421875
884.485352	65931.554688
883.315430	65931.820313
882.144531	66407.531250
880.973633	66378.632813
879.803711	66295.789063
878.631836	66791.906250
877.460938	66638.468750
876.289063	67144.710938
875.118164	67119.835938
873.945313	67410.148438
872.773438	67109.507813
871.601563	68170.765625
870.428711	67770.617188
869.255859	67316.734375
868.083008	67337.414063
866.910156	67498.929688
865.736328	68043.484375
864.562500	67919.078125
863.388672	68587.554688
862.214844	68574.851563
861.040039	68843.578125
859.866211	69021.164063
858.691406	69748.914063
857.516602	69204.476563
856.340820	68778.101563
855.166016	68819.109375
853.990234	68550.054688
852.814453	68522.882813
851.637695	68464.726563
850.461914	68264.046875
849.285156	68943.328125
848.108398	69002.828125
846.931641	68744.335938
845.754883	69307.539063
844.577148	69860.210938
843.399414	70008.218750
842.221680	70760.671875
841.043945	70838.312500
839.865234	71996.625000
838.687500	72639.000000
837.508789	73646.046875
836.329102	74477.500000
835.150391	73793.906250
833.970703	74037.781250
832.791992	74042.585938
831.611328	73781.679688
830.431641	72798.039063
829.251953	72152.429688
828.071289	71636.750000
826.890625	70812.523438
825.709961	69694.328125
824.528320	69152.632813
823.347656	69538.875000
822.166016	69042.648438
820.984375	68857.101563
819.801758	68202.875000
818.620117	68541.710938
817.437500	68341.968750
816.254883	68479.273438
815.072266	67577.015625
813.888672	67671.273438
812.706055	67473.882813
811.522461	67327.890625
810.338867	67216.851563
809.154297	67169.468750
807.970703	66918.953125
806.786133	66849.070313
805.601563	66301.257813
804.416992	67062.148438
803.231445	66184.351563
802.045898	66762.507813
800.861328	66694.757813
799.674805	66493.812500
798.489258	65532.750000
797.302734	66139.265625
796.117188	66018.414063
794.930664	65827.976563
793.743164	65377.570313
792.556641	65273.296875
791.369141	65285.722656
790.181641	65040.296875
788.994141	64917.718750
787.805664	64326.738281
786.618164	64552.023438
785.429688	64525.707031
784.241211	64294.945313
783.052734	64473.089844
781.863281	63937.902344
780.673828	63885.144531
779.484375	64144.972656
778.294922	64020.699219
777.105469	63524.785156
775.915039	63394.542969
774.724609	63793.078125
773.534180	63493.414063
772.343750	63559.144531
771.152344	63475.906250
769.960938	63413.093750
768.769531	63868.347656
767.578125	63666.816406
766.385742	63999.519531
765.194336	63645.156250
764.001953	64118.355469
762.808594	64901.101563
761.616211	64577.312500
760.422852	65555.218750
759.230469	65302.703125
758.037109	65705.914063
756.842773	65846.351563
755.649414	66385.679688
754.455078	66650.070313
753.260742	66448.437500
752.066406	66291.625000
750.871094	66450.117188
749.676758	66244.562500
748.481445	65725.976563
747.286133	65581.601563
746.089844	65353.953125
744.894531	65475.882813
743.698242	64691.679688
742.501953	64484.625000
741.304688	64941.726563
740.108398	64251.449219
738.911133	64336.917969
737.713867	64095.566406
736.516602	63781.250000
735.319336	63976.308594
734.121094	63451.156250
732.922852	63510.308594
731.724609	63691.105469
730.526367	63298.074219
729.327148	62888.964844
728.127930	62867.101563
726.928711	63047.871094
725.729492	62809.210938
724.530273	62870.410156
723.330078	62820.203125
722.129883	62229.398438
720.929688	62802.835938
719.728516	62392.382813
718.528320	62228.968750
717.327148	62371.121094
716.125977	62768.105469
714.923828	62651.218750
713.722656	62744.671875
712.520508	62904.808594
711.318359	62678.800781
710.116211	62408.410156
708.913086	62530.117188
707.710938	62926.531250
706.507813	62696.632813
705.304688	63212.011719
704.100586	62875.128906
702.897461	62932.023438
701.693359	62936.414063
700.489258	63297.984375
699.284180	62773.691406
698.080078	62846.687500
696.875000	62832.925781
695.669922	63117.609375
694.464844	63188.476563
693.258789	63378.238281
692.053711	63261.597656
690.847656	63971.132813
689.641602	63765.773438
688.434570	64132.527344
687.228516	63975.542969
686.021484	63977.675781
684.814453	63885.195313
683.607422	64124.835938
682.399414	64116.871094
681.191406	64163.230469
679.983398	64006.398438
678.775391	64157.335938
677.567383	64211.695313
676.358398	64318.300781
675.149414	64684.164063
673.940430	64322.375000
672.730469	65142.203125
671.521484	64694.074219
670.311523	64264.187500
669.101563	64127.656250
667.890625	64416.828125
666.680664	63792.503906
665.469727	63716.339844
664.258789	63527.828125
663.047852	63529.980469
661.835938	62858.136719
660.625000	62689.933594
659.413086	62527.808594
658.201172	62425.886719
656.988281	62833.125000
655.776367	62895.511719
654.563477	62653.312500
653.350586	62278.980469
652.136719	62320.683594
650.923828	62362.351563
649.709961	62404.050781
648.496094	62445.753906
647.282227	62487.457031
646.067383	62529.191406
644.852539	62083.328125
643.637695	61955.675781
642.422852	62226.058594
641.208008	62430.351563
639.992188	62314.695313
638.776367	62584.851563
637.560547	62107.484375
636.344727	62247.695313
635.127930	62713.476563
633.911133	62705.714844
632.694336	62276.597656
631.477539	61781.753906
630.259766	62383.000000
629.042969	62169.726563
627.825195	62225.914063
626.606445	62118.480469
625.388672	61971.191406
624.169922	62246.753906
622.951172	61599.007813
621.732422	61960.250000
620.513672	61984.507813
619.293945	61807.472656
618.074219	61865.613281
616.854492	62172.738281
615.634766	61549.621094
614.414063	62019.972656
613.193359	61890.867188
611.972656	61763.796875
610.751953	61384.015625
609.530273	61877.914063
608.309570	61750.910156
607.087891	61395.207031
605.866211	61805.289063
604.643555	61523.269531
603.420898	61646.898438
602.198242	61800.292969
600.975586	61657.535156
599.752930	61810.863281
598.529297	61513.203125
597.305664	61728.066406
596.082031	61593.355469
594.858398	61462.664063
593.633789	61258.574219
592.410156	61536.820313
591.185547	61219.683594
589.959961	61505.761719
588.735352	61519.992188
587.509766	61413.242188
586.284180	61304.542969
585.058594	61622.097656
583.832031	61564.929688
582.606445	61723.777344
581.379883	61508.105469
580.153320	61853.101563
578.925781	61958.324219
577.699219	61392.234375
576.471680	62275.546875
575.244141	62032.246094
574.015625	61988.917969
572.788086	61983.195313
571.559570	62349.390625
570.331055	61991.531250
569.101563	61960.093750
567.873047	62019.617188
566.643555	62288.652344
565.414063	61705.750000
564.184570	61781.085938
562.954102	61737.851563
561.724609	61455.617188
560.494141	61598.097656
559.263672	61454.210938
558.032227	61460.410156
556.800781	61008.683594
555.570313	60788.011719
554.337891	60964.011719
553.106445	61009.742188
551.874023	60921.335938
550.642578	60998.605469
549.409180	60991.062500
548.176758	61139.246094
546.944336	60834.074219
545.710938	60560.546875
544.477539	60704.777344
543.243164	60894.257813
542.009766	60723.269531
540.775391	61160.757813
539.541016	60950.406250
538.306641	60755.875000
537.071289	60933.343750
535.836914	61010.402344
534.601563	60756.945313
533.366211	61036.578125
532.129883	61029.007813
530.894531	61400.878906
529.658203	60557.835938
528.421875	60957.164063
527.184570	61142.164063
525.948242	61122.777344
524.710938	61227.140625
523.473633	61478.746094
522.235352	61594.777344
520.998047	61180.734375
519.759766	61359.578125
518.521484	61711.031250
517.283203	61320.738281
516.043945	61468.058594
514.804688	61462.347656
513.565430	61429.183594
512.326172	61507.777344
511.085938	61539.292969
509.846680	61837.320313
508.606445	61173.183594
507.366211	61524.050781
506.125000	61400.800781
504.883789	61422.500000
503.643555	61307.140625
502.401367	61927.843750
501.160156	61706.738281
499.917969	61669.652344
498.675781	61990.597656
497.433594	61808.718750
496.191406	61896.785156
494.948242	61701.300781
493.705078	61660.324219
492.461914	61771.816406
491.218750	62063.046875
489.975586	62391.289063
488.731445	61650.867188
487.487305	62256.394531
486.242188	62088.417969
484.998047	62642.867188
483.752930	62262.105469
482.507813	62591.871094
481.262695	62283.457031
480.016602	62620.890625
478.771484	62745.589844
477.525391	63164.710938
476.278320	63043.585938
475.032227	62787.992188
473.785156	62744.937500
472.538086	62879.226563
471.291016	62744.593750
470.043945	63527.480469
468.795898	63864.082031
467.547852	63914.312500
466.299805	63645.246094
465.051758	64213.250000
463.802734	64230.296875
462.553711	64116.968750
461.304688	65205.902344
460.055664	64734.554688
458.805664	65348.468750
457.555664	65301.109375
456.305664	66081.851563
455.055664	66257.867188
453.804688	66538.742188
452.553711	66547.515625
451.302734	66647.578125
450.051758	67769.109375
448.799805	67422.320313
447.548828	67980.296875
446.296875	69027.171875
445.043945	69456.546875
443.791992	69559.812500
442.539063	69847.312500
441.286133	69841.843750
440.033203	69339.968750
438.779297	68481.546875
437.526367	67313.320313
436.272461	66420.718750
435.017578	65935.359375
433.763672	65335.878906
432.508789	64808.289063
431.253906	64224.734375
429.999023	64034.437500
428.744141	64105.542969
427.488281	64060.492188
426.232422	64239.921875
424.976563	63846.613281
423.720703	63600.457031
422.463867	63437.554688
421.207031	63566.679688
419.950195	63908.410156
418.693359	63461.398438
417.435547	63688.996094
416.177734	63008.406250
414.919922	63110.429688
413.662109	63459.628906
412.403320	63503.593750
411.144531	63566.843750
409.885742	63577.953125
408.626953	63720.285156
407.367188	63412.972656
406.107422	63663.312500
404.847656	63261.613281
403.587891	63847.429688
402.327148	63800.609375
401.067383	63776.933594
