#Wave		#Intensity
2001.242188	28481.628906
2000.272461	28541.785156
1999.302734	28258.626953
1998.333008	28534.326172
1997.363281	28424.126953
1996.392578	28439.203125
1995.422852	28476.810547
1994.452148	28910.021484
1993.481445	28086.341797
1992.510742	28516.962891
1991.540039	29102.593750
1990.568359	28249.281250
1989.596680	28301.888672
1988.625977	28131.861328
1987.654297	28624.613281
1986.681641	28522.097656
1985.709961	28587.115234
1984.738281	28454.644531
1983.765625	28709.580078
1982.792969	28597.123047
1981.820313	28829.457031
1980.847656	28607.113281
1979.874023	28689.521484
1978.901367	28816.843750
1977.927734	28637.054688
1976.954102	28746.869141
1975.980469	29113.689453
1975.006836	28776.744141
1974.032227	28976.281250
1973.058594	29322.912109
1972.083984	29200.574219
1971.109375	29215.417969
1970.134766	28848.828125
1969.160156	28691.738281
1968.184570	28963.347656
1967.209961	29349.476563
1966.234375	29010.517578
1965.258789	28870.941406
1964.283203	28776.240234
1963.306641	28816.025391
1962.331055	29049.978516
1961.354492	28733.763672
1960.377930	28995.021484
1959.401367	28800.847656
1958.424805	29265.996094
1957.447266	28701.228516
1956.470703	29131.414063
1955.493164	28706.105469
1954.515625	28537.005859
1953.538086	28763.173828
1952.560547	28720.863281
1951.582031	28827.648438
1950.604492	28894.648438
1949.625977	29023.720703
1948.647461	28693.314453
1947.668945	28581.523438
1946.689453	28504.527344
1945.710938	28705.552734
1944.731445	28819.648438
1943.751953	28886.558594
1942.772461	28804.597656
1941.792969	28640.810547
1940.813477	28690.355469
1939.833008	29186.191406
1938.852539	29039.773438
1937.873047	28707.509766
1936.891602	28853.652344
1935.911133	28870.898438
1934.930664	28558.654297
1933.949219	28959.863281
1932.967773	29157.861328
1931.986328	29100.757813
1931.004883	28766.406250
1930.023438	28818.294922
1929.041016	29125.062500
1928.059570	29144.703125
1927.077148	28971.373047
1926.094727	28892.095703
1925.112305	28699.083984
1924.128906	29262.744141
1923.146484	28970.849609
1922.163086	28973.187500
1921.179688	28973.052734
1920.196289	28728.304688
1919.212891	29103.710938
1918.228516	29175.177734
1917.245117	29004.605469
1916.260742	29011.865234
1915.276367	29258.583984
1914.291992	29169.535156
1913.307617	28880.623047
1912.322266	29275.273438
1911.336914	29038.248047
1910.352539	29245.275391
1909.367188	29287.001953
1908.380859	29257.208984
1907.395508	29326.035156
1906.409180	28872.302734
1905.423828	29153.101563
1904.437500	29177.554688
1903.451172	29460.664063
1902.463867	29041.705078
1901.477539	29430.626953
1900.490234	29501.791016
1899.503906	29380.914063
1898.516602	29090.246094
1897.528320	29033.462891
1896.541016	29215.363281
1895.553711	29220.076172
1894.565430	29141.160156
1893.577148	29428.685547
1892.588867	29030.125000
1891.600586	29261.025391
1890.611328	29602.447266
1889.623047	29415.400391
1888.633789	29329.156250
1887.644531	29306.810547
1886.655273	29581.666016
1885.666016	29492.978516
1884.675781	29360.125000
1883.686523	29541.537109
1882.696289	29482.353516
1881.706055	29415.826172
1880.715820	29283.076172
1879.724609	29574.759766
1878.734375	29493.533203
1877.743164	29458.925781
1876.751953	29544.468750
1875.760742	29404.451172
1874.769531	29534.089844
1873.778320	29394.121094
1872.786133	29682.968750
1871.793945	29763.492188
1870.801758	29709.277344
1869.809570	29417.546875
1868.817383	29745.357422
1867.824219	29634.867188
1866.832031	29681.058594
1865.838867	29729.677734
1864.845703	29562.972656
1863.851563	29817.076172
1862.858398	29415.615234
1861.865234	29967.988281
1860.871094	29940.716797
1859.876953	29666.556641
1858.882813	29741.996094
1857.887695	29678.119141
1856.893555	30083.361328
1855.898438	29943.716797
1854.904297	29525.693359
1853.909180	30099.238281
1852.913086	30172.072266
1851.917969	29761.548828
1850.922852	29922.277344
1849.926758	30058.546875
1848.930664	30214.285156
1847.934570	29957.716797
1846.938477	29896.351563
1845.941406	30169.080078
1844.945313	30222.285156
1843.948242	30107.273438
1842.951172	30321.326172
1841.954102	29821.324219
1840.956055	30503.126953
1839.958984	30373.527344
1838.960938	30414.455078
1837.962891	30357.966797
1836.964844	30138.375000
1835.966797	30298.595703
1834.968750	30431.988281
1833.969727	30073.794922
1832.970703	30421.273438
1831.971680	29990.232422
1830.972656	30320.576172
1829.973633	30329.828125
1828.973633	30402.285156
1827.974609	30717.794922
1826.974609	30654.056641
1825.974609	30439.685547
1824.974609	30908.076172
1823.973633	30462.970703
1822.973633	30644.611328
1821.972656	30551.796875
1820.971680	30602.253906
1819.970703	30727.941406
1818.968750	31101.128906
1817.967773	30763.218750
1816.965820	30714.128906
1815.964844	30669.906250
1814.961914	30766.361328
1813.959961	30819.134766
1812.958008	30629.451172
1811.955078	30774.337891
1810.953125	30730.136719
1809.950195	31008.222656
1808.947266	31022.136719
1807.943359	31053.001953
1806.940430	31200.101563
1805.936523	31308.406250
1804.932617	30731.542969
1803.928711	31326.414063
1802.924805	31316.050781
1801.920898	31281.492188
1800.916016	31230.009766
1799.911133	31205.152344
1798.907227	31262.527344
1797.901367	31542.333984
1796.896484	31207.986328
1795.891602	31185.560547
1794.885742	31346.810547
1793.879883	31189.058594
1792.874023	31760.939453
1791.868164	31359.208984
1790.862305	31827.013672
1789.855469	31336.072266
1788.848633	31632.308594
1787.842773	31535.005859
1786.834961	31717.677734
1785.828125	31934.062500
1784.821289	32017.685547
1783.813477	31546.519531
1782.805664	32139.021484
1781.797852	31935.634766
1780.790039	31908.300781
1779.782227	31917.128906
1778.773438	31513.867188
1777.764648	31833.578125
1776.755859	31950.816406
1775.747070	32361.863281
1774.738281	32043.085938
1773.729492	32013.349609
1772.719727	32065.472656
1771.709961	31961.126953
1770.700195	32525.814453
1769.690430	32139.916016
1768.680664	32341.121094
1767.669922	32419.591797
1766.659180	32223.886719
1765.648438	32333.603516
1764.637695	32183.656250
1763.626953	32564.931641
1762.615234	32583.208984
1761.604492	32695.181641
1760.592773	32655.773438
1759.581055	32921.406250
1758.569336	32800.320313
1757.556641	32347.949219
1756.544922	33086.394531
1755.532227	32802.132813
1754.519531	33201.878906
1753.506836	32812.132813
1752.494141	33166.156250
1751.480469	33030.777344
1750.466797	33497.339844
1749.454102	33472.238281
1748.440430	33039.628906
1747.425781	33429.242188
1746.412109	33159.742188
1745.397461	32945.437500
1744.383789	33562.425781
1743.369141	33348.121094
1742.353516	33562.527344
1741.338867	33891.773438
1740.324219	33852.265625
1739.308594	33788.835938
1738.292969	33687.144531
1737.277344	33973.066406
1736.261719	34048.382813
1735.245117	34317.394531
1734.229492	34452.406250
1733.212891	34716.464844
1732.196289	34617.097656
1731.179688	34718.519531
1730.162109	35163.992188
1729.145508	34818.519531
1728.127930	35175.429688
1727.110352	35302.945313
1726.092773	35502.050781
1725.075195	35476.664063
1724.056641	36012.226563
1723.039063	35834.019531
1722.020508	36326.375000
1721.001953	36482.171875
1719.983398	36442.316406
1718.963867	36478.789063
1717.945313	36872.917969
1716.925781	36799.632813
1715.906250	37129.203125
1714.886719	36893.839844
1713.867188	36746.722656
1712.846680	37476.351563
1711.826172	37445.894531
1710.806641	37167.773438
1709.786133	37475.488281
1708.764648	37633.113281
1707.744141	37159.921875
1706.722656	37576.941406
1705.701172	37672.593750
1704.679688	37806.277344
1703.658203	37609.292969
1702.636719	37750.070313
1701.614258	37705.335938
1700.592773	37769.972656
1699.570313	37468.546875
1698.547852	37865.898438
1697.524414	37987.488281
1696.501953	37643.421875
1695.478516	37677.125000
1694.456055	38245.132813
1693.432617	38183.738281
1692.408203	38053.527344
1691.384766	38151.210938
1690.360352	38253.605469
1689.336914	38232.585938
1688.312500	38387.113281
1687.288086	38774.023438
1686.262695	38750.546875
1685.238281	39004.476563
1684.212891	38879.031250
1683.187500	39308.230469
1682.162109	39076.136719
1681.136719	39500.410156
1680.110352	39289.679688
1679.084961	39377.445313
1678.058594	39507.800781
1677.032227	39799.105469
1676.005859	40033.496094
1674.978516	39912.785156
1673.952148	39934.097656
1672.924805	40291.359375
1671.897461	40059.484375
1670.870117	40135.148438
1669.842773	39986.144531
1668.814453	40224.925781
1667.787109	40359.613281
1666.758789	40293.359375
1665.730469	40711.539063
1664.701172	40437.343750
1663.672852	40453.781250
1662.643555	40692.214844
1661.615234	40599.980469
1660.585938	40729.699219
1659.555664	41034.046875
1658.526367	41097.558594
1657.497070	40925.082031
1656.466797	40714.921875
1655.436523	41085.093750
1654.406250	40738.191406
1653.375977	41183.675781
1652.344727	41513.480469
1651.313477	41451.890625
1650.282227	41032.105469
1649.250977	41441.871094
1648.219727	41234.257813
1647.188477	41467.183594
1646.156250	41549.300781
1645.124023	41459.503906
1644.091797	41602.800781
1643.059570	41465.949219
1642.027344	41573.890625
1640.994141	42013.550781
1639.961914	41841.406250
1638.928711	41965.683594
1637.895508	41901.781250
1636.861328	42272.878906
1635.828125	41980.910156
1634.793945	41909.984375
1633.759766	42433.625000
1632.725586	42773.812500
1631.691406	42122.539063
1630.656250	42986.421875
1629.622070	42976.425781
1628.586914	43349.136719
1627.551758	43200.578125
1626.516602	43643.523438
1625.480469	43774.210938
1624.445313	44099.585938
1623.409180	44103.464844
1622.373047	44543.585938
1621.336914	45475.992188
1620.300781	45889.914063
1619.263672	46277.906250
1618.227539	47094.656250
1617.190430	47672.097656
1616.153320	48061.902344
1615.115234	49079.343750
1614.078125	49962.925781
1613.040039	51136.554688
1612.001953	51146.175781
1610.963867	51172.183594
1609.925781	51083.496094
1608.887695	51385.613281
1607.848633	50391.511719
1606.809570	50043.363281
1605.770508	49349.203125
1604.731445	48610.867188
1603.692383	47634.324219
1602.652344	47006.410156
1601.613281	46331.976563
1600.573242	45545.621094
1599.533203	44860.003906
1598.492188	45083.253906
1597.452148	44421.312500
1596.411133	44046.808594
1595.370117	44342.449219
1594.329102	44066.121094
1593.288086	43722.210938
1592.247070	43359.753906
1591.205078	43426.679688
1590.163086	43185.687500
1589.121094	42963.441406
1588.079102	43160.964844
1587.036133	42983.089844
1585.994141	42924.148438
1584.951172	42527.320313
1583.908203	43046.308594
1582.865234	43033.972656
1581.822266	42625.687500
1580.778320	43305.058594
1579.734375	43325.273438
1578.691406	43499.121094
1577.646484	43612.390625
1576.602539	44090.968750
1575.558594	43785.292969
1574.513672	43993.820313
1573.468750	43985.968750
1572.423828	44412.972656
1571.378906	44700.320313
1570.333008	43846.199219
1569.288086	44042.898438
1568.242188	43749.218750
1567.196289	43671.710938
1566.150391	42992.589844
1565.103516	43203.230469
1564.057617	42877.394531
1563.010742	42774.550781
1561.963867	42038.039063
1560.916992	42141.933594
1559.869141	41960.375000
1558.822266	42233.605469
1557.774414	41820.132813
1556.726563	41705.984375
1555.678711	41775.054688
1554.630859	41723.542969
1553.582031	41224.687500
1552.534180	41265.992188
1551.485352	41200.691406
1550.436523	41216.500000
1549.386719	41165.128906
1548.337891	40949.343750
1547.288086	41337.972656
1546.238281	41397.722656
1545.188477	41279.222656
1544.138672	40924.710938
1543.088867	41287.609375
1542.038086	40845.312500
1540.987305	41184.957031
1539.936523	40819.148438
1538.885742	40892.777344
1537.834961	41433.351563
1536.783203	41053.820313
1535.731445	41247.531250
1534.679688	41263.261719
1533.627930	41288.226563
1532.576172	41437.902344
1531.523438	41155.687500
1530.471680	41146.019531
1529.418945	40995.539063
1528.366211	41027.445313
1527.312500	41308.558594
1526.259766	40648.230469
1525.206055	41060.796875
1524.152344	40668.285156
1523.098633	40681.765625
1522.044922	40582.265625
1520.990234	40669.515625
1519.936523	40618.449219
1518.881836	40360.011719
1517.827148	40488.718750
1516.772461	40504.507813
1515.716797	40400.531250
1514.662109	40372.574219
1513.606445	40717.593750
1512.550781	39860.925781
1511.495117	40442.957031
1510.438477	40341.375000
1509.382813	40292.742188
1508.326172	40329.234375
1507.269531	40133.429688
1506.212891	39806.632813
1505.155273	40192.625000
1504.098633	40065.906250
1503.041016	40389.660156
1501.983398	40120.488281
1500.925781	40143.167969
1499.867188	40175.023438
1498.809570	40321.691406
1497.750977	40082.566406
1496.692383	40098.343750
1495.633789	40040.664063
1494.575195	39751.226563
1493.515625	40246.582031
1492.457031	40207.253906
1491.397461	40149.589844
1490.337891	40339.609375
1489.277344	40421.800781
1488.217773	40063.824219
1487.157227	39971.839844
1486.096680	40516.941406
1485.036133	40220.992188
1483.975586	40124.445313
1482.915039	40323.378906
1481.853516	40327.601563
1480.791992	41039.273438
1479.730469	40498.558594
1478.668945	40781.957031
1477.606445	40776.933594
1476.544922	40456.183594
1475.482422	40451.214844
1474.419922	40569.750000
1473.357422	40516.738281
1472.293945	40946.140625
1471.231445	40943.367188
1470.167969	40851.460938
1469.104492	40787.007813
1468.041016	41015.003906
1466.976563	41229.207031
1465.913086	41406.796875
1464.848633	41129.929688
1463.784180	41184.187500
1462.719727	41293.207031
1461.655273	41228.742188
1460.589844	41691.375000
1459.524414	41521.921875
1458.458984	41737.996094
1457.393555	41721.378906
1456.328125	41723.011719
1455.261719	41847.742188
1454.196289	41584.953125
1453.129883	41700.542969
1452.063477	41939.125000
1450.996094	42107.003906
1449.929688	42208.765625
1448.862305	41875.546875
1447.794922	42250.527344
1446.727539	42306.679688
1445.660156	42613.164063
1444.591797	42569.101563
1443.524414	42643.359375
1442.456055	42769.910156
1441.387695	42935.074219
1440.318359	43609.542969
1439.250000	43901.812500
1438.180664	44000.761719
1437.111328	43679.218750
1436.041992	44405.324219
1434.972656	44568.078125
1433.903320	44730.828125
1432.833008	44893.730469
1431.762695	45056.628906
1430.692383	45219.531250
1429.622070	45382.429688
1428.550781	45545.480469
1427.480469	45766.464844
1426.409180	46241.453125
1425.337891	45965.488281
1424.266602	46526.445313
1423.194336	46481.800781
1422.122070	46428.101563
1421.050781	46841.335938
1419.978516	47113.917969
1418.905273	47078.253906
1417.833008	47486.613281
1416.759766	46997.898438
1415.687500	46828.660156
1414.614258	46643.632813
1413.540039	46171.175781
1412.466797	46113.074219
1411.392578	45864.906250
1410.319336	45524.062500
1409.245117	45382.406250
1408.169922	45324.484375
1407.095703	45467.832031
1406.020508	46133.390625
1404.946289	46097.960938
1403.871094	46451.277344
1402.794922	46467.769531
1401.719727	46886.406250
1400.643555	46873.445313
1399.568359	46627.871094
1398.492188	46849.792969
1397.415039	46617.851563
1396.338867	46404.050781
1395.261719	46483.707031
1394.185547	46200.054688
1393.108398	47202.425781
1392.031250	46916.484375
1390.953125	47020.792969
1389.875977	47325.738281
1388.797852	47565.191406
1387.719727	47689.609375
1386.641602	47784.679688
1385.562500	47823.386719
1384.484375	47452.074219
1383.405273	47231.804688
1382.326172	48119.566406
1381.247070	47849.714844
1380.166992	47982.914063
1379.087891	47533.121094
1378.007813	47484.046875
1376.927734	46818.511719
1375.847656	46895.554688
1374.767578	46799.382813
1373.686523	46374.937500
1372.605469	46245.167969
1371.524414	46182.878906
1370.443359	45940.812500
1369.362305	46051.625000
1368.280273	46232.039063
1367.199219	46279.859375
1366.117188	46127.777344
1365.034180	46254.183594
1363.952148	46362.582031
1362.870117	46358.707031
1361.787109	46339.121094
1360.704102	46768.312500
1359.621094	46990.945313
1358.537109	46511.429688
1357.454102	46830.460938
1356.370117	46387.019531
1355.286133	46069.277344
1354.202148	45545.441406
1353.118164	46084.023438
1352.033203	45479.707031
1350.948242	45034.660156
1349.863281	45069.085938
1348.778320	44751.914063
1347.693359	44101.246094
1346.607422	44536.523438
1345.521484	44358.378906
1344.435547	44336.945313
1343.349609	44259.578125
1342.263672	44300.800781
1341.176758	44167.550781
1340.090820	44090.253906
1339.003906	44480.253906
1337.916016	44190.566406
1336.829102	44812.835938
1335.741211	44798.039063
1334.654297	44702.812500
1333.566406	44509.335938
1332.478516	44597.328125
1331.389648	44857.218750
1330.301758	45105.855469
1329.212891	45472.699219
1328.124023	45308.261719
1327.035156	45224.207031
1325.945313	45972.312500
1324.856445	45781.101563
1323.766602	46261.214844
1322.676758	46518.187500
1321.586914	46962.324219
1320.496094	47847.621094
1319.406250	48262.382813
1318.315430	49004.519531
1317.224609	49655.050781
1316.133789	49521.343750
1315.041992	50661.457031
1313.951172	50632.257813
1312.859375	51415.582031
1311.767578	51125.847656
1310.675781	50865.144531
1309.583008	50724.675781
1308.491211	50662.109375
1307.398438	50050.226563
1306.305664	49852.160156
1305.212891	49434.058594
1304.119141	48858.289063
1303.026367	48687.207031
1301.932617	49102.808594
1300.838867	49096.140625
1299.744141	49909.117188
1298.650391	50313.160156
1297.555664	51265.500000
1296.461914	51216.261719
1295.366211	51741.921875
1294.271484	51894.558594
1293.176758	51736.500000
1292.081055	51476.449219
1290.985352	51223.144531
1289.889648	51205.000000
1288.793945	50308.835938
1287.697266	49920.648438
1286.601563	49483.835938
1285.504883	49107.015625
1284.408203	48728.109375
1283.311523	48708.207031
1282.213867	48203.265625
1281.116211	47357.484375
1280.018555	47539.308594
1278.920898	47479.781250
1277.823242	46944.433594
1276.725586	46745.625000
1275.626953	46544.675781
1274.528320	46615.871094
1273.429688	46636.171875
1272.330078	45840.531250
1271.231445	45847.695313
1270.131836	45768.652344
1269.032227	45705.105469
1267.932617	45332.234375
1266.833008	45047.867188
1265.732422	45351.136719
1264.632813	44901.234375
1263.532227	44835.683594
1262.430664	44851.835938
1261.330078	44536.902344
1260.228516	44815.707031
1259.127930	44514.128906
1258.026367	44938.429688
1256.924805	44753.832031
1255.822266	44847.152344
1254.720703	44232.695313
1253.618164	44524.468750
1252.515625	44148.320313
1251.413086	43953.003906
1250.309570	43960.449219
1249.207031	44364.398438
1248.103516	44153.726563
1247.000000	44097.265625
1245.895508	44102.472656
1244.791992	44391.628906
1243.687500	43879.589844
1242.583008	44012.449219
1241.478516	44521.457031
1240.374023	44304.414063
1239.269531	44138.027344
1238.164063	44299.320313
1237.058594	44570.472656
1235.953125	44898.671875
1234.847656	44824.589844
1233.741211	44642.871094
1232.635742	44727.027344
1231.529297	44378.460938
1230.422852	45114.847656
1229.315430	44821.222656
1228.208984	44731.855469
1227.101563	44842.250000
1225.994141	45384.898438
1224.886719	45225.265625
1223.779297	45346.468750
1222.670898	45844.863281
1221.562500	45522.957031
1220.454102	45258.171875
1219.345703	45263.097656
1218.237305	45265.828125
1217.127930	45312.378906
1216.018555	45032.480469
1214.909180	45212.671875
1213.799805	44948.214844
1212.690430	45047.335938
1211.580078	45192.390625
1210.469727	44904.003906
1209.359375	44718.574219
1208.249023	45272.765625
1207.138672	44923.261719
1206.027344	45066.007813
1204.916016	45779.472656
1203.804688	45823.617188
1202.693359	45747.515625
1201.581055	45874.703125
1200.469727	45365.933594
1199.357422	45543.390625
1198.245117	45849.667969
1197.131836	45915.582031
1196.019531	46437.855469
1194.906250	46025.500000
1193.792969	47160.949219
1192.679688	46790.074219
1191.566406	46550.257813
1190.452148	46773.042969
1189.337891	46762.343750
1188.223633	45741.902344
1187.109375	45585.300781
1185.995117	45592.261719
1184.879883	45418.300781
1183.764648	45370.804688
1182.649414	45571.714844
1181.534180	45129.894531
1180.418945	45256.718750
1179.302734	44673.558594
1178.186523	45301.195313
1177.070313	44894.570313
1175.954102	45058.335938
1174.837891	44878.210938
1173.720703	44293.468750
1172.603516	44472.476563
1171.486328	44427.398438
1170.369141	44780.277344
1169.250977	44876.472656
1168.132813	44616.140625
1167.015625	44475.433594
1165.896484	44386.929688
1164.778320	44289.761719
1163.660156	44657.472656
1162.541016	44438.671875
1161.421875	44434.914063
1160.302734	44680.816406
1159.182617	44646.621094
1158.063477	44577.714844
1156.943359	44294.023438
1155.823242	44335.839844
1154.703125	44475.246094
1153.582031	44731.703125
1152.461914	44426.500000
1151.340820	44899.652344
1150.219727	44481.820313
1149.097656	44761.917969
1147.976563	44578.253906
1146.854492	44797.574219
1145.732422	44726.593750
1144.610352	44880.839844
1143.488281	45320.812500
1142.365234	45529.007813
1141.243164	45639.730469
1140.120117	45518.878906
1138.996094	46010.332031
1137.873047	45476.308594
1136.750000	45753.480469
1135.625977	45634.851563
1134.501953	46084.835938
1133.377930	46018.062500
1132.252930	45648.757813
1131.127930	46087.687500
1130.003906	46103.035156
1128.878906	46012.539063
1127.752930	45684.527344
1126.627930	46185.734375
1125.501953	45896.664063
1124.375977	46043.679688
1123.250000	45843.210938
1122.124023	45660.078125
1120.997070	45507.207031
1119.871094	45856.910156
1118.744141	45768.746094
1117.617188	45745.292969
1116.489258	46025.777344
1115.362305	45584.175781
1114.234375	45427.164063
1113.106445	45731.250000
1111.978516	45354.554688
1110.849609	45369.957031
1109.721680	45400.417969
1108.592773	45482.539063
1107.463867	45573.234375
1106.333984	45722.000000
1105.205078	45782.492188
1104.075195	45627.835938
1102.945313	45955.023438
1101.815430	45903.609375
1100.685547	45452.300781
1099.554688	45628.859375
1098.424805	46207.265625
1097.293945	45472.488281
1096.162109	45947.582031
1095.031250	45900.507813
1093.899414	45342.300781
1092.768555	45595.972656
1091.636719	45581.191406
1090.503906	45201.500000
1089.372070	45429.304688
1088.239258	45232.164063
1087.106445	45646.519531
1085.973633	45284.246094
1084.840820	45520.437500
1083.708008	45452.066406
1082.574219	45319.406250
1081.440430	45223.230469
1080.306641	45911.421875
1079.171875	45420.933594
1078.038086	45646.113281
1076.903320	45864.789063
1075.768555	45637.964844
1074.633789	45884.386719
1073.498047	45790.359375
1072.363281	45929.648438
1071.227539	46325.667969
1070.091797	46051.886719
1068.956055	45953.609375
1067.819336	46210.386719
1066.682617	46464.929688
1065.546875	46300.347656
1064.409180	46544.089844
1063.272461	46484.269531
1062.135742	46781.300781
1060.998047	46467.230469
1059.860352	46304.925781
1058.722656	46161.898438
1057.583984	46117.140625
1056.446289	46437.437500
1055.307617	46463.074219
1054.168945	46076.843750
1053.029297	46239.082031
1051.890625	46510.050781
1050.750977	46721.199219
1049.611328	46100.628906
1048.471680	46497.261719
1047.332031	46256.382813
1046.191406	46633.652344
1045.051758	46906.371094
1043.911133	46465.285156
1042.769531	46367.296875
1041.628906	46152.210938
1040.487305	46673.937500
1039.346680	46407.777344
1038.205078	46395.003906
1037.062500	46211.984375
1035.920898	46384.359375
1034.778320	46269.480469
1033.635742	46180.164063
1032.493164	46018.574219
1031.350586	45795.386719
1030.207031	46726.570313
1029.063477	46422.562500
1027.919922	46273.789063
1026.776367	46685.964844
1025.632813	46458.597656
1024.488281	46681.562500
1023.343750	46396.945313
1022.199219	46140.027344
1021.054688	46286.507813
1019.910156	46089.125000
1018.764648	46625.980469
1017.619141	46517.703125
1016.473633	46651.273438
1015.327148	46252.492188
1014.181641	46653.214844
1013.035156	47074.988281
1011.888672	46583.082031
1010.742188	46754.648438
1009.594727	46779.957031
1008.448242	46671.796875
1007.300781	46902.550781
1006.153320	47122.628906
1005.005859	47156.308594
1003.857422	47278.882813
1002.708984	47636.332031
1001.560547	48262.382813
1000.412109	48158.304688
999.263672	48432.894531
998.114258	48381.691406
996.965820	48389.707031
995.816406	48683.121094
994.666016	48135.175781
993.516602	48502.492188
992.366211	48153.390625
991.215820	48328.320313
990.065430	48591.898438
988.915039	48223.960938
987.763672	48276.316406
986.613281	48592.523438
985.461914	48619.460938
984.309570	48416.378906
983.158203	48595.242188
982.005859	48506.140625
980.854492	49045.558594
979.701172	48952.187500
978.548828	48985.339844
977.396484	48970.000000
976.243164	49030.531250
975.089844	49219.570313
973.936523	48675.406250
972.783203	48605.359375
971.628906	48737.507813
970.474609	48317.949219
969.320313	48315.367188
968.166016	48476.953125
967.010742	48497.488281
965.856445	48461.203125
964.701172	48744.675781
963.545898	49110.066406
962.390625	48987.468750
961.234375	49039.414063
960.078125	48769.722656
958.921875	49164.253906
957.765625	49287.574219
956.609375	49566.316406
955.452148	49053.058594
954.294922	49516.542969
953.137695	49213.453125
951.980469	49334.542969
950.822266	49138.640625
949.665039	48936.511719
948.506836	49128.917969
947.347656	49178.597656
946.189453	49112.898438
945.030273	49204.500000
943.872070	49384.121094
942.712891	48985.113281
941.552734	49129.074219
940.393555	49038.289063
939.233398	49286.941406
938.073242	49072.566406
936.913086	49499.132813
935.752930	49594.695313
934.591797	49434.812500
933.430664	50114.335938
932.269531	49715.835938
931.108398	49834.296875
929.947266	50038.484375
928.785156	50161.019531
927.623047	49869.445313
926.460938	50508.402344
925.298828	49982.734375
924.135742	50422.871094
922.972656	50710.296875
921.810547	50592.292969
920.646484	50305.125000
919.483398	50548.550781
918.319336	50979.812500
917.155273	50878.535156
915.991211	50846.179688
914.827148	51032.964844
913.662109	51290.621094
912.498047	52028.011719
911.333008	51847.363281
910.167969	51831.527344
909.001953	51959.566406
907.836914	52254.328125
906.670898	52240.503906
905.504883	52837.265625
904.337891	52865.003906
903.171875	52369.863281
902.004883	52289.371094
900.837891	52156.847656
899.670898	52022.289063
898.503906	52016.835938
897.335938	51422.398438
896.167969	51543.984375
895.000000	51563.582031
893.832031	52028.296875
892.663086	51554.914063
891.495117	52004.898438
890.326172	51621.082031
889.156250	51840.171875
887.987305	51574.972656
886.817383	51885.406250
885.648438	52083.542969
884.478516	51828.824219
883.307617	52203.406250
882.137695	51884.390625
880.966797	52115.585938
879.795898	52305.187500
878.625000	52536.214844
877.454102	52375.039063
876.282227	52676.488281
875.110352	52448.980469
873.938477	53032.300781
872.766602	53055.652344
871.593750	52836.484375
870.421875	53135.484375
869.249023	53080.062500
868.076172	52792.640625
866.902344	53354.519531
865.729492	53551.722656
864.555664	53510.750000
863.381836	54063.898438
862.207031	54393.312500
861.033203	54753.640625
859.858398	54774.535156
858.683594	54981.582031
857.508789	54408.859375
856.333984	54597.285156
855.158203	54434.183594
853.982422	54322.816406
852.806641	54211.484375
851.630859	54195.242188
850.454102	54379.386719
849.278320	54480.843750
848.101563	54160.984375
846.924805	54582.464844
845.747070	54510.417969
844.570313	54397.117188
843.392578	55039.113281
842.214844	55187.773438
841.036133	55664.359375
839.858398	56662.554688
838.679688	56336.558594
837.500977	57251.789063
836.322266	57331.863281
835.143555	57772.562500
833.963867	58126.554688
832.784180	57685.207031
831.604492	57262.562500
830.424805	56901.847656
829.244141	56409.492188
828.063477	56355.796875
826.882813	55380.042969
825.702148	55061.093750
824.521484	55161.976563
823.339844	55199.050781
822.158203	54431.949219
820.976563	54312.863281
819.794922	54150.644531
818.612305	54167.312500
817.430664	54245.628906
816.248047	53417.761719
815.064453	53679.023438
813.881836	53966.886719
812.698242	53765.878906
811.514648	53725.093750
810.331055	53569.363281
809.147461	53664.089844
807.962891	53766.988281
806.778320	53806.242188
805.593750	54251.644531
804.409180	54141.066406
803.224609	54155.617188
802.039063	53831.875000
800.853516	53963.308594
799.667969	53307.710938
798.482422	53697.367188
797.295898	53181.367188
796.109375	53364.023438
794.922852	52676.246094
793.736328	52697.167969
792.548828	52679.183594
791.362305	52427.875000
790.174805	52133.679688
788.986328	52394.058594
787.798828	52599.105469
786.610352	52568.875000
785.421875	51941.550781
784.233398	52430.742188
783.044922	52286.082031
781.856445	52055.632813
780.666992	52268.675781
779.477539	52469.378906
778.288086	51644.625000
777.097656	52023.035156
775.907227	51935.769531
774.717773	51799.535156
773.526367	52132.792969
772.335938	51841.480469
771.144531	52097.070313
769.954102	52523.917969
768.762695	52477.429688
767.570313	52294.332031
766.378906	52362.074219
765.186523	52407.363281
763.994141	53436.996094
762.801758	53090.835938
761.609375	53074.839844
760.416016	53339.937500
759.222656	53199.667969
758.029297	53804.671875
756.835938	54199.761719
755.641602	54533.644531
754.447266	54220.273438
753.252930	54159.308594
752.058594	54008.859375
750.864258	54228.621094
749.668945	53655.246094
748.473633	53704.207031
747.278320	53494.996094
746.083008	53149.691406
744.886719	53483.187500
743.690430	52861.714844
742.494141	52963.578125
741.297852	52342.425781
740.100586	52700.179688
738.904297	52873.062500
737.707031	52191.378906
736.509766	52565.187500
735.311523	52468.140625
734.113281	51695.621094
732.916016	52207.222656
731.716797	51919.679688
730.518555	52082.328125
729.320313	51973.289063
728.121094	52480.390625
726.921875	51880.953125
725.721680	51828.730469
724.522461	51604.355469
723.322266	52107.089844
722.122070	52010.304688
720.921875	51779.941406
719.721680	51938.269531
718.520508	51924.531250
717.319336	52232.492188
716.118164	51767.593750
714.916992	52453.675781
713.714844	52255.824219
712.513672	52351.199219
711.311523	52238.335938
710.108398	52396.328125
708.906250	52604.769531
707.703125	53037.378906
706.500000	52633.601563
705.296875	52886.308594
704.093750	53100.550781
702.889648	52515.292969
701.685547	53066.589844
700.481445	53193.898438
699.277344	53335.281250
698.072266	53174.023438
696.868164	53583.593750
695.663086	53773.214844
694.457031	53863.968750
693.251953	54281.238281
692.045898	54134.050781
690.839844	53938.554688
689.633789	54514.718750
688.427734	54617.324219
687.220703	54647.390625
686.013672	54417.710938
684.806641	54365.261719
683.599609	53636.562500
682.391602	53509.816406
681.184570	53698.996094
679.976563	53511.933594
678.767578	53256.562500
677.559570	53602.515625
676.350586	53427.632813
675.141602	53526.183594
673.932617	53510.144531
672.723633	53492.093750
671.513672	53781.421875
670.303711	53474.089844
669.093750	53365.683594
667.883789	53379.792969
666.672852	53355.750000
665.462891	52633.257813
664.251953	53215.378906
663.040039	53137.207031
661.829102	53363.960938
660.617188	53251.687500
659.405273	52930.914063
658.193359	53201.679688
656.981445	52873.011719
655.768555	52754.894531
654.555664	52726.980469
653.342773	53316.097656
652.129883	53081.785156
650.916016	53017.773438
649.702148	53079.921875
648.488281	53692.542969
647.274414	53574.406250
646.059570	54556.894531
644.845703	54720.734375
643.630859	55072.539063
642.416016	55002.222656
641.200195	55529.796875
639.984375	55313.476563
638.769531	55401.050781
637.552734	55164.843750
636.336914	54884.765625
635.120117	54337.101563
633.904297	53999.355469
632.687500	54071.105469
631.469727	54158.800781
630.252930	53653.589844
629.035156	53286.281250
627.817383	53132.617188
626.599609	53232.382813
625.380859	53228.382813
624.163086	53020.960938
622.944336	53517.480469
621.724609	53066.859375
620.505859	53210.382813
619.286133	53503.308594
618.066406	53531.128906
616.846680	53451.363281
615.626953	52905.566406
614.406250	52957.367188
613.186523	53005.167969
611.965820	53570.500000
610.744141	53277.835938
609.523438	53574.269531
608.301758	53216.058594
607.080078	53496.472656
605.858398	53428.757813
604.635742	53386.914063
603.414063	53309.300781
602.191406	53585.503906
600.968750	53573.453125
599.745117	53638.890625
598.522461	53926.789063
597.298828	53600.871094
596.075195	53658.320313
594.850586	53882.511719
593.626953	54116.542969
592.402344	54130.191406
591.177734	54233.121094
589.953125	54343.949219
588.727539	54145.304688
587.501953	54928.375000
586.276367	55058.828125
585.050781	54969.187500
583.825195	55315.613281
582.598633	55541.031250
581.372070	55778.246094
580.145508	56191.671875
578.917969	56373.214844
577.691406	56406.179688
576.463867	57072.652344
575.236328	56911.488281
574.007813	57185.765625
572.780273	57519.296875
571.551758	57061.386719
570.323242	57062.523438
569.094727	56505.992188
567.865234	56657.488281
566.635742	55990.535156
565.406250	56051.152344
564.176758	55418.152344
562.947266	55688.273438
561.716797	55385.449219
560.486328	54549.503906
559.255859	54713.000000
558.024414	54525.027344
556.793945	54246.324219
555.562500	54054.558594
554.331055	53787.882813
553.098633	53627.832031
551.867188	53672.960938
550.634766	54009.917969
549.402344	53536.425781
548.168945	53550.000000
546.936523	53228.523438
545.703125	53514.070313
544.469727	53031.167969
543.236328	53157.089844
542.001953	53316.441406
540.767578	53611.589844
539.533203	53371.164063
538.298828	53388.664063
537.064453	53707.238281
535.829102	53695.152344
534.593750	54082.394531
533.358398	53731.953125
532.122070	53696.261719
530.886719	53792.304688
529.650391	54515.355469
528.414063	54548.316406
527.176758	54205.960938
525.940430	54439.347656
524.703125	54599.964844
523.465820	54302.957031
522.227539	54231.847656
520.990234	54031.207031
519.751953	54252.613281
518.513672	54513.179688
517.275391	54595.109375
516.036133	55220.363281
514.796875	54841.242188
513.557617	54942.664063
512.318359	54759.777344
511.079102	54961.132813
509.838867	55085.984375
508.598633	55042.281250
507.358398	54841.871094
506.117188	54381.039063
504.876953	54449.105469
503.635742	54100.117188
502.394531	54254.335938
501.152344	54570.937500
499.911133	54912.851563
498.668945	54657.933594
497.425781	53824.125000
496.183594	54416.304688
494.941406	54411.898438
493.698242	54595.160156
492.455078	54729.484375
491.210938	54752.367188
489.967773	54214.496094
488.723633	54983.679688
487.479492	54834.625000
486.235352	55109.363281
484.990234	54487.867188
483.745117	54707.906250
482.500000	55439.175781
481.254883	54972.109375
480.008789	55057.316406
478.763672	55476.019531
477.517578	55584.492188
476.271484	55889.843750
475.024414	55908.519531
473.777344	55627.039063
472.530273	56152.402344
471.283203	55929.421875
470.036133	56179.867188
468.788086	55929.695313
467.540039	56160.566406
466.291992	56167.468750
465.043945	56783.601563
463.794922	56603.550781
462.545898	56505.289063
461.296875	56842.812500
460.047852	57147.144531
458.797852	57408.578125
457.547852	57627.136719
456.297852	57499.597656
455.047852	58100.921875
453.796875	57856.750000
452.545898	58197.441406
451.294922	58578.789063
450.043945	58785.207031
448.792969	59212.894531
447.541016	59298.750000
446.289063	60063.894531
445.036133	60165.074219
443.784180	60338.003906
442.531250	61019.093750
441.278320	60429.582031
440.025391	59989.597656
438.771484	59953.031250
437.518555	58792.234375
436.264648	58583.421875
435.010742	57973.597656
433.755859	57559.667969
432.500977	57283.410156
431.246094	56740.011719
429.991211	56847.367188
428.736328	56639.144531
427.480469	56665.183594
426.224609	56286.785156
424.968750	56156.167969
423.712891	56149.390625
422.456055	56127.144531
421.199219	55863.203125
419.942383	55709.554688
418.685547	55925.136719
417.427734	55537.699219
416.169922	56093.277344
414.912109	55980.257813
413.654297	55923.289063
412.395508	55709.925781
411.136719	55998.609375
409.877930	55617.371094
408.619141	55965.785156
407.359375	55870.269531
406.099609	55381.230469
404.839844	56078.601563
403.580078	55672.625000
402.319336	55771.964844
401.059570	55882.828125
