#Wave		#Intensity
2001.242188	29930.398438
2000.272461	29494.263672
1999.302734	29549.261719
1998.333008	29456.406250
1997.363281	29170.679688
1996.392578	29679.064453
1995.422852	29503.587891
1994.452148	30069.326172
1993.481445	29222.912109
1992.510742	29380.505859
1991.540039	29613.121094
1990.568359	29282.669922
1989.596680	29417.652344
1988.625977	29377.496094
1987.654297	29805.009766
1986.681641	29244.714844
1985.709961	29259.605469
1984.738281	29249.496094
1983.765625	29379.337891
1982.792969	29224.285156
1981.820313	29289.128906
1980.847656	29261.531250
1979.874023	29316.355469
1978.901367	29261.294922
1977.927734	29545.771484
1976.954102	29148.730469
1975.980469	29108.697266
1975.006836	29515.312500
1974.032227	29120.976563
1973.058594	29577.330078
1972.083984	29113.291016
1971.109375	29484.707031
1970.134766	29237.732422
1969.160156	29407.099609
1968.184570	29372.052734
1967.209961	29217.417969
1966.234375	29209.816406
1965.258789	29381.556641
1964.283203	29291.746094
1963.306641	29553.046875
1962.331055	29503.068359
1961.354492	28950.312500
1960.377930	29099.544922
1959.401367	29072.060547
1958.424805	29479.943359
1957.447266	28997.220703
1956.470703	29163.742188
1955.493164	29026.859375
1954.515625	29287.785156
1953.538086	29215.548828
1952.560547	29319.783203
1951.582031	29018.972656
1950.604492	29485.906250
1949.625977	29125.556641
1948.647461	28956.554688
1947.668945	29030.941406
1946.689453	29338.662109
1945.710938	29062.976563
1944.731445	29330.873047
1943.751953	29027.990234
1942.772461	29020.427734
1941.792969	29067.433594
1940.813477	29042.505859
1939.833008	29111.806641
1938.852539	29022.419922
1937.873047	28960.330078
1936.891602	29326.988281
1935.911133	29193.007813
1934.930664	29190.373047
1933.949219	29058.939453
1932.967773	29395.601563
1931.986328	29127.994141
1931.004883	28858.001953
1930.023438	29429.660156
1929.041016	29058.244141
1928.059570	29310.480469
1927.077148	28897.158203
1926.094727	29070.181641
1925.112305	29131.859375
1924.128906	28911.640625
1923.146484	29047.486328
1922.163086	29121.490234
1921.179688	29069.431641
1920.196289	28755.484375
1919.212891	29242.052734
1918.228516	29128.248047
1917.245117	28762.591797
1916.260742	29014.335938
1915.276367	29112.933594
1914.291992	29152.255859
1913.307617	29253.261719
1912.322266	29077.882813
1911.336914	29085.119141
1910.352539	28890.099609
1909.367188	28929.421875
1908.380859	29168.447266
1907.395508	28995.697266
1906.409180	28978.289063
1905.423828	29145.708984
1904.437500	28879.421875
1903.451172	28953.187500
1902.463867	29278.156250
1901.477539	29002.132813
1900.490234	28930.566406
1899.503906	28758.091797
1898.516602	28930.259766
1897.528320	29028.541016
1896.541016	28728.193359
1895.553711	29082.314453
1894.565430	28664.000000
1893.577148	28813.896484
1892.588867	28968.656250
1891.600586	28631.703125
1890.611328	28892.125000
1889.623047	28786.298828
1888.633789	28852.500000
1887.644531	28854.802734
1886.655273	28680.263672
1885.666016	28869.230469
1884.675781	28876.437500
1883.686523	28755.988281
1882.696289	29057.740234
1881.706055	28704.173828
1880.715820	28711.400391
1879.724609	29057.152344
1878.734375	29223.736328
1877.743164	28961.117188
1876.751953	28926.609375
1875.760742	28933.785156
1874.769531	29014.484375
1873.778320	28764.333984
1872.786133	29121.896484
1871.793945	28685.636719
1870.801758	28817.753906
1869.809570	28891.052734
1868.817383	28971.669922
1867.824219	28927.410156
1866.832031	28799.951172
1865.838867	29176.634766
1864.845703	28909.714844
1863.851563	28613.531250
1862.858398	28906.890625
1861.865234	28821.111328
1860.871094	28784.259766
1859.876953	29121.431641
1858.882813	28703.261719
1857.887695	28962.128906
1856.893555	28822.660156
1855.898438	28798.048828
1854.904297	29127.587891
1853.909180	28917.343750
1852.913086	28829.248047
1851.917969	28797.324219
1850.922852	29065.611328
1849.926758	29094.662109
1848.930664	29023.669922
1847.934570	28952.701172
1846.938477	28981.753906
1845.941406	28671.843750
1844.945313	28954.490234
1843.948242	29098.091797
1842.951172	29317.195313
1841.954102	28831.990234
1840.956055	29129.023438
1839.958984	29109.283203
1838.960938	29277.080078
1837.962891	28994.330078
1836.964844	29101.218750
1835.966797	29064.451172
1834.968750	29390.330078
1833.969727	29056.654297
1832.970703	28781.484375
1831.971680	28941.826172
1830.972656	29014.556641
1829.973633	29174.798828
1828.973633	29264.478516
1827.974609	28974.923828
1826.974609	28981.974609
1825.974609	28952.570313
1824.974609	29394.498047
1823.973633	29284.871094
1822.973633	29121.851563
1821.972656	29262.414063
1820.971680	29186.853516
1819.970703	29310.363281
1818.968750	29232.390625
1817.967773	29268.492188
1816.965820	29018.300781
1815.964844	29304.265625
1814.961914	29425.212891
1813.959961	29075.707031
1812.958008	29300.898438
1811.955078	29264.222656
1810.953125	28914.925781
1809.950195	29164.253906
1808.947266	29071.898438
1807.943359	28969.884766
1806.940430	29158.521484
1805.936523	29429.417969
1804.932617	29271.708984
1803.928711	29324.640625
1802.924805	29130.703125
1801.920898	29529.652344
1800.916016	29304.292969
1799.911133	29444.253906
1798.907227	29325.396484
1797.901367	29351.658203
1796.896484	29375.492188
1795.891602	29087.509766
1794.885742	29282.962891
1793.879883	29456.601563
1792.874023	29275.048828
1791.868164	29668.425781
1790.862305	29706.660156
1789.855469	29501.011719
1788.848633	29416.140625
1787.842773	29688.525391
1786.834961	29287.509766
1785.828125	29518.798828
1784.821289	29557.013672
1783.813477	29850.884766
1782.805664	30012.013672
1781.797852	29587.177734
1780.790039	29755.527344
1779.782227	29957.558594
1778.773438	29817.318359
1777.764648	29795.187500
1776.755859	29505.662109
1775.747070	29522.130859
1774.738281	29822.755859
1773.729492	29701.917969
1772.719727	29829.074219
1771.709961	29780.482422
1770.700195	29630.833984
1769.690430	29806.054688
1768.680664	29620.369141
1767.669922	29949.458984
1766.659180	30004.287109
1765.648438	29883.578125
1764.637695	30231.673828
1763.626953	29988.386719
1762.615234	29992.701172
1761.604492	30114.742188
1760.592773	30085.398438
1759.581055	30200.171875
1758.569336	29985.916016
1757.556641	30170.291016
1756.544922	30136.152344
1755.532227	30291.630859
1754.519531	30259.880859
1753.506836	30372.095703
1752.494141	30263.576172
1751.480469	30334.974609
1750.466797	30394.357422
1749.454102	30492.078125
1748.440430	30261.357422
1747.425781	30241.625000
1746.412109	30413.603516
1745.397461	30377.078125
1744.383789	30711.857422
1743.369141	30833.361328
1742.353516	30710.572266
1741.338867	30894.279297
1740.324219	30678.166016
1739.308594	30411.867188
1738.292969	30885.066406
1737.277344	30489.628906
1736.261719	31302.314453
1735.245117	31452.232422
1734.229492	31059.292969
1733.212891	31013.152344
1732.196289	31289.726563
1731.179688	31317.648438
1730.162109	31436.359375
1729.145508	31586.085938
1728.127930	31671.265625
1727.110352	31859.105469
1726.092773	32077.921875
1725.075195	31914.673828
1724.056641	31866.058594
1723.039063	32306.701172
1722.020508	32312.912109
1721.001953	32092.476563
1719.983398	32373.027344
1718.963867	32412.607422
1717.945313	32473.632813
1716.925781	32577.544922
1715.906250	32588.460938
1714.886719	32761.425781
1713.867188	32676.992188
1712.846680	32921.347656
1711.826172	32648.742188
1710.806641	32871.582031
1709.786133	32975.285156
1708.764648	32976.585938
1707.744141	32923.136719
1706.722656	32967.281250
1705.701172	32932.886719
1704.679688	33060.269531
1703.658203	33446.867188
1702.636719	33291.121094
1701.614258	33435.015625
1700.592773	33295.960938
1699.570313	33784.441406
1698.547852	33362.578125
1697.524414	33401.808594
1696.501953	33490.910156
1695.478516	33328.210938
1694.456055	33365.046875
1693.432617	33617.929688
1692.408203	33234.519531
1691.384766	33634.492188
1690.360352	33550.214844
1689.336914	34246.562500
1688.312500	33706.742188
1687.288086	34322.171875
1686.262695	34052.863281
1685.238281	34049.191406
1684.212891	34396.359375
1683.187500	34627.269531
1682.162109	34858.093750
1681.136719	34060.574219
1680.110352	34729.652344
1679.084961	34595.593750
1678.058594	34807.312500
1677.032227	34784.562500
1676.005859	35022.207031
1674.978516	34914.218750
1673.952148	34777.875000
1672.924805	35192.832031
1671.897461	35229.164063
1670.870117	34773.546875
1669.842773	34679.882813
1668.814453	35078.007813
1667.787109	35327.070313
1666.758789	35368.066406
1665.730469	35323.976563
1664.701172	35501.984375
1663.672852	35183.878906
1662.643555	35449.226563
1661.615234	35360.285156
1660.585938	35438.996094
1659.555664	35168.328125
1658.526367	35391.003906
1657.497070	35011.898438
1656.466797	35753.542969
1655.436523	35615.101563
1654.406250	35903.566406
1653.375977	35857.101563
1652.344727	35584.332031
1651.313477	35759.503906
1650.282227	35948.753906
1649.250977	35475.824219
1648.219727	35964.246094
1647.188477	35762.351563
1646.156250	35975.011719
1645.124023	35857.953125
1644.091797	35799.785156
1643.059570	36172.375000
1642.027344	36158.882813
1640.994141	35679.519531
1639.961914	35988.410156
1638.928711	36064.332031
1637.895508	36227.238281
1636.861328	36110.285156
1635.828125	36080.355469
1634.793945	36325.433594
1633.759766	36373.019531
1632.725586	36500.476563
1631.691406	36815.816406
1630.656250	36621.367188
1629.622070	36734.617188
1628.586914	36735.125000
1627.551758	36601.824219
1626.516602	36963.800781
1625.480469	36959.570313
1624.445313	37408.160156
1623.409180	37335.820313
1622.373047	37430.027344
1621.336914	37491.371094
1620.300781	38038.011719
1619.263672	38094.531250
1618.227539	38668.992188
1617.190430	39238.558594
1616.153320	39613.464844
1615.115234	39906.246094
1614.078125	40292.605469
1613.040039	40622.628906
1612.001953	40819.078125
1610.963867	41502.347656
1609.925781	41078.367188
1608.887695	41293.347656
1607.848633	40764.273438
1606.809570	40249.421875
1605.770508	39835.316406
1604.731445	39231.953125
1603.692383	39084.691406
1602.652344	38392.851563
1601.613281	38054.152344
1600.573242	37932.875000
1599.533203	37297.675781
1598.492188	37120.515625
1597.452148	36744.910156
1596.411133	36343.753906
1595.370117	36738.816406
1594.329102	36466.179688
1593.288086	36163.296875
1592.247070	36009.851563
1591.205078	36201.730469
1590.163086	35987.687500
1589.121094	35671.105469
1588.079102	35321.996094
1587.036133	35653.726563
1585.994141	35551.804688
1584.951172	35641.011719
1583.908203	36070.359375
1582.865234	35756.425781
1581.822266	35635.921875
1580.778320	35543.402344
1579.734375	36296.093750
1578.691406	36035.878906
1577.646484	35847.906250
1576.602539	36467.492188
1575.558594	36421.433594
1574.513672	36128.808594
1573.468750	36354.945313
1572.423828	36171.726563
1571.378906	36346.621094
1570.333008	36019.343750
1569.288086	36405.699219
1568.242188	35483.644531
1567.196289	35145.074219
1566.150391	35162.031250
1565.103516	34765.574219
1564.057617	34847.605469
1563.010742	35287.148438
1561.963867	34533.402344
1560.916992	34095.558594
1559.869141	34534.992188
1558.822266	34345.546875
1557.774414	34239.667969
1556.726563	34433.003906
1555.678711	34821.046875
1554.630859	34202.781250
1553.582031	34185.082031
1552.534180	34134.941406
1551.485352	34420.800781
1550.436523	34173.714844
1549.386719	34267.210938
1548.337891	33818.757813
1547.288086	34011.843750
1546.238281	33899.277344
1545.188477	33809.890625
1544.138672	33940.386719
1543.088867	33594.195313
1542.038086	33590.503906
1540.987305	33697.835938
1539.936523	33354.175781
1538.885742	33443.015625
1537.834961	33615.039063
1536.783203	33789.316406
1535.731445	33674.660156
1534.679688	33735.644531
1533.627930	33699.582031
1532.576172	33857.542969
1531.523438	33966.953125
1530.471680	33861.597656
1529.418945	33546.210938
1528.366211	33766.398438
1527.312500	33638.054688
1526.259766	33521.292969
1525.206055	33727.523438
1524.152344	33449.335938
1523.098633	33422.597656
1522.044922	33626.425781
1520.990234	33355.316406
1519.936523	33273.292969
1518.881836	33426.335938
1517.827148	33611.578125
1516.772461	32932.945313
1515.716797	33389.972656
1514.662109	33029.386719
1513.606445	33083.332031
1512.550781	32916.281250
1511.495117	32921.898438
1510.438477	32699.708984
1509.382813	33114.863281
1508.326172	32667.300781
1507.269531	32284.287109
1506.212891	32559.029297
1505.155273	33162.421875
1504.098633	32834.687500
1503.041016	33129.863281
1501.983398	32503.546875
1500.925781	32437.994141
1499.867188	32675.656250
1498.809570	32642.244141
1497.750977	32682.320313
1496.692383	32646.621094
1495.633789	32773.898438
1494.575195	32550.015625
1493.515625	32771.332031
1492.457031	32430.533203
1491.397461	32502.705078
1490.337891	32707.855469
1489.277344	32701.994141
1488.217773	32563.173828
1487.157227	32878.214844
1486.096680	32705.037109
1485.036133	32779.363281
1483.975586	32636.044922
1482.915039	32822.582031
1481.853516	32383.904297
1480.791992	32721.523438
1479.730469	32681.320313
1478.668945	32975.277344
1477.606445	32660.447266
1476.544922	32604.257813
1475.482422	32486.326172
1474.419922	32677.183594
1473.357422	33007.457031
1472.293945	32980.960938
1471.231445	32634.460938
1470.167969	33293.656250
1469.104492	33120.878906
1468.041016	32829.367188
1466.976563	33019.914063
1465.913086	33217.242188
1464.848633	33460.167969
1463.784180	33410.789063
1462.719727	33235.886719
1461.655273	33649.828125
1460.589844	33436.156250
1459.524414	33708.472656
1458.458984	33547.320313
1457.393555	33684.968750
1456.328125	33804.328125
1455.261719	34087.773438
1454.196289	34015.554688
1453.129883	33701.804688
1452.063477	33672.968750
1450.996094	33801.328125
1449.929688	33918.246094
1448.862305	33880.277344
1447.794922	33760.351563
1446.727539	33986.480469
1445.660156	34178.382813
1444.591797	34370.218750
1443.524414	33979.542969
1442.456055	34378.343750
1441.387695	34372.167969
1440.318359	34654.785156
1439.250000	34907.738281
1438.180664	34931.015625
1437.111328	35081.558594
1436.041992	35170.687500
1434.972656	35057.589844
1433.903320	35108.074219
1432.833008	35394.734375
1431.762695	35034.148438
1430.692383	35338.875000
1429.622070	35182.714844
1428.550781	35911.687500
1427.480469	35993.722656
1426.409180	36041.699219
1425.337891	36055.632813
1424.266602	36616.101563
1423.194336	36305.687500
1422.122070	36621.070313
1421.050781	36453.554688
1419.978516	37011.281250
1418.905273	36730.464844
1417.833008	36741.980469
1416.759766	36572.292969
1415.687500	36409.460938
1414.614258	36289.703125
1413.540039	36183.570313
1412.466797	35728.917969
1411.392578	35525.617188
1410.319336	35345.007813
1409.245117	35164.464844
1408.169922	35291.578125
1407.095703	35726.179688
1406.020508	35658.703125
1404.946289	35980.054688
1403.871094	35659.429688
1402.794922	35976.140625
1401.719727	36389.886719
1400.643555	36250.062500
1399.568359	36320.324219
1398.492188	36124.109375
1397.415039	35957.312500
1396.338867	35907.949219
1395.261719	36165.531250
1394.185547	35615.222656
1393.108398	35757.703125
1392.031250	36394.109375
1390.953125	36268.027344
1389.875977	36024.742188
1388.797852	36164.785156
1387.719727	35874.269531
1386.641602	36365.843750
1385.562500	36404.355469
1384.484375	36244.609375
1383.405273	36350.695313
1382.326172	36668.425781
1381.247070	36546.988281
1380.166992	36139.699219
1379.087891	36094.921875
1378.007813	36254.941406
1376.927734	35962.664063
1375.847656	35465.789063
1374.767578	35524.617188
1373.686523	35578.929688
1372.605469	35246.511719
1371.524414	34990.640625
1370.443359	34946.125000
1369.362305	34944.316406
1368.280273	34392.070313
1367.199219	34704.839844
1366.117188	34431.320313
1365.034180	35029.140625
1363.952148	34562.585938
1362.870117	34524.925781
1361.787109	34972.035156
1360.704102	34748.070313
1359.621094	35107.480469
1358.537109	34863.386719
1357.454102	34971.468750
1356.370117	35030.183594
1355.286133	34631.542969
1354.202148	34652.191406
1353.118164	34018.453125
1352.033203	34236.375000
1350.948242	34192.109375
1349.863281	33912.683594
1348.778320	33942.390625
1347.693359	33423.539063
1346.607422	33748.812500
1345.521484	33628.570313
1344.435547	33575.507813
1343.349609	33439.675781
1342.263672	33813.921875
1341.176758	33615.468750
1340.090820	33821.832031
1339.003906	33768.773438
1337.916016	33675.496094
1336.829102	33662.707031
1335.741211	33768.351563
1334.654297	34079.500000
1333.566406	34035.367188
1332.478516	33848.320313
1331.389648	34090.058594
1330.301758	33949.945313
1329.212891	34082.203125
1328.124023	34377.324219
1327.035156	34516.148438
1325.945313	34445.210938
1324.856445	34577.277344
1323.766602	34191.910156
1322.676758	34760.992188
1321.586914	34823.812500
1320.496094	34933.421875
1319.406250	35482.000000
1318.315430	35292.878906
1317.224609	35985.988281
1316.133789	36148.753906
1315.041992	36037.554688
1313.951172	36837.019531
1312.859375	37150.914063
1311.767578	37115.257813
1310.675781	37428.984375
1309.583008	37081.808594
1308.491211	36837.082031
1307.398438	36445.656250
1306.305664	36750.375000
1305.212891	36336.867188
1304.119141	36345.851563
1303.026367	36305.941406
1301.932617	36572.679688
1300.838867	36523.851563
1299.744141	36861.531250
1298.650391	37068.062500
1297.555664	37556.507813
1296.461914	38058.101563
1295.366211	38002.378906
1294.271484	38148.625000
1293.176758	38470.105469
1292.081055	38425.425781
1290.985352	37908.320313
1289.889648	37810.535156
1288.793945	37289.289063
1287.697266	37490.917969
1286.601563	36715.031250
1285.504883	36677.355469
1284.408203	36325.074219
1283.311523	36349.507813
1282.213867	35984.121094
1281.116211	35747.304688
1280.018555	35087.695313
1278.920898	35574.972656
1277.823242	35442.371094
1276.725586	35042.070313
1275.626953	34776.867188
1274.528320	35013.886719
1273.429688	34753.203125
1272.330078	34642.980469
1271.231445	34543.843750
1270.131836	34548.636719
1269.032227	34230.761719
1267.932617	34423.421875
1266.833008	34006.265625
1265.732422	33653.320313
1264.632813	33861.433594
1263.532227	33641.117188
1262.430664	33683.582031
1261.330078	33953.375000
1260.228516	33689.019531
1259.127930	33826.324219
1258.026367	33504.730469
1256.924805	33626.578125
1255.822266	33759.406250
1254.720703	33325.550781
1253.618164	33495.855469
1252.515625	33145.953125
1251.413086	33265.542969
1250.309570	32882.761719
1249.207031	33627.949219
1248.103516	33302.496094
1247.000000	32761.367188
1245.895508	33193.539063
1244.791992	33117.074219
1243.687500	33183.691406
1242.583008	33085.250000
1241.478516	33270.644531
1240.374023	33433.972656
1239.269531	33155.199219
1238.164063	32933.699219
1237.058594	33180.535156
1235.953125	33198.687500
1234.847656	33342.093750
1233.741211	33311.871094
1232.635742	33321.195313
1231.529297	33317.339844
1230.422852	33249.800781
1229.315430	33425.996094
1228.208984	33301.382813
1227.101563	33620.164063
1225.994141	33359.503906
1224.886719	33452.171875
1223.779297	34049.339844
1222.670898	33426.855469
1221.562500	33576.472656
1220.454102	33300.699219
1219.345703	33627.835938
1218.237305	33389.410156
1217.127930	32982.347656
1216.018555	33456.140625
1214.909180	33307.683594
1213.799805	33196.503906
1212.690430	33094.125000
1211.580078	33267.625000
1210.469727	33281.273438
1209.359375	33540.023438
1208.249023	33606.128906
1207.138672	33475.320313
1206.027344	33854.187500
1204.916016	33979.242188
1203.804688	33594.804688
1202.693359	33455.343750
1201.581055	33475.484375
1200.469727	33548.062500
1199.357422	33852.210938
1198.245117	33782.699219
1197.131836	33890.125000
1196.019531	34102.324219
1194.906250	34137.597656
1193.792969	33954.574219
1192.679688	33893.832031
1191.566406	34317.531250
1190.452148	33754.957031
1189.337891	33807.707031
1188.223633	33851.710938
1187.109375	33777.953125
1185.995117	33433.886719
1184.879883	33473.574219
1183.764648	33408.636719
1182.649414	33215.167969
1181.534180	33257.046875
1180.418945	33211.781250
1179.302734	33299.375000
1178.186523	33378.226563
1177.070313	33156.628906
1175.954102	32998.234375
1174.837891	32974.812500
1173.720703	32716.419922
1172.603516	32751.791016
1171.486328	32967.664063
1170.369141	32511.529297
1169.250977	32696.927734
1168.132813	33027.898438
1167.015625	32906.691406
1165.896484	32950.671875
1164.778320	33079.367188
1163.660156	32625.869141
1162.541016	32632.953125
1161.421875	32557.519531
1160.302734	32710.064453
1159.182617	32929.839844
1158.063477	33075.750000
1156.943359	32470.855469
1155.823242	32725.261719
1154.703125	32767.011719
1153.582031	32745.855469
1152.461914	33019.582031
1151.340820	32642.861328
1150.219727	32944.679688
1149.097656	32884.496094
1147.976563	32432.169922
1146.854492	33054.457031
1145.732422	33072.250000
1144.610352	33079.210938
1143.488281	33094.824219
1142.365234	33054.148438
1141.243164	33219.093750
1140.120117	33195.718750
1138.996094	33611.535156
1137.873047	33456.148438
1136.750000	33350.558594
1135.625977	33588.804688
1134.501953	33673.472656
1133.377930	33446.851563
1132.252930	33587.699219
1131.127930	33142.945313
1130.003906	33260.031250
1128.878906	33480.746094
1127.752930	33409.847656
1126.627930	32848.851563
1125.501953	33393.324219
1124.375977	33285.785156
1123.250000	33437.234375
1122.124023	32962.937500
1120.997070	33133.800781
1119.871094	33153.628906
1118.744141	33197.167969
1117.617188	33331.238281
1116.489258	33148.390625
1115.362305	33206.988281
1114.234375	33265.562500
1113.106445	33225.011719
1111.978516	33253.402344
1110.849609	33443.300781
1109.721680	33099.132813
1108.592773	33562.398438
1107.463867	33304.425781
1106.333984	33055.160156
1105.205078	33120.117188
1104.075195	33163.539063
1102.945313	33327.390625
1101.815430	33407.316406
1100.685547	33341.003906
1099.554688	33281.164063
1098.424805	33352.449219
1097.293945	33466.687500
1096.162109	33733.421875
1095.031250	33596.214844
1093.899414	33467.652344
1092.768555	33270.417969
1091.636719	33150.542969
1090.503906	33631.738281
1089.372070	32966.718750
1088.239258	33297.566406
1087.106445	33186.351563
1085.973633	33109.492188
1084.840820	33317.886719
1083.708008	33168.128906
1082.574219	33535.074219
1081.440430	32892.351563
1080.306641	32999.906250
1079.171875	32940.300781
1078.038086	33084.222656
1076.903320	33024.617188
1075.768555	32836.550781
1074.633789	33108.867188
1073.498047	33152.039063
1072.363281	32910.539063
1071.227539	33105.656250
1070.091797	33407.675781
1068.956055	33121.335938
1067.819336	33312.027344
1066.682617	33466.292969
1065.546875	32880.792969
1064.409180	33088.519531
1063.272461	33317.535156
1062.135742	33557.152344
1060.998047	33399.324219
1059.860352	33183.878906
1058.722656	33224.781250
1057.583984	32851.445313
1056.446289	33238.218750
1055.307617	33119.000000
1054.168945	32963.550781
1053.029297	33111.125000
1051.890625	32834.136719
1050.750977	33182.164063
1049.611328	33122.765625
1048.471680	33609.187500
1047.332031	32846.296875
1046.191406	32891.421875
1045.051758	32979.144531
1043.911133	33252.183594
1042.769531	32869.062500
1041.628906	32841.734375
1040.487305	33170.007813
1039.346680	33180.953125
1038.205078	32815.148438
1037.062500	33011.296875
1035.920898	32598.841797
1034.778320	32237.595703
1033.635742	32565.607422
1032.493164	32682.970703
1031.350586	32776.902344
1030.207031	32539.173828
1029.063477	32620.341797
1027.919922	32280.728516
1026.776367	32480.888672
1025.632813	32952.871094
1024.488281	32919.210938
1023.343750	32520.330078
1022.199219	32739.400391
1021.054688	32457.443359
1019.910156	32434.501953
1018.764648	32543.126953
1017.619141	33148.132813
1016.473633	32912.968750
1015.327148	32739.384766
1014.181641	32854.226563
1013.035156	32843.949219
1011.888672	33037.152344
1010.742188	32766.187500
1009.594727	32770.757813
1008.448242	32893.957031
1007.300781	32697.292969
1006.153320	32867.042969
1005.005859	32981.683594
1003.857422	32939.632813
1002.708984	32925.113281
1001.560547	32914.824219
1000.412109	33685.214844
999.263672	33865.160156
998.114258	33791.257813
996.965820	33499.589844
995.816406	33588.562500
994.666016	33421.746094
993.516602	33842.484375
992.366211	33155.902344
991.215820	33479.355469
990.065430	33253.535156
988.915039	33593.746094
987.763672	33908.492188
986.613281	33779.816406
985.461914	34047.976563
984.309570	34119.789063
983.158203	34339.257813
982.005859	34145.199219
980.854492	34326.621094
979.701172	34438.386719
978.548828	34326.632813
977.396484	34440.460938
976.243164	34111.675781
975.089844	33974.757813
973.936523	33825.246094
972.783203	34257.132813
971.628906	33825.425781
970.474609	33570.742188
969.320313	34158.214844
968.166016	33779.378906
967.010742	33792.097656
965.856445	33491.312500
964.701172	33457.796875
963.545898	33531.554688
962.390625	33367.664063
961.234375	33838.773438
960.078125	33870.375000
958.921875	33954.503906
957.765625	33876.804688
956.609375	33712.992188
955.452148	33818.105469
954.294922	34074.386719
953.137695	33832.937500
951.980469	33715.437500
950.822266	33868.742188
949.665039	33902.371094
948.506836	34047.187500
947.347656	33629.742188
946.189453	33904.593750
945.030273	34129.015625
943.872070	33906.769531
942.712891	33978.074219
941.552734	33967.617188
940.393555	34179.281250
939.233398	33986.515625
938.073242	34036.800781
936.913086	34237.859375
935.752930	34562.382813
934.591797	34595.785156
933.430664	34158.210938
932.269531	34896.933594
931.108398	34557.804688
929.947266	34474.023438
928.785156	34998.929688
927.623047	34944.371094
926.460938	34825.015625
925.298828	34791.414063
924.135742	34527.910156
922.972656	34851.707031
921.810547	35035.398438
920.646484	35160.531250
919.483398	35053.789063
918.319336	34773.769531
917.155273	35024.140625
915.991211	35057.332031
914.827148	35603.906250
913.662109	35534.734375
912.498047	35738.878906
911.333008	35740.617188
910.167969	36040.574219
909.001953	36375.867188
907.836914	36194.031250
906.670898	36293.644531
905.504883	36124.390625
904.337891	36353.152344
903.171875	36477.671875
902.004883	36071.042969
900.837891	35841.562500
899.670898	36001.496094
898.503906	35566.035156
897.335938	35515.753906
896.167969	35661.089844
895.000000	36056.019531
893.832031	35824.707031
892.663086	35830.558594
891.495117	35778.191406
890.326172	35607.339844
889.156250	35962.417969
887.987305	36192.671875
886.817383	36368.816406
885.648438	36615.527344
884.478516	36704.296875
883.307617	36618.593750
882.137695	37049.898438
880.966797	37254.777344
879.795898	37048.640625
878.625000	37234.765625
877.454102	37329.535156
876.282227	37092.378906
875.110352	37201.652344
873.938477	37478.839844
872.766602	37084.226563
871.593750	37054.562500
870.421875	37290.167969
869.249023	37113.359375
868.076172	37268.074219
866.902344	37379.234375
865.729492	37057.542969
864.555664	37535.167969
863.381836	37849.074219
862.207031	38028.335938
861.033203	37938.523438
859.858398	37699.777344
858.683594	38079.609375
857.508789	37818.171875
856.333984	37935.230469
855.158203	37822.765625
853.982422	37627.660156
852.806641	37416.093750
851.630859	37502.140625
850.454102	36964.265625
849.278320	37508.894531
848.101563	37795.183594
846.924805	37443.375000
845.747070	37669.699219
844.570313	37794.808594
843.392578	38002.414063
842.214844	38278.019531
841.036133	38497.832031
839.858398	38663.933594
838.679688	39075.355469
837.500977	39810.300781
836.322266	39633.894531
835.143555	39770.804688
833.963867	39674.824219
832.784180	39821.972656
831.604492	39882.558594
830.424805	39094.664063
829.244141	39075.058594
828.063477	38643.738281
826.882813	38441.039063
825.702148	38368.054688
824.521484	38077.011719
823.339844	37323.230469
822.158203	37396.515625
820.976563	37424.531250
819.794922	37318.898438
818.612305	37418.859375
817.430664	37584.546875
816.248047	37080.312500
815.064453	37044.667969
813.881836	37212.378906
812.698242	37542.261719
811.514648	37471.640625
810.331055	37050.003906
809.147461	37250.421875
807.962891	37844.769531
806.778320	37302.242188
805.593750	37941.480469
804.409180	37719.082031
803.224609	37486.511719
802.039063	37426.242188
800.853516	37066.722656
799.667969	37027.042969
798.482422	37417.675781
797.295898	36914.945313
796.109375	36803.621094
794.922852	36868.457031
793.736328	36800.179688
792.548828	37008.289063
791.362305	37017.781250
790.174805	36720.312500
788.986328	36545.714844
787.798828	36592.105469
786.610352	36133.304688
785.421875	36723.683594
784.233398	36694.363281
783.044922	36160.160156
781.856445	36161.609375
780.666992	36606.460938
779.477539	36242.136719
778.288086	36174.117188
777.097656	36251.117188
775.907227	36471.011719
774.717773	35988.570313
773.526367	36157.406250
772.335938	36424.128906
771.144531	36492.839844
769.954102	36173.941406
768.762695	36530.246094
767.570313	36568.308594
766.378906	36573.734375
765.186523	36838.035156
763.994141	36814.871094
762.801758	36730.585938
761.609375	36986.554688
760.416016	37264.832031
759.222656	37589.843750
758.029297	37456.601563
756.835938	37307.125000
755.641602	37644.152344
754.447266	37972.914063
753.252930	37835.625000
752.058594	37706.523438
750.864258	37461.539063
749.668945	37419.988281
748.473633	37077.554688
747.278320	37316.605469
746.083008	36813.761719
744.886719	36723.589844
743.690430	37080.398438
742.494141	36510.843750
741.297852	36343.605469
740.100586	36564.238281
738.904297	36776.671875
737.707031	36447.093750
736.509766	36351.007813
735.311523	36616.109375
734.113281	36307.027344
732.916016	36645.046875
731.716797	36461.792969
730.518555	36343.484375
729.320313	36316.437500
728.121094	36477.875000
726.921875	36003.000000
725.721680	36142.148438
724.522461	36370.367188
723.322266	36345.355469
722.122070	36287.953125
720.921875	36101.011719
719.721680	36440.382813
718.520508	36385.015625
717.319336	35993.804688
716.118164	36328.953125
714.916992	36314.082031
713.714844	36495.359375
712.513672	36342.980469
711.311523	36386.730469
710.108398	36545.660156
708.906250	36599.453125
707.703125	36703.734375
706.500000	36706.980469
705.296875	37031.320313
704.093750	37216.218750
702.889648	36730.828125
701.685547	36713.875000
700.481445	37031.914063
699.277344	37000.785156
698.072266	36824.425781
696.868164	37077.718750
695.663086	37554.742188
694.457031	37717.078125
693.251953	37824.925781
692.045898	37662.675781
690.839844	37689.890625
689.633789	38146.199219
688.427734	38276.039063
687.220703	38021.179688
686.013672	37762.390625
684.806641	37793.578125
683.599609	37716.070313
682.391602	37505.773438
681.184570	37365.968750
679.976563	37330.820313
678.767578	37679.820313
677.559570	37306.804688
676.350586	37315.910156
675.141602	37170.234375
673.932617	37173.332031
672.723633	37429.597656
671.513672	37581.300781
670.303711	37210.718750
669.093750	37452.773438
667.883789	37104.437500
666.672852	37567.234375
665.462891	37463.863281
664.251953	37352.503906
663.040039	37034.535156
661.829102	37392.683594
660.617188	37485.960938
659.405273	37378.687500
658.193359	37085.000000
656.981445	36891.644531
655.768555	37497.980469
654.555664	37208.437500
653.342773	36943.042969
652.129883	37721.273438
650.916016	37381.785156
649.702148	37490.910156
648.488281	37934.296875
647.274414	38093.308594
646.059570	37998.125000
644.845703	38165.066406
643.630859	38181.917969
642.416016	38558.753906
641.200195	38575.523438
639.984375	38882.167969
638.769531	38659.007813
637.552734	38625.781250
636.336914	38308.843750
635.120117	38213.765625
633.904297	38408.328125
632.687500	37899.898438
631.469727	37840.882813
630.252930	38087.304688
629.035156	37928.480469
627.817383	37777.695313
626.599609	37648.910156
625.380859	37450.359375
624.163086	37622.824219
622.944336	37863.019531
621.724609	37877.843750
620.505859	37798.984375
619.286133	37795.878906
618.066406	37693.152344
616.846680	37767.753906
615.626953	38202.824219
614.406250	37890.984375
613.186523	37867.945313
611.965820	37940.460938
610.744141	37827.859375
609.523438	37713.308594
608.301758	37887.269531
607.080078	37836.398438
605.858398	38089.816406
604.635742	38007.109375
603.414063	37783.285156
602.191406	38114.082031
600.968750	37814.800781
599.745117	38125.597656
598.522461	38247.554688
597.298828	38089.429688
596.075195	38114.046875
594.850586	38428.515625
593.626953	38435.191406
592.402344	38725.660156
591.177734	39014.035156
589.953125	38657.546875
588.727539	38985.492188
587.501953	39029.726563
586.276367	39327.734375
585.050781	39229.156250
583.825195	39671.695313
582.598633	40086.324219
581.372070	40225.402344
580.145508	40374.332031
578.917969	40279.597656
577.691406	40883.886719
576.463867	40981.128906
575.236328	41149.585938
574.007813	41092.375000
572.780273	41052.988281
571.551758	40922.613281
570.323242	40918.871094
569.094727	40962.589844
567.865234	40472.457031
566.635742	40168.328125
565.406250	40342.601563
564.176758	40010.937500
562.947266	39485.785156
561.716797	39877.363281
560.486328	39494.625000
559.255859	39400.312500
558.024414	39209.296875
556.793945	39047.957031
555.562500	38945.882813
554.331055	38899.089844
553.098633	38808.914063
551.867188	38990.953125
550.634766	38595.136719
549.402344	38844.171875
548.168945	38588.484375
546.936523	38419.609375
545.703125	38477.398438
544.469727	38677.015625
543.236328	38659.878906
542.001953	38341.437500
540.767578	38582.308594
539.533203	38494.328125
538.298828	38607.136719
537.064453	38499.503906
535.829102	38568.980469
534.593750	38791.867188
533.358398	38283.031250
532.122070	38694.660156
530.886719	38984.234375
529.650391	38845.187500
528.414063	38890.929688
527.176758	39223.527344
525.940430	38752.500000
524.703125	38961.253906
523.465820	39097.261719
522.227539	39089.890625
520.990234	39204.230469
519.751953	39102.628906
518.513672	39130.574219
517.275391	39125.156250
516.036133	39488.511719
514.796875	39279.058594
513.557617	39822.644531
512.318359	39836.699219
511.079102	39544.968750
509.838867	39423.839844
508.598633	39849.421875
507.358398	39152.335938
506.117188	39548.421875
504.876953	39452.835938
503.635742	39012.699219
502.394531	39034.699219
501.152344	39313.070313
499.911133	39436.753906
498.668945	39386.269531
497.425781	39281.031250
496.183594	39271.656250
494.941406	39123.460938
493.698242	39249.007813
492.455078	39440.957031
491.210938	39402.242188
489.967773	39488.582031
488.723633	39653.027344
487.479492	39626.003906
486.235352	39583.371094
484.990234	39751.601563
483.745117	40148.148438
482.500000	39769.757813
481.254883	39836.390625
480.008789	39778.140625
478.763672	40086.601563
477.517578	40285.738281
476.271484	40176.738281
475.024414	40492.742188
473.777344	40535.761719
472.530273	40434.562500
471.283203	40528.226563
470.036133	40847.812500
468.788086	40501.214844
467.540039	40415.667969
466.291992	40881.101563
465.043945	40877.261719
463.794922	40828.664063
462.545898	40912.386719
461.296875	41128.363281
460.047852	41435.667969
458.797852	41266.425781
457.547852	41252.785156
456.297852	41406.320313
455.047852	41484.000000
453.796875	42189.277344
452.545898	41996.730469
451.294922	41903.316406
450.043945	42281.847656
448.792969	42737.902344
447.541016	42727.871094
446.289063	43078.851563
445.036133	43608.230469
443.784180	43605.792969
442.531250	43547.101563
441.278320	43695.953125
440.025391	43210.660156
438.771484	43055.132813
437.518555	42781.425781
436.264648	42533.011719
435.010742	41870.035156
433.755859	42175.941406
432.500977	41497.785156
431.246094	41300.144531
429.991211	41604.039063
428.736328	41030.906250
427.480469	41042.484375
426.224609	41410.105469
424.968750	40918.585938
423.712891	40794.773438
422.456055	41202.839844
421.199219	40543.410156
419.942383	40713.578125
418.685547	40661.406250
417.427734	40348.363281
416.169922	40653.714844
414.912109	40657.597656
413.654297	40447.089844
412.395508	40595.832031
411.136719	40634.468750
409.877930	40707.832031
408.619141	40370.093750
407.359375	40370.152344
406.099609	40576.632813
404.839844	40449.347656
403.580078	40898.718750
402.319336	40403.148438
401.059570	40755.964844
