#Wave		#Intensity
2001.248047	38938.886719
2000.278320	38941.394531
1999.308594	38934.597656
1998.338867	38895.226563
1997.369141	38773.195313
1996.398438	38931.742188
1995.428711	38546.789063
1994.458008	38975.738281
1993.487305	39101.617188
1992.516602	38934.593750
1991.545898	39218.093750
1990.574219	38961.031250
1989.603516	39129.347656
1988.631836	39172.539063
1987.660156	38843.085938
1986.688477	39566.421875
1985.715820	38852.019531
1984.744141	39230.160156
1983.771484	38855.937500
1982.798828	39141.492188
1981.826172	39077.195313
1980.853516	39027.906250
1979.880859	38813.808594
1978.907227	39358.843750
1977.933594	38805.234375
1976.959961	39140.410156
1975.986328	39290.792969
1975.012695	39333.832031
1974.039063	39474.144531
1973.064453	39103.078125
1972.089844	39068.808594
1971.115234	39361.191406
1970.140625	39229.660156
1969.166016	39322.503906
1968.190430	39230.898438
1967.215820	39124.371094
1966.240234	39324.304688
1965.264648	38776.921875
1964.289063	39283.156250
1963.312500	39468.011719
1962.336914	39369.000000
1961.360352	39588.617188
1960.383789	38999.355469
1959.407227	39370.738281
1958.430664	39406.144531
1957.454102	39478.843750
1956.476563	39360.027344
1955.499023	39248.710938
1954.521484	39251.789063
1953.543945	39339.375000
1952.566406	39946.320313
1951.587891	39492.082031
1950.610352	39594.480469
1949.631836	39637.230469
1948.653320	39588.074219
1947.674805	39106.894531
1946.696289	39395.472656
1945.716797	39487.863281
1944.737305	39910.281250
1943.758789	40047.207031
1942.779297	39864.058594
1941.798828	39477.582031
1940.819336	39463.230469
1939.838867	39498.472656
1938.859375	39898.125000
1937.878906	39891.136719
1936.898438	39755.285156
1935.916992	39498.070313
1934.936523	40127.824219
1933.955078	40205.011719
1932.974609	40309.410156
1931.993164	40136.457031
1931.010742	39837.304688
1930.029297	40030.816406
1929.047852	39877.792969
1928.065430	39625.851563
1927.083008	39799.500000
1926.100586	39799.949219
1925.118164	39899.312500
1924.135742	39709.351563
1923.152344	39991.632813
1922.168945	39910.472656
1921.185547	40051.753906
1920.202148	40328.878906
1919.218750	40269.933594
1918.235352	40067.750000
1917.250977	40112.585938
1916.266602	39769.753906
1915.282227	39804.750000
1914.297852	40032.253906
1913.313477	40202.917969
1912.328125	39966.402344
1911.343750	40018.601563
1910.358398	39730.402344
1909.373047	40221.582031
1908.387695	40658.343750
1907.401367	40062.027344
1906.416016	40286.691406
1905.429688	40375.734375
1904.443359	40664.320313
1903.457031	40671.968750
1902.470703	40071.242188
1901.483398	40310.472656
1900.497070	40266.468750
1899.509766	40074.773438
1898.522461	40483.703125
1897.535156	40173.910156
1896.546875	39994.628906
1895.559570	40467.312500
1894.571289	40546.296875
1893.583008	40647.386719
1892.594727	40362.414063
1891.606445	40451.203125
1890.618164	40323.667969
1889.628906	40129.824219
1888.639648	40427.449219
1887.650391	40297.523438
1886.661133	40739.921875
1885.671875	40737.679688
1884.682617	40180.546875
1883.692383	40568.718750
1882.702148	40392.242188
1881.711914	40723.796875
1880.721680	40132.703125
1879.731445	40670.246094
1878.740234	40687.628906
1877.749023	40344.523438
1876.757813	40425.703125
1875.766602	40688.253906
1874.775391	40502.187500
1873.784180	40666.609375
1872.791992	40870.171875
1871.799805	40618.023438
1870.807617	40579.046875
1869.815430	40684.562500
1868.823242	40550.097656
1867.830078	40868.546875
1866.837891	40915.210938
1865.844727	40350.085938
1864.851563	40661.058594
1863.858398	40940.121094
1862.864258	40636.980469
1861.871094	40849.921875
1860.876953	41062.785156
1859.882813	40764.667969
1858.888672	40811.273438
1857.894531	40914.062500
1856.899414	41288.007813
1855.905273	41422.429688
1854.910156	41224.644531
1853.915039	40633.769531
1852.919922	41090.511719
1851.923828	41420.152344
1850.928711	41263.988281
1849.932617	40976.105469
1848.936523	41430.015625
1847.940430	41515.425781
1846.944336	41615.433594
1845.947266	41839.769531
1844.951172	41369.175781
1843.954102	41644.664063
1842.957031	41337.558594
1841.959961	41681.179688
1840.962891	41554.464844
1839.964844	41924.718750
1838.966797	41569.066406
1837.969727	41610.449219
1836.970703	42099.792969
1835.972656	41858.699219
1834.974609	41761.281250
1833.975586	42617.769531
1832.976563	41783.070313
1831.978516	41637.062500
1830.978516	41902.125000
1829.979492	41877.722656
1828.980469	42239.894531
1827.980469	42293.226563
1826.980469	42118.082031
1825.980469	42018.328125
1824.980469	42365.636719
1823.979492	42212.429688
1822.979492	42399.285156
1821.978516	41879.464844
1820.977539	42039.605469
1819.976563	42338.046875
1818.975586	42083.039063
1817.973633	42172.683594
1816.972656	42218.628906
1815.970703	42182.082031
1814.968750	42004.882813
1813.966797	41839.867188
1812.963867	42482.226563
1811.961914	42532.914063
1810.958984	42539.960938
1809.956055	41977.574219
1808.953125	42689.707031
1807.950195	42425.421875
1806.946289	42531.769531
1805.943359	42449.207031
1804.939453	42507.089844
1803.935547	42443.925781
1802.930664	43029.363281
1801.926758	42564.460938
1800.922852	42956.128906
1799.917969	42936.460938
1798.913086	43078.828125
1797.908203	42911.644531
1796.903320	43107.148438
1795.897461	43331.589844
1794.891602	43621.199219
1793.886719	43222.070313
1792.880859	42970.445313
1791.874023	43518.406250
1790.868164	43402.054688
1789.862305	43363.007813
1788.855469	43381.914063
1787.848633	43637.351563
1786.841797	43735.835938
1785.833984	43419.273438
1784.827148	43633.550781
1783.819336	43987.652344
1782.812500	43803.843750
1781.804688	43690.019531
1780.795898	44195.792969
1779.788086	44308.503906
1778.779297	43982.578125
1777.771484	44037.460938
1776.762695	43899.597656
1775.753906	43995.417969
1774.744141	44235.691406
1773.735352	44355.488281
1772.725586	44061.183594
1771.715820	44070.250000
1770.706055	44538.949219
1769.696289	44071.527344
1768.686523	44677.175781
1767.675781	44582.699219
1766.666016	44644.562500
1765.655273	44312.085938
1764.644531	44523.015625
1763.632813	44630.519531
1762.622070	44973.480469
1761.610352	45107.289063
1760.598633	44842.281250
1759.586914	44879.992188
1758.575195	44869.660156
1757.563477	45147.441406
1756.550781	45125.058594
1755.538086	45157.886719
1754.525391	46073.777344
1753.512695	45235.492188
1752.500000	45656.886719
1751.486328	45313.039063
1750.473633	46192.281250
1749.459961	45553.554688
1748.446289	45866.714844
1747.432617	45582.984375
1746.417969	45682.757813
1745.404297	46316.769531
1744.389648	45668.996094
1743.375000	46424.929688
1742.360352	46261.070313
1741.344727	46173.878906
1740.330078	46373.964844
1739.314453	46277.210938
1738.298828	46970.140625
1737.283203	47146.050781
1736.267578	47238.175781
1735.251953	47354.183594
1734.235352	47147.335938
1733.218750	47595.628906
1732.202148	48003.128906
1731.185547	48104.570313
1730.168945	48313.503906
1729.151367	48519.968750
1728.133789	49070.328125
1727.117188	48861.031250
1726.098633	48838.054688
1725.081055	49428.644531
1724.063477	49560.726563
1723.044922	49614.003906
1722.026367	50032.335938
1721.007813	50634.214844
1719.989258	50384.335938
1718.970703	50745.066406
1717.951172	51010.292969
1716.931641	51206.281250
1715.912109	51294.941406
1714.892578	51619.500000
1713.873047	51333.957031
1712.853516	51134.277344
1711.833008	51389.609375
1710.812500	51566.261719
1709.791992	51609.511719
1708.771484	51712.257813
1707.750000	51136.601563
1706.729492	51310.785156
1705.708008	51568.183594
1704.686523	51618.515625
1703.665039	51628.398438
1702.642578	51678.699219
1701.621094	51862.132813
1700.598633	51781.621094
1699.576172	51375.511719
1698.553711	51566.023438
1697.531250	51632.914063
1696.507813	51787.675781
1695.485352	51429.343750
1694.461914	52118.398438
1693.438477	52327.593750
1692.415039	51525.433594
1691.390625	52316.156250
1690.367188	52221.449219
1689.342773	52347.425781
1688.318359	52172.089844
1687.293945	51714.566406
1686.269531	52144.097656
1685.244141	52521.312500
1684.218750	52651.855469
1683.194336	52433.945313
1682.168945	52310.894531
1681.142578	52822.855469
1680.117188	52920.078125
1679.090820	52889.371094
1678.064453	53033.906250
1677.038086	52986.613281
1676.011719	53041.125000
1674.985352	53422.222656
1673.958008	53358.316406
1672.931641	53053.105469
1671.904297	53483.667969
1670.876953	54346.882813
1669.848633	53902.140625
1668.821289	53890.207031
1667.792969	53776.628906
1666.764648	53691.453125
1665.736328	54088.347656
1664.708008	53797.601563
1663.679688	54336.062500
1662.650391	53421.875000
1661.621094	54460.800781
1660.591797	54189.070313
1659.562500	54103.910156
1658.533203	54594.625000
1657.502930	54242.785156
1656.472656	54655.441406
1655.442383	54867.457031
1654.412109	54522.820313
1653.381836	54732.421875
1652.351563	55314.433594
1651.320313	54922.753906
1650.289063	55412.609375
1649.257813	55322.648438
1648.226563	55223.292969
1647.194336	54709.417969
1646.163086	55559.269531
1645.130859	55537.621094
1644.098633	55395.914063
1643.066406	55899.183594
1642.033203	55759.812500
1641.000977	55634.605469
1639.967773	55601.187500
1638.934570	55777.113281
1637.901367	55971.789063
1636.868164	55663.230469
1635.833984	56704.144531
1634.800781	56553.035156
1633.766602	56669.878906
1632.732422	56650.398438
1631.697266	56980.949219
1630.663086	56679.570313
1629.627930	56608.429688
1628.593750	57445.949219
1627.558594	57583.617188
1626.522461	57704.808594
1625.487305	57619.445313
1624.451172	57925.933594
1623.416016	57990.691406
1622.379883	58508.082031
1621.343750	59076.875000
1620.306641	59680.636719
1619.270508	60113.054688
1618.233398	60512.503906
1617.196289	62217.027344
1616.159180	62965.046875
1615.122070	63996.234375
1614.083984	65265.945313
1613.046875	66528.171875
1612.008789	67499.632813
1610.970703	67326.101563
1609.932617	67761.125000
1608.893555	67756.078125
1607.855469	67014.070313
1606.816406	65963.554688
1605.777344	64892.371094
1604.738281	64347.675781
1603.698242	64090.738281
1602.659180	63085.894531
1601.619141	62873.667969
1600.579102	61834.347656
1599.539063	61134.144531
1598.499023	60522.949219
1597.458008	60112.816406
1596.417969	60099.765625
1595.376953	59416.703125
1594.335938	59231.054688
1593.294922	59155.152344
1592.252930	58607.949219
1591.210938	58865.785156
1590.169922	58813.304688
1589.127930	58264.113281
1588.084961	58479.894531
1587.042969	58648.972656
1586.000000	58824.980469
1584.958008	58851.777344
1583.915039	58750.414063
1582.872070	58919.312500
1581.828125	58890.171875
1580.785156	58891.312500
1579.741211	59479.183594
1578.697266	59445.296875
1577.653320	59483.570313
1576.609375	59947.679688
1575.564453	59799.710938
1574.520508	59977.468750
1573.475586	60241.214844
1572.430664	60695.546875
1571.384766	60505.691406
1570.339844	60890.074219
1569.293945	60260.980469
1568.249023	60310.640625
1567.202148	59598.230469
1566.156250	59840.789063
1565.110352	59147.292969
1564.063477	58714.113281
1563.017578	58281.085938
1561.970703	58112.835938
1560.922852	57703.273438
1559.875977	57532.859375
1558.829102	56949.542969
1557.781250	56644.781250
1556.733398	57172.718750
1555.685547	57106.859375
1554.636719	57071.156250
1553.588867	56430.480469
1552.540039	56888.542969
1551.491211	56498.375000
1550.442383	56592.535156
1549.393555	56346.160156
1548.344727	55926.183594
1547.294922	56360.761719
1546.245117	55961.761719
1545.195313	55817.511719
1544.145508	56305.097656
1543.094727	56348.253906
1542.044922	55715.878906
1540.994141	55978.851563
1539.943359	56072.914063
1538.892578	56150.753906
1537.840820	56092.167969
1536.790039	55529.734375
1535.738281	55450.476563
1534.686523	55680.855469
1533.634766	55788.714844
1532.583008	55363.000000
1531.530273	54942.050781
1530.477539	55324.730469
1529.424805	54806.980469
1528.372070	55258.781250
1527.319336	54674.304688
1526.265625	54657.601563
1525.212891	54991.539063
1524.159180	54806.417969
1523.105469	54821.976563
1522.051758	54553.949219
1520.997070	54403.574219
1519.942383	54575.914063
1518.888672	54197.457031
1517.833984	54577.121094
1516.778320	54689.437500
1515.723633	54354.917969
1514.667969	54006.695313
1513.612305	54485.109375
1512.556641	54328.039063
1511.500977	53910.960938
1510.445313	54419.039063
1509.388672	54176.933594
1508.332031	54291.445313
1507.275391	53775.773438
1506.218750	54166.234375
1505.162109	53696.746094
1504.104492	54535.292969
1503.047852	54350.871094
1501.990234	54007.964844
1500.931641	54087.886719
1499.874023	53630.304688
1498.816406	53981.246094
1497.757813	53353.933594
1496.699219	54060.625000
1495.640625	53525.324219
1494.582031	53823.246094
1493.522461	53166.570313
1492.462891	53824.605469
1491.403320	53583.304688
1490.343750	53814.488281
1489.284180	53795.675781
1488.224609	53322.972656
1487.164063	53636.582031
1486.103516	53654.468750
1485.042969	53580.699219
1483.982422	53758.933594
1482.920898	53135.492188
1481.860352	53357.246094
1480.798828	53343.101563
1479.737305	53555.578125
1478.675781	53291.933594
1477.613281	53515.781250
1476.550781	53227.062500
1475.489258	53748.207031
1474.426758	53519.011719
1473.363281	53788.382813
1472.300781	53636.988281
1471.237305	53839.945313
1470.174805	53610.890625
1469.111328	54282.199219
1468.046875	53964.042969
1466.983398	54018.316406
1465.919922	54268.972656
1464.855469	54142.785156
1463.791016	54397.890625
1462.726563	54735.074219
1461.661133	54307.621094
1460.596680	54900.246094
1459.531250	54438.695313
1458.465820	54426.640625
1457.400391	54441.957031
1456.334961	54890.480469
1455.268555	55161.023438
1454.202148	54763.648438
1453.135742	54844.968750
1452.069336	55024.230469
1451.002930	55198.871094
1449.935547	55095.574219
1448.869141	55383.996094
1447.801758	55567.578125
1446.734375	55598.570313
1445.666016	56011.917969
1444.598633	56124.738281
1443.530273	56829.058594
1442.461914	56602.746094
1441.393555	56958.746094
1440.325195	57482.890625
1439.256836	57511.210938
1438.187500	57789.562500
1437.118164	58224.628906
1436.048828	58618.636719
1434.979492	58939.800781
1433.909180	59219.957031
1432.839844	58820.957031
1431.769531	59473.421875
1430.699219	59047.273438
1429.627930	59095.675781
1428.557617	59849.855469
1427.486328	59768.753906
1426.416016	59696.753906
1425.343750	59620.242188
1424.272461	59836.300781
1423.201172	60263.152344
1422.128906	60284.050781
1421.056641	59797.226563
1419.984375	59926.972656
1418.912109	59730.402344
1417.839844	59472.734375
1416.766602	59389.554688
1415.693359	59550.976563
1414.620117	59667.054688
1413.546875	59115.289063
1412.473633	59186.128906
1411.399414	59066.859375
1410.325195	59456.695313
1409.250977	59344.203125
1408.176758	59102.828125
1407.102539	59652.992188
1406.027344	59777.910156
1404.952148	60309.664063
1403.876953	60235.527344
1402.801758	60699.214844
1401.726563	60884.839844
1400.650391	60819.480469
1399.574219	60754.117188
1398.498047	60688.757813
1397.421875	60623.398438
1396.345703	60558.035156
1395.268555	60492.617188
1394.191406	60427.195313
1393.114258	60361.777344
1392.037109	60648.644531
1390.959961	60367.097656
1389.881836	60958.250000
1388.804688	61350.804688
1387.726563	60882.191406
1386.647461	60736.007813
1385.569336	61216.253906
1384.491211	61358.414063
1383.412109	62068.109375
1382.333008	62158.261719
1381.253906	62383.472656
1380.173828	62466.773438
1379.094727	62295.714844
1378.014648	62117.960938
1376.934570	62469.000000
1375.854492	62597.210938
1374.773438	61859.460938
1373.693359	61542.484375
1372.612305	61430.214844
1371.531250	60666.093750
1370.450195	60623.691406
1369.369141	60779.042969
1368.287109	59873.906250
1367.205078	60173.089844
1366.123047	59890.488281
1365.041016	59852.742188
1363.958984	59707.242188
1362.875977	59478.738281
1361.793945	59245.828125
1360.710938	59580.691406
1359.626953	59392.710938
1358.543945	58919.929688
1357.460938	58709.703125
1356.376953	58925.574219
1355.292969	58560.730469
1354.208984	58285.675781
1353.124023	58465.640625
1352.040039	58486.457031
1350.955078	58455.738281
1349.870117	58481.023438
1348.785156	58006.910156
1347.700195	57635.960938
1346.614258	57811.359375
1345.528320	58004.593750
1344.442383	58009.785156
1343.356445	58319.253906
1342.270508	58029.101563
1341.183594	57707.738281
1340.096680	57820.304688
1339.009766	57753.968750
1337.922852	58085.542969
1336.835938	57961.070313
1335.748047	57939.425781
1334.661133	57962.468750
1333.573242	58271.421875
1332.484375	58316.726563
1331.396484	58301.722656
1330.307617	58300.117188
1329.219727	58465.917969
1328.130859	58441.964844
1327.041992	58161.410156
1325.952148	58184.363281
1324.863281	58588.718750
1323.773438	58665.101563
1322.683594	58250.921875
1321.593750	58220.328125
1320.502930	58107.273438
1319.413086	57920.714844
1318.322266	58313.527344
1317.231445	58160.410156
1316.140625	58597.578125
1315.048828	58366.519531
1313.958008	57997.500000
1312.866211	58049.339844
1311.774414	58341.531250
1310.682617	58638.066406
1309.589844	58320.425781
1308.498047	58167.507813
1307.405273	59057.730469
1306.312500	58735.734375
1305.218750	59409.867188
1304.125977	59025.679688
1303.032227	59741.738281
1301.939453	59906.468750
1300.845703	59606.812500
1299.750977	60475.636719
1298.657227	61215.335938
1297.562500	62074.667969
1296.467773	62614.000000
1295.373047	62564.933594
1294.278320	63024.082031
1293.183594	63001.578125
1292.087891	62703.992188
1290.992188	62821.285156
1289.896484	62091.398438
1288.800781	61911.644531
1287.704102	61277.503906
1286.608398	60632.507813
1285.511719	60807.671875
1284.415039	60063.285156
1283.317383	59802.085938
1282.220703	59246.406250
1281.123047	58735.214844
1280.025391	58824.203125
1278.927734	59331.531250
1277.830078	58570.500000
1276.731445	57805.316406
1275.633789	57852.363281
1274.535156	57744.550781
1273.436523	57349.265625
1272.336914	57106.691406
1271.238281	57133.925781
1270.138672	57059.464844
1269.039063	56593.859375
1267.939453	56302.980469
1266.839844	56301.609375
1265.739258	56194.214844
1264.638672	55563.460938
1263.538086	55606.378906
1262.437500	55549.933594
1261.336914	55259.546875
1260.235352	54931.742188
1259.134766	55356.441406
1258.033203	55112.566406
1256.930664	54965.820313
1255.829102	54594.195313
1254.726563	54954.699219
1253.625000	54733.105469
1252.522461	54363.921875
1251.418945	54389.312500
1250.316406	54240.644531
1249.212891	54376.183594
1248.110352	54203.339844
1247.006836	54045.964844
1245.902344	54491.890625
1244.798828	54017.542969
1243.694336	53972.523438
1242.589844	53707.480469
1241.485352	53805.531250
1240.380859	53534.007813
1239.276367	53212.000000
1238.170898	53088.000000
1237.065430	53243.242188
1235.959961	53081.910156
1234.854492	53386.527344
1233.748047	53025.277344
1232.642578	53285.855469
1231.536133	53335.480469
1230.429688	53082.031250
1229.322266	53333.667969
1228.215820	53453.496094
1227.108398	53617.175781
1226.000977	53346.296875
1224.893555	53409.007813
1223.786133	53603.308594
1222.677734	54150.644531
1221.569336	53550.933594
1220.460938	53207.953125
1219.352539	53614.765625
1218.244141	52912.468750
1217.134766	53047.468750
1216.025391	52855.988281
1214.916016	52857.332031
1213.806641	52825.820313
1212.697266	52936.644531
1211.586914	53141.566406
1210.476563	53166.921875
1209.366211	52881.511719
1208.255859	53099.449219
1207.145508	53188.238281
1206.034180	53493.527344
1204.922852	52801.500000
1203.811523	53624.933594
1202.700195	53114.570313
1201.587891	53113.648438
1200.476563	53499.519531
1199.364258	53288.777344
1198.251953	53536.847656
1197.138672	53961.734375
1196.026367	54120.058594
1194.913086	54160.421875
1193.799805	54019.593750
1192.686523	54671.050781
1191.573242	54150.492188
1190.458984	54271.535156
1189.344727	54266.019531
1188.230469	54035.871094
1187.116211	53982.421875
1186.001953	53645.578125
1184.886719	53204.230469
1183.772461	53671.808594
1182.657227	53071.550781
1181.541016	53541.160156
1180.425781	52928.070313
1179.309570	53073.046875
1178.193359	53106.925781
1177.077148	52733.707031
1175.960938	52565.214844
1174.844727	53006.097656
1173.727539	52491.667969
1172.610352	52606.097656
1171.493164	52539.964844
1170.375977	52012.851563
1169.257813	51890.316406
1168.139648	52163.445313
1167.022461	51964.859375
1165.903320	51594.675781
1164.785156	51450.570313
1163.666992	51695.335938
1162.547852	51410.097656
1161.428711	51635.234375
1160.309570	51519.441406
1159.189453	51779.199219
1158.070313	51526.695313
1156.950195	51916.542969
1155.830078	51464.515625
1154.709961	52062.449219
1153.588867	51369.843750
1152.468750	51546.941406
1151.347656	51665.441406
1150.226563	51547.644531
1149.104492	51518.738281
1147.983398	51392.339844
1146.861328	51400.292969
1145.739258	51373.589844
1144.617188	51262.437500
1143.495117	51642.792969
1142.372070	52118.250000
1141.250000	52061.121094
1140.126953	52363.214844
1139.003906	52498.609375
1137.879883	52350.589844
1136.756836	52224.250000
1135.632813	52653.660156
1134.508789	52350.031250
1133.384766	52777.093750
1132.259766	52572.957031
1131.135742	52377.535156
1130.010742	52355.011719
1128.885742	51978.265625
1127.759766	52173.925781
1126.634766	52196.781250
1125.508789	52288.707031
1124.382813	51983.464844
1123.256836	51758.175781
1122.130859	52007.625000
1121.003906	51672.394531
1119.877930	51509.824219
1118.750977	51778.582031
1117.624023	51478.062500
1116.496094	51266.031250
1115.369141	50944.164063
1114.241211	51445.535156
1113.113281	50944.929688
1111.985352	50793.457031
1110.856445	50870.316406
1109.728516	50901.925781
1108.599609	51032.554688
1107.470703	50670.226563
1106.340820	50781.472656
1105.211914	50382.742188
1104.082031	50268.117188
1102.952148	50788.035156
1101.822266	50520.691406
1100.692383	51051.117188
1099.561523	50442.023438
1098.431641	50566.050781
1097.300781	50062.558594
1096.169922	50917.093750
1095.038086	50319.199219
1093.907227	50116.699219
1092.775391	50255.691406
1091.643555	49804.230469
1090.511719	49979.718750
1089.378906	49743.082031
1088.246094	49564.464844
1087.114258	49995.191406
1085.980469	49589.222656
1084.847656	49084.750000
1083.714844	49155.097656
1082.581055	49094.648438
1081.447266	49503.621094
1080.313477	48999.527344
1079.179688	49215.527344
1078.044922	49407.882813
1076.910156	49066.855469
1075.775391	48818.027344
1074.640625	49271.550781
1073.505859	49200.449219
1072.370117	49110.105469
1071.234375	48870.003906
1070.098633	49190.531250
1068.962891	49312.003906
1067.826172	49086.960938
1066.690430	49289.656250
1065.553711	49276.351563
1064.416992	48598.281250
1063.279297	49021.074219
1062.142578	49174.480469
1061.004883	48872.789063
1059.867188	48748.492188
1058.729492	48824.976563
1057.590820	49249.464844
1056.453125	48503.941406
1055.314453	48804.531250
1054.175781	49032.457031
1053.037109	48432.460938
1051.897461	48950.480469
1050.757813	48521.343750
1049.618164	48245.890625
1048.478516	48799.898438
1047.338867	48699.289063
1046.199219	48730.847656
1045.058594	48920.078125
1043.917969	49026.148438
1042.777344	48810.539063
1041.635742	48418.242188
1040.495117	48615.898438
1039.353516	48928.441406
1038.211914	48319.226563
1037.069336	47999.652344
1035.927734	48356.812500
1034.785156	48086.277344
1033.642578	47988.117188
1032.500000	48198.343750
1031.357422	48251.156250
1030.213867	48231.667969
1029.071289	48473.609375
1027.927734	48171.460938
1026.783203	48793.625000
1025.639648	48264.230469
1024.495117	48259.617188
1023.351563	47957.718750
1022.207031	48233.402344
1021.061523	48413.457031
1019.916992	48039.535156
1018.771484	48340.503906
1017.625977	48208.578125
1016.480469	47928.222656
1015.334961	47985.160156
1014.188477	47923.335938
1013.041992	48188.000000
1011.895508	48083.765625
1010.749023	48316.511719
1009.602539	48006.769531
1008.455078	48014.894531
1007.307617	48183.980469
1006.160156	47571.609375
1005.012695	47846.570313
1003.864258	48032.519531
1002.716797	48715.757813
1001.568359	48738.542969
1000.419922	48494.746094
999.270508	48513.328125
998.122070	48760.304688
996.972656	48990.273438
995.823242	48220.191406
994.673828	49065.257813
993.523438	48950.566406
992.373047	48658.433594
991.222656	48769.894531
990.072266	48741.914063
988.921875	48773.070313
987.771484	48267.925781
986.620117	48921.890625
985.468750	48773.589844
984.317383	48612.679688
983.165039	49373.816406
982.013672	48995.578125
980.861328	48691.296875
979.708984	49021.828125
978.555664	49139.296875
977.403320	48346.125000
976.250000	48910.460938
975.096680	48707.601563
973.943359	48837.675781
972.790039	48742.324219
971.635742	48493.273438
970.481445	48111.660156
969.327148	48618.562500
968.172852	48599.085938
967.018555	48503.855469
965.863281	48507.542969
964.708008	48309.285156
963.552734	47965.972656
962.397461	47839.378906
961.241211	48179.570313
960.084961	48437.652344
958.929688	47625.890625
957.772461	48350.460938
956.616211	48231.328125
955.458984	48112.097656
954.301758	47992.863281
953.144531	47873.632813
951.987305	47754.402344
950.830078	47635.167969
949.671875	47515.835938
948.513672	47486.093750
947.355469	47521.390625
946.196289	47441.316406
945.038086	47591.945313
943.878906	47539.136719
942.719727	47584.871094
941.560547	47456.632813
940.400391	47357.773438
939.241211	47409.796875
938.081055	47507.878906
936.919922	47312.722656
935.759766	47176.261719
934.599609	47309.917969
933.438477	47366.078125
932.277344	47895.179688
931.116211	47896.804688
929.954102	47469.562500
928.791992	47661.597656
927.630859	47792.914063
926.467773	48233.621094
925.305664	47677.019531
924.143555	47676.578125
922.980469	47979.140625
921.817383	48168.765625
920.654297	48381.296875
919.490234	48551.976563
918.327148	48244.406250
917.163086	48327.355469
915.999023	48224.500000
914.833984	49167.257813
913.669922	49005.855469
912.504883	48975.941406
911.339844	49527.980469
910.174805	49468.781250
909.008789	50055.964844
907.843750	50007.109375
906.677734	50145.855469
905.511719	50397.074219
904.345703	49954.390625
903.178711	49732.679688
902.011719	49835.957031
900.844727	49516.472656
899.677734	49242.910156
898.510742	49369.109375
897.342773	49393.281250
896.174805	49226.007813
895.006836	49092.078125
893.838867	49070.523438
892.670898	49053.128906
891.501953	49376.746094
890.333008	49615.000000
889.164063	49333.539063
887.994141	49295.320313
886.825195	48966.230469
885.655273	49515.984375
884.485352	49483.976563
883.315430	49381.375000
882.144531	49168.769531
880.973633	49784.496094
879.803711	49758.679688
878.631836	49859.449219
877.460938	49696.699219
876.289063	50210.222656
875.118164	50242.406250
873.945313	50303.605469
872.773438	50547.218750
871.601563	50380.332031
870.428711	50524.359375
869.255859	50264.292969
868.083008	50584.371094
866.910156	50357.527344
865.736328	50534.578125
864.562500	50759.179688
863.388672	50987.839844
862.214844	51837.312500
861.040039	51635.269531
859.866211	52031.210938
858.691406	51734.046875
857.516602	51488.695313
856.340820	51719.015625
855.166016	51847.949219
853.990234	51240.976563
852.814453	51045.488281
851.637695	51422.414063
850.461914	51586.414063
849.285156	51017.113281
848.108398	51852.277344
846.931641	51258.355469
845.754883	51826.863281
844.577148	51955.539063
843.399414	52618.625000
842.221680	53083.398438
841.043945	53558.312500
839.865234	53859.804688
838.687500	54818.968750
837.508789	54790.250000
836.329102	55553.062500
835.150391	55864.253906
833.970703	55485.062500
832.791992	55816.750000
831.611328	54795.066406
830.431641	54527.484375
829.251953	54187.929688
828.071289	53292.683594
826.890625	52842.339844
825.709961	52569.132813
824.528320	52258.992188
823.347656	51469.667969
822.166016	51369.621094
820.984375	51553.378906
819.801758	51165.519531
818.620117	51285.519531
817.437500	50885.519531
816.254883	51200.726563
815.072266	50387.953125
813.888672	50473.082031
812.706055	50381.566406
811.522461	50635.023438
810.338867	50186.308594
809.154297	50486.910156
807.970703	49964.507813
806.786133	49776.730469
805.601563	49685.429688
804.416992	49889.496094
803.231445	50001.210938
802.045898	49752.050781
800.861328	50017.480469
799.674805	49647.484375
798.489258	49744.812500
797.302734	49713.031250
796.117188	49675.113281
794.930664	49342.312500
793.743164	49761.074219
792.556641	49563.484375
791.369141	49075.328125
790.181641	49426.367188
788.994141	49276.003906
787.805664	48906.812500
786.618164	49652.414063
785.429688	49275.105469
784.241211	49073.757813
783.052734	49309.925781
781.863281	49349.800781
780.673828	48578.457031
779.484375	49196.609375
778.294922	49504.058594
777.105469	48802.539063
775.915039	48397.347656
774.724609	48586.363281
773.534180	48516.089844
772.343750	48733.578125
771.152344	48589.847656
769.960938	48599.164063
768.769531	48967.433594
767.578125	48717.695313
766.385742	49428.320313
765.194336	49382.425781
764.001953	49246.875000
762.808594	49294.761719
761.616211	49603.394531
760.422852	49370.101563
759.230469	49827.269531
758.037109	49952.375000
756.842773	50126.289063
755.649414	50709.246094
754.455078	50748.640625
753.260742	50364.816406
752.066406	50300.511719
750.871094	50413.171875
749.676758	50308.203125
748.481445	50008.097656
747.286133	49978.453125
746.089844	49558.605469
744.894531	49205.968750
743.698242	48855.492188
742.501953	49329.812500
741.304688	48723.554688
740.108398	48619.042969
738.911133	48400.882813
737.713867	48720.667969
736.516602	48242.812500
735.319336	48280.484375
734.121094	48149.769531
732.922852	48266.535156
731.724609	47969.589844
730.526367	48272.863281
729.327148	48079.398438
728.127930	47539.445313
726.928711	47954.074219
725.729492	47548.046875
724.530273	47705.273438
723.330078	47597.136719
722.129883	47391.855469
720.929688	47210.937500
719.728516	47789.093750
718.528320	47462.464844
717.327148	47645.816406
716.125977	47835.164063
714.923828	47648.257813
713.722656	48302.621094
712.520508	48137.929688
711.318359	47666.046875
710.116211	47885.519531
708.913086	47973.570313
707.710938	47833.296875
706.507813	47994.031250
705.304688	47789.179688
704.100586	47517.769531
702.897461	47896.492188
701.693359	48476.906250
700.489258	48187.351563
699.284180	48133.960938
698.080078	48298.449219
696.875000	49112.300781
695.669922	48818.800781
694.464844	48932.660156
693.258789	48986.003906
692.053711	49468.593750
690.847656	49763.609375
689.641602	50014.187500
688.434570	50035.054688
687.228516	49763.902344
686.021484	50638.507813
684.814453	50002.972656
683.607422	49542.777344
682.399414	49974.214844
681.191406	50075.527344
679.983398	49635.683594
678.775391	49823.500000
677.567383	50119.828125
676.358398	50032.046875
675.149414	49781.480469
673.940430	50071.613281
672.730469	49813.089844
671.521484	49864.039063
670.311523	49878.812500
669.101563	50036.160156
667.890625	49695.507813
666.680664	50023.457031
665.469727	49297.574219
664.258789	49332.492188
663.047852	49473.734375
661.835938	49151.546875
660.625000	49226.582031
659.413086	48982.757813
658.201172	48907.429688
656.988281	48679.789063
655.776367	48618.566406
654.563477	49012.203125
653.350586	49263.457031
652.136719	49102.007813
650.923828	48786.421875
649.709961	48635.128906
648.496094	48732.113281
647.282227	48512.835938
646.067383	48559.777344
644.852539	48830.773438
643.637695	48615.593750
642.422852	48708.480469
641.208008	48781.335938
639.992188	48880.152344
638.776367	48898.972656
637.560547	48843.843750
636.344727	48906.621094
635.127930	49187.117188
633.911133	48918.246094
632.694336	48992.949219
631.477539	49045.656250
630.259766	49016.500000
629.042969	48869.597656
627.825195	48810.546875
626.606445	48611.863281
625.388672	48610.722656
624.169922	48450.039063
622.951172	48271.464844
621.732422	48583.375000
620.513672	48215.488281
619.293945	48969.695313
618.074219	48291.042969
616.854492	48634.578125
615.634766	48348.609375
614.414063	48381.351563
613.193359	48290.644531
611.972656	48237.789063
610.751953	48362.078125
609.530273	48394.789063
608.309570	48365.808594
607.087891	48738.636719
605.866211	48297.933594
604.643555	48181.496094
603.420898	48428.898438
602.198242	48620.550781
600.975586	48510.074219
599.752930	48405.593750
598.529297	48618.988281
597.305664	48512.539063
596.082031	48320.738281
594.858398	48595.570313
593.633789	48542.769531
592.410156	48341.144531
591.185547	48244.753906
589.959961	48539.222656
588.735352	48984.320313
587.509766	48465.453125
586.284180	48997.636719
585.058594	48911.113281
583.832031	48513.449219
582.606445	49437.679688
581.379883	48923.164063
580.153320	49526.062500
578.925781	49637.562500
577.699219	49238.140625
576.471680	49333.812500
575.244141	49952.003906
574.015625	49940.628906
572.788086	49733.375000
571.559570	49629.062500
570.331055	49570.281250
569.101563	49614.351563
567.873047	48972.324219
566.643555	49006.601563
565.414063	48959.828125
564.184570	49075.109375
562.954102	48726.058594
561.724609	48385.039063
560.494141	48761.046875
559.263672	48277.976563
558.032227	48399.183594
556.800781	48220.328125
555.570313	47690.261719
554.337891	47789.804688
553.106445	48122.082031
551.874023	47787.589844
550.642578	47470.964844
549.409180	47249.097656
548.176758	47622.613281
546.944336	47312.109375
545.710938	47161.324219
544.477539	47430.226563
543.243164	47279.472656
542.009766	47307.984375
540.775391	47279.382813
539.541016	47199.605469
538.306641	47446.582031
537.071289	47488.808594
535.836914	47064.714844
534.601563	46941.753906
533.366211	47288.890625
532.129883	47165.929688
530.894531	47467.671875
529.658203	47503.933594
528.421875	47231.632813
527.184570	47051.781250
525.948242	47514.398438
524.710938	47360.093750
523.473633	47076.230469
522.235352	47624.968750
520.998047	47498.203125
519.759766	47626.632813
518.521484	47625.500000
517.283203	47706.769531
516.043945	47232.875000
514.804688	47949.613281
513.565430	48146.457031
512.326172	47913.878906
511.085938	47916.597656
509.846680	47725.304688
508.606445	47816.226563
507.366211	47599.546875
506.125000	47388.828125
504.883789	47840.074219
503.643555	47834.957031
502.401367	47475.535156
501.160156	47646.628906
499.917969	47402.820313
498.675781	47092.585938
497.433594	47412.308594
496.191406	47201.921875
494.948242	47384.628906
493.705078	47326.804688
492.461914	47399.960938
491.218750	47469.175781
489.975586	47630.191406
488.731445	47308.640625
487.487305	47268.457031
486.242188	47077.921875
484.998047	47393.117188
483.752930	47343.171875
482.507813	47316.660156
481.262695	47036.496094
480.016602	47825.511719
478.771484	47685.789063
477.525391	47446.664063
476.278320	47679.464844
475.032227	47689.945313
473.785156	47523.058594
472.538086	47724.527344
471.291016	47875.265625
470.043945	48031.785156
468.795898	48022.703125
467.547852	48019.464844
466.299805	47969.500000
465.051758	48330.250000
463.802734	48062.281250
462.553711	48226.359375
461.304688	48775.546875
460.055664	48826.613281
458.805664	49138.238281
457.555664	49016.175781
456.305664	49452.046875
455.055664	49361.058594
453.804688	49279.824219
452.553711	49773.671875
451.302734	50160.500000
450.051758	50339.382813
448.799805	50916.238281
447.548828	50960.957031
446.296875	51849.957031
445.043945	51706.242188
443.791992	52266.867188
442.539063	52072.687500
441.286133	52280.046875
440.033203	51795.066406
438.779297	51155.171875
437.526367	50790.765625
436.272461	49848.968750
435.017578	49413.250000
433.763672	48900.203125
432.508789	49053.636719
431.253906	48693.832031
429.999023	48527.777344
428.744141	47957.203125
427.488281	48048.757813
426.232422	48060.937500
424.976563	48113.738281
423.720703	47897.644531
422.463867	47944.648438
421.207031	47900.757813
419.950195	47914.875000
418.693359	47990.835938
417.435547	47842.597656
416.177734	47518.589844
414.919922	47901.722656
413.662109	47467.734375
412.403320	47559.144531
411.144531	47681.410156
409.885742	47400.195313
408.626953	47972.109375
407.367188	47634.984375
406.107422	47546.847656
404.847656	47921.664063
403.587891	47874.003906
402.327148	47911.191406
401.067383	47616.796875
