#Wave		#Intensity
2001.248047	37933.769531
2000.278320	37610.429688
1999.308594	37546.222656
1998.338867	37617.343750
1997.369141	37615.785156
1996.398438	37847.171875
1995.428711	37620.183594
1994.458008	38212.046875
1993.487305	37789.800781
1992.516602	37905.851563
1991.545898	37974.308594
1990.574219	37592.351563
1989.603516	37743.394531
1988.631836	38034.457031
1987.660156	38195.371094
1986.688477	37971.164063
1985.715820	38032.027344
1984.744141	37865.414063
1983.771484	37778.828125
1982.798828	37959.628906
1981.826172	38002.960938
1980.853516	38360.996094
1979.880859	37774.910156
1978.907227	37843.214844
1977.933594	37684.316406
1976.959961	38236.843750
1975.986328	38282.570313
1975.012695	38003.906250
1974.039063	37608.085938
1973.064453	38067.945313
1972.089844	38123.636719
1971.115234	38348.863281
1970.140625	38648.792969
1969.166016	38096.167969
1968.190430	38555.535156
1967.215820	38219.890625
1966.240234	38651.667969
1965.264648	38505.421875
1964.289063	38404.054688
1963.312500	38359.992188
1962.336914	38871.097656
1961.360352	38605.437500
1960.383789	38598.683594
1959.407227	38395.367188
1958.430664	38973.273438
1957.454102	38595.843750
1956.476563	38917.363281
1955.499023	38460.503906
1954.521484	38597.964844
1953.543945	38621.039063
1952.566406	38815.578125
1951.587891	38470.863281
1950.610352	38871.554688
1949.631836	38849.847656
1948.653320	39016.890625
1947.674805	38741.898438
1946.696289	38898.964844
1945.716797	39167.671875
1944.737305	38825.789063
1943.758789	38995.160156
1942.779297	39047.871094
1941.798828	38835.167969
1940.819336	39158.199219
1939.838867	38630.648438
1938.859375	39211.421875
1937.878906	39328.488281
1936.898438	39001.914063
1935.916992	38838.984375
1934.936523	39322.691406
1933.955078	39191.960938
1932.974609	39368.355469
1931.993164	39222.800781
1931.010742	39545.183594
1930.029297	39684.292969
1929.047852	39694.664063
1928.065430	39029.546875
1927.083008	39354.207031
1926.100586	39211.273438
1925.118164	39516.000000
1924.135742	39234.621094
1923.152344	39207.968750
1922.168945	39485.343750
1921.185547	39767.558594
1920.202148	39535.746094
1919.218750	39434.941406
1918.235352	39665.144531
1917.250977	39589.042969
1916.266602	39690.746094
1915.282227	39819.562500
1914.297852	39819.988281
1913.313477	39622.984375
1912.328125	39206.453125
1911.343750	39564.687500
1910.358398	39424.558594
1909.373047	39405.312500
1908.387695	39743.593750
1907.401367	39559.128906
1906.416016	39350.078125
1905.429688	39138.636719
1904.443359	39336.273438
1903.457031	39597.894531
1902.470703	39369.273438
1901.483398	39473.183594
1900.497070	39606.601563
1899.509766	39547.957031
1898.522461	39730.539063
1897.535156	39758.019531
1896.546875	39642.785156
1895.559570	39485.765625
1894.571289	39569.843750
1893.583008	39469.449219
1892.594727	39882.964844
1891.606445	39649.800781
1890.618164	39625.636719
1889.628906	39611.308594
1888.639648	39695.261719
1887.650391	39459.832031
1886.661133	39720.625000
1885.671875	39721.019531
1884.682617	39674.757813
1883.692383	39778.261719
1882.702148	39442.382813
1881.711914	39955.703125
1880.721680	39565.929688
1879.731445	39735.605469
1878.740234	39630.519531
1877.749023	39819.742188
1876.757813	39753.902344
1875.766602	40085.210938
1874.775391	39754.640625
1873.784180	39720.703125
1872.791992	39921.984375
1871.799805	40287.320313
1870.807617	40133.285156
1869.815430	39930.328125
1868.823242	39680.921875
1867.830078	39999.527344
1866.837891	40178.507813
1865.844727	39894.925781
1864.851563	40418.839844
1863.858398	40140.203125
1862.864258	40671.222656
1861.871094	40099.191406
1860.876953	39771.855469
1859.882813	40180.429688
1858.888672	40596.191406
1857.894531	40540.183594
1856.899414	40530.609375
1855.905273	40547.910156
1854.910156	40106.039063
1853.915039	40443.300781
1852.919922	40333.644531
1851.923828	40634.125000
1850.928711	40534.234375
1849.932617	40717.441406
1848.936523	41139.683594
1847.940430	40878.750000
1846.944336	40522.792969
1845.947266	40540.050781
1844.951172	40932.761719
1843.954102	40988.937500
1842.957031	40815.996094
1841.959961	41249.871094
1840.962891	41320.574219
1839.964844	41016.121094
1838.966797	40950.449219
1837.969727	41335.289063
1836.970703	41715.121094
1835.972656	41493.566406
1834.974609	41678.531250
1833.975586	41537.359375
1832.976563	41279.457031
1831.978516	41858.421875
1830.978516	41860.777344
1829.979492	41812.070313
1828.980469	41469.199219
1827.980469	41573.714844
1826.980469	41998.996094
1825.980469	41867.671875
1824.980469	41913.750000
1823.979492	41947.660156
1822.979492	42047.132813
1821.978516	42282.546875
1820.977539	41988.621094
1819.976563	41947.238281
1818.975586	41840.347656
1817.973633	42279.453125
1816.972656	42272.003906
1815.970703	42017.136719
1814.968750	41764.785156
1813.966797	42511.539063
1812.963867	42024.019531
1811.961914	42082.062500
1810.958984	42704.757813
1809.956055	42554.269531
1808.953125	42471.664063
1807.950195	42762.113281
1806.946289	42313.808594
1805.943359	42640.496094
1804.939453	42364.253906
1803.935547	42852.992188
1802.930664	42615.527344
1801.926758	42801.585938
1800.922852	42956.128906
1799.917969	43045.304688
1798.913086	43013.531250
1797.908203	43484.703125
1796.903320	42824.296875
1795.897461	43239.738281
1794.891602	43321.527344
1793.886719	43188.242188
1792.880859	43238.601563
1791.874023	43129.527344
1790.868164	43918.863281
1789.862305	43367.835938
1788.855469	43331.214844
1787.848633	43806.312500
1786.841797	43564.492188
1785.833984	43913.906250
1784.827148	44284.906250
1783.819336	43741.628906
1782.812500	43741.140625
1781.804688	43550.171875
1780.795898	44415.167969
1779.788086	44096.398438
1778.779297	44245.257813
1777.771484	44244.671875
1776.762695	43767.101563
1775.753906	44520.492188
1774.744141	44498.179688
1773.735352	44483.097656
1772.725586	44595.609375
1771.715820	44710.484375
1770.706055	44724.246094
1769.696289	44940.109375
1768.686523	44681.988281
1767.675781	44981.960938
1766.666016	44711.894531
1765.655273	44908.367188
1764.644531	45292.269531
1763.632813	44858.851563
1762.622070	45175.339844
1761.610352	44821.375000
1760.598633	45421.218750
1759.586914	44961.652344
1758.575195	45582.867188
1757.563477	45445.160156
1756.550781	45715.589844
1755.538086	46137.125000
1754.525391	46104.972656
1753.512695	45566.589844
1752.500000	45716.855469
1751.486328	46361.140625
1750.473633	45813.398438
1749.459961	45905.996094
1748.446289	46219.093750
1747.432617	46129.433594
1746.417969	46305.789063
1745.404297	46405.414063
1744.389648	46322.949219
1743.375000	46594.972656
1742.360352	47171.011719
1741.344727	46425.265625
1740.330078	47226.136719
1739.314453	47129.230469
1738.298828	47113.714844
1737.283203	47488.175781
1736.267578	47266.882813
1735.251953	47622.046875
1734.235352	47740.351563
1733.218750	48389.367188
1732.202148	48438.175781
1731.185547	48463.062500
1730.168945	48378.019531
1729.151367	48584.476563
1728.133789	49055.996094
1727.117188	49673.035156
1726.098633	49981.820313
1725.081055	50357.343750
1724.063477	50754.214844
1723.044922	50461.226563
1722.026367	50533.421875
1721.007813	50560.257813
1719.989258	51381.386719
1718.970703	51417.597656
1717.951172	51666.011719
1716.931641	51976.320313
1715.912109	52013.320313
1714.892578	52050.316406
1713.873047	52087.316406
1712.853516	52124.312500
1711.833008	52161.347656
1710.812500	52945.140625
1709.791992	52876.234375
1708.771484	52297.894531
1707.750000	53276.417969
1706.729492	52933.804688
1705.708008	52853.042969
1704.686523	52834.160156
1703.665039	52950.859375
1702.642578	52827.328125
1701.621094	53352.945313
1700.598633	53281.675781
1699.576172	52685.152344
1698.553711	53084.558594
1697.531250	53158.304688
1696.507813	53011.097656
1695.485352	53023.074219
1694.461914	53013.675781
1693.438477	53001.898438
1692.415039	53450.664063
1691.390625	53163.488281
1690.367188	53498.152344
1689.342773	53291.734375
1688.318359	53353.449219
1687.293945	53045.140625
1686.269531	53943.968750
1685.244141	53654.625000
1684.218750	54564.871094
1683.194336	54104.871094
1682.168945	53796.691406
1681.142578	54433.957031
1680.117188	54874.378906
1679.090820	55025.695313
1678.064453	54532.855469
1677.038086	54404.800781
1676.011719	54603.453125
1674.985352	55081.312500
1673.958008	54905.894531
1672.931641	55319.644531
1671.904297	55413.906250
1670.876953	55314.195313
1669.848633	55297.281250
1668.821289	55609.000000
1667.792969	55778.773438
1666.764648	55733.421875
1665.736328	55397.433594
1664.708008	55848.292969
1663.679688	56138.367188
1662.650391	56433.054688
1661.621094	56567.070313
1660.591797	56781.308594
1659.562500	56801.906250
1658.533203	57082.101563
1657.502930	56498.574219
1656.472656	57524.222656
1655.442383	57164.902344
1654.412109	56829.292969
1653.381836	57168.171875
1652.351563	57226.378906
1651.320313	57503.777344
1650.289063	57302.667969
1649.257813	57320.757813
1648.226563	57711.062500
1647.194336	57467.617188
1646.163086	57900.144531
1645.130859	57882.789063
1644.098633	57778.332031
1643.066406	58125.828125
1642.033203	57903.695313
1641.000977	57947.515625
1639.967773	58443.000000
1638.934570	58564.324219
1637.901367	58553.910156
1636.868164	58402.421875
1635.833984	58518.980469
1634.800781	59002.156250
1633.766602	59409.957031
1632.732422	59112.746094
1631.697266	59633.136719
1630.663086	59533.277344
1629.627930	60001.742188
1628.593750	60467.687500
1627.558594	60675.246094
1626.522461	60929.667969
1625.487305	60956.371094
1624.451172	61283.378906
1623.416016	61966.832031
1622.379883	62035.546875
1621.343750	62880.300781
1620.306641	63725.855469
1619.270508	64570.609375
1618.233398	65416.160156
1617.196289	66261.710938
1616.159180	67107.265625
1615.122070	68699.914063
1614.083984	69933.648438
1613.046875	71279.343750
1612.008789	72022.867188
1610.970703	72871.460938
1609.932617	73579.320313
1608.893555	73388.375000
1607.855469	73017.351563
1606.816406	72101.445313
1605.777344	71160.132813
1604.738281	70242.531250
1603.698242	69135.890625
1602.659180	68363.898438
1601.619141	67533.750000
1600.579102	66706.226563
1599.539063	66152.343750
1598.499023	65563.609375
1597.458008	65514.562500
1596.417969	64634.277344
1595.376953	63546.527344
1594.335938	63866.648438
1593.294922	63939.281250
1592.252930	63360.890625
1591.210938	63377.589844
1590.169922	63611.203125
1589.127930	63040.167969
1588.084961	63353.027344
1587.042969	62828.859375
1586.000000	62894.574219
1584.958008	63165.335938
1583.915039	63226.300781
1582.872070	63156.789063
1581.828125	63287.601563
1580.785156	63436.996094
1579.741211	63407.054688
1578.697266	63723.980469
1577.653320	64157.160156
1576.609375	64450.562500
1575.564453	64604.257813
1574.520508	64871.878906
1573.475586	64983.574219
1572.430664	65248.703125
1571.384766	65125.460938
1570.339844	65234.714844
1569.293945	65274.207031
1568.249023	65085.949219
1567.202148	64951.199219
1566.156250	64210.207031
1565.110352	63211.679688
1564.063477	63093.578125
1563.017578	62446.175781
1561.970703	62597.515625
1560.922852	61699.773438
1559.875977	61881.355469
1558.829102	61652.222656
1557.781250	61643.535156
1556.733398	60980.832031
1555.685547	61436.015625
1554.636719	61128.292969
1553.588867	60834.585938
1552.540039	61150.492188
1551.491211	61155.789063
1550.442383	60614.335938
1549.393555	60371.878906
1548.344727	60872.902344
1547.294922	60998.640625
1546.245117	60603.441406
1545.195313	60944.437500
1544.145508	60945.117188
1543.094727	61843.554688
1542.044922	60874.757813
1540.994141	60877.753906
1539.943359	61516.707031
1538.892578	61394.726563
1537.840820	61319.023438
1536.790039	61585.421875
1535.738281	61599.832031
1534.686523	61387.804688
1533.634766	61617.078125
1532.583008	61721.542969
1531.530273	61521.148438
1530.477539	61316.203125
1529.424805	61293.695313
1528.372070	61340.433594
1527.319336	60953.324219
1526.265625	61583.820313
1525.212891	61588.953125
1524.159180	61206.609375
1523.105469	61274.062500
1522.051758	61408.351563
1520.997070	61655.539063
1519.942383	61508.531250
1518.888672	61718.738281
1517.833984	61104.070313
1516.778320	60842.058594
1515.723633	60923.292969
1514.667969	60877.847656
1513.612305	60698.886719
1512.556641	60685.722656
1511.500977	60642.636719
1510.445313	60199.191406
1509.388672	59698.386719
1508.332031	59867.113281
1507.275391	59513.726563
1506.218750	59774.398438
1505.162109	59152.171875
1504.104492	59042.742188
1503.047852	58848.316406
1501.990234	58778.039063
1500.931641	59491.164063
1499.874023	59237.035156
1498.816406	59288.429688
1497.757813	58779.562500
1496.699219	58417.796875
1495.640625	59141.812500
1494.582031	58160.496094
1493.522461	58921.007813
1492.462891	58717.750000
1491.403320	58434.289063
1490.343750	58889.339844
1489.284180	58106.117188
1488.224609	58540.421875
1487.164063	58474.921875
1486.103516	58022.171875
1485.042969	58162.988281
1483.982422	58260.226563
1482.920898	58300.167969
1481.860352	58227.890625
1480.798828	58212.871094
1479.737305	58250.503906
1478.675781	58107.316406
1477.613281	57577.460938
1476.550781	58603.535156
1475.489258	58174.421875
1474.426758	58504.757813
1473.363281	58215.296875
1472.300781	58410.613281
1471.237305	58834.437500
1470.174805	58634.195313
1469.111328	59073.820313
1468.046875	58599.453125
1466.983398	58687.160156
1465.919922	58697.183594
1464.855469	59095.371094
1463.791016	59162.386719
1462.726563	59204.265625
1461.661133	59200.488281
1460.596680	59673.585938
1459.531250	60114.574219
1458.465820	60254.320313
1457.400391	59908.273438
1456.334961	59585.148438
1455.268555	60260.632813
1454.202148	60377.449219
1453.135742	60020.226563
1452.069336	60421.847656
1451.002930	60142.187500
1449.935547	60662.074219
1448.869141	60466.726563
1447.801758	60428.542969
1446.734375	60435.902344
1445.666016	60675.406250
1444.598633	60418.746094
1443.530273	61131.394531
1442.461914	61163.632813
1441.393555	61766.718750
1440.325195	62017.121094
1439.256836	62176.492188
1438.187500	62526.750000
1437.118164	62731.421875
1436.048828	62733.781250
1434.979492	63276.847656
1433.909180	63394.953125
1432.839844	63129.195313
1431.769531	63992.058594
1430.699219	63721.746094
1429.627930	64636.390625
1428.557617	64586.187500
1427.486328	64570.039063
1426.416016	64317.957031
1425.343750	65215.949219
1424.272461	65245.042969
1423.201172	65269.585938
1422.128906	65275.984375
1421.056641	65116.917969
1419.984375	65470.062500
1418.912109	65388.046875
1417.839844	64948.128906
1416.766602	65455.121094
1415.693359	64802.476563
1414.620117	65626.289063
1413.546875	64785.953125
1412.473633	64613.601563
1411.399414	64746.800781
1410.325195	64307.535156
1409.250977	64594.558594
1408.176758	64562.582031
1407.102539	64688.898438
1406.027344	65097.781250
1404.952148	65400.269531
1403.876953	65718.468750
1402.801758	66364.203125
1401.726563	66137.625000
1400.650391	66324.500000
1399.574219	66337.398438
1398.498047	66262.226563
1397.421875	66119.351563
1396.345703	65337.730469
1395.268555	65619.351563
1394.191406	65688.765625
1393.114258	65101.652344
1392.037109	65218.496094
1390.959961	65840.460938
1389.881836	65700.070313
1388.804688	65710.781250
1387.726563	66287.234375
1386.647461	66324.867188
1385.569336	66330.945313
1384.491211	66967.781250
1383.412109	67178.703125
1382.333008	67632.750000
1381.253906	67841.210938
1380.173828	68081.109375
1379.094727	68055.335938
1378.014648	68157.835938
1376.934570	67477.320313
1375.854492	68158.007813
1374.773438	67536.210938
1373.693359	67090.031250
1372.612305	66916.062500
1371.531250	66517.359375
1370.450195	66076.093750
1369.369141	66019.234375
1368.287109	65715.257813
1367.205078	65292.339844
1366.123047	65042.503906
1365.041016	64896.042969
1363.958984	64713.714844
1362.875977	64448.394531
1361.793945	64544.492188
1360.710938	64622.601563
1359.626953	64341.726563
1358.543945	63865.812500
1357.460938	63966.417969
1356.376953	63986.265625
1355.292969	63414.265625
1354.208984	63566.441406
1353.124023	63987.484375
1352.040039	63890.792969
1350.955078	63583.550781
1349.870117	63119.636719
1348.785156	63258.281250
1347.700195	63401.351563
1346.614258	63492.878906
1345.528320	62962.156250
1344.442383	63279.738281
1343.356445	63373.468750
1342.270508	62306.175781
1341.183594	62646.066406
1340.096680	62746.558594
1339.009766	62670.386719
1337.922852	62909.425781
1336.835938	63374.105469
1335.748047	63277.746094
1334.661133	63025.027344
1333.573242	63100.753906
1332.484375	63299.285156
1331.396484	63683.078125
1330.307617	63780.960938
1329.219727	63867.648438
1328.130859	63628.472656
1327.041992	63674.988281
1325.952148	63431.464844
1324.863281	63600.667969
1323.773438	64126.628906
1322.683594	63742.675781
1321.593750	63641.980469
1320.502930	63490.050781
1319.413086	63529.828125
1318.322266	63647.570313
1317.231445	63825.414063
1316.140625	63867.328125
1315.048828	63768.929688
1313.958008	63730.675781
1312.866211	64266.765625
1311.774414	63389.355469
1310.682617	64274.671875
1309.589844	63915.964844
1308.498047	64180.234375
1307.405273	64437.734375
1306.312500	64984.214844
1305.218750	64887.972656
1304.125977	65209.660156
1303.032227	65291.203125
1301.939453	65823.789063
1300.845703	66500.585938
1299.750977	67146.039063
1298.657227	67602.484375
1297.562500	68354.078125
1296.467773	69351.820313
1295.373047	69361.460938
1294.278320	70360.875000
1293.183594	70181.726563
1292.087891	69845.125000
1290.992188	69832.476563
1289.896484	69307.562500
1288.800781	69095.460938
1287.704102	68404.601563
1286.608398	68257.007813
1285.511719	67683.992188
1284.415039	67365.976563
1283.317383	67125.601563
1282.220703	66364.835938
1281.123047	66642.898438
1280.025391	66318.796875
1278.927734	65994.703125
1277.830078	65670.601563
1276.731445	65346.214844
1275.633789	65022.113281
1274.535156	64697.726563
1273.436523	64373.339844
1272.336914	64534.144531
1271.238281	64714.789063
1270.138672	63723.847656
1269.039063	64094.625000
1267.939453	63539.441406
1266.839844	63231.886719
1265.739258	63540.699219
1264.638672	62652.441406
1263.538086	62532.886719
1262.437500	62777.628906
1261.336914	62419.714844
1260.235352	62441.496094
1259.134766	62308.816406
1258.033203	62176.183594
1256.930664	62054.625000
1255.829102	61624.378906
1254.726563	60724.664063
1253.625000	61183.183594
1252.522461	61015.601563
1251.418945	60984.695313
1250.316406	61147.683594
1249.212891	60665.187500
1248.110352	60651.972656
1247.006836	60207.171875
1245.902344	60132.398438
1244.798828	59725.265625
1243.694336	59813.460938
1242.589844	59974.234375
1241.485352	59364.945313
1240.380859	59252.984375
1239.276367	59442.351563
1238.170898	59367.792969
1237.065430	58864.570313
1235.959961	59165.996094
1234.854492	59284.910156
1233.748047	58749.011719
1232.642578	58852.574219
1231.536133	58659.582031
1230.429688	58339.289063
1229.322266	58671.207031
1228.215820	59060.078125
1227.108398	58748.656250
1226.000977	59049.589844
1224.893555	59102.484375
1223.786133	58986.453125
1222.677734	59142.417969
1221.569336	58975.980469
1220.460938	58719.707031
1219.352539	58421.878906
1218.244141	58424.410156
1217.134766	58582.515625
1216.025391	58528.050781
1214.916016	58239.222656
1213.806641	58252.726563
1212.697266	58382.269531
1211.586914	57953.511719
1210.476563	57555.546875
1209.366211	58293.527344
1208.255859	58131.953125
1207.145508	58053.562500
1206.034180	58008.007813
1204.922852	58257.691406
1203.811523	58080.921875
1202.700195	58483.519531
1201.587891	58529.707031
1200.476563	58462.242188
1199.364258	58145.726563
1198.251953	58316.453125
1197.138672	58017.546875
1196.026367	58544.171875
1194.913086	58212.574219
1193.799805	58946.339844
1192.686523	58774.109375
1191.573242	58948.886719
1190.458984	58366.554688
1189.344727	58918.703125
1188.230469	58565.574219
1187.116211	58162.425781
1186.001953	57905.484375
1184.886719	58128.167969
1183.772461	58017.335938
1182.657227	57621.101563
1181.541016	57604.074219
1180.425781	57719.914063
1179.309570	57493.804688
1178.193359	57489.867188
1177.077148	57353.132813
1175.960938	56813.789063
1174.844727	57184.257813
1173.727539	57145.554688
1172.610352	56724.007813
1171.493164	57179.105469
1170.375977	56762.046875
1169.257813	56582.121094
1168.139648	56276.179688
1167.022461	56415.882813
1165.903320	56440.367188
1164.785156	56588.675781
1163.666992	55941.917969
1162.547852	56376.929688
1161.428711	55637.070313
1160.309570	56087.175781
1159.189453	55627.636719
1158.070313	55784.597656
1156.950195	55908.953125
1155.830078	55488.742188
1154.709961	55786.621094
1153.588867	55865.359375
1152.468750	55614.496094
1151.347656	55760.433594
1150.226563	55888.976563
1149.104492	55417.207031
1147.983398	55922.753906
1146.861328	55702.425781
1145.739258	55850.367188
1144.617188	56089.203125
1143.495117	55771.531250
1142.372070	55895.558594
1141.250000	55839.910156
1140.126953	56362.027344
1139.003906	56700.058594
1137.879883	56704.847656
1136.756836	56305.214844
1135.632813	57069.031250
1134.508789	56600.292969
1133.384766	56747.750000
1132.259766	56625.011719
1131.135742	56532.562500
1130.010742	56530.882813
1128.885742	56565.914063
1127.759766	56147.437500
1126.634766	55986.042969
1125.508789	56347.117188
1124.382813	56172.792969
1123.256836	56102.105469
1122.130859	56154.425781
1121.003906	55671.750000
1119.877930	55862.156250
1118.750977	56140.902344
1117.624023	55919.359375
1116.496094	55958.718750
1115.369141	55549.785156
1114.241211	55289.675781
1113.113281	55333.429688
1111.985352	55060.527344
1110.856445	55547.945313
1109.728516	55436.589844
1108.599609	55094.921875
1107.470703	54979.378906
1106.340820	54984.390625
1105.211914	55566.039063
1104.082031	55181.558594
1102.952148	54859.593750
1101.822266	55228.042969
1100.692383	55181.390625
1099.561523	54805.851563
1098.431641	54873.203125
1097.300781	54751.421875
1096.169922	54728.515625
1095.038086	54823.757813
1093.907227	54813.730469
1092.775391	54180.980469
1091.643555	54222.589844
1090.511719	54356.484375
1089.378906	54063.250000
1088.246094	54310.843750
1087.114258	54313.773438
1085.980469	54188.007813
1084.847656	54057.992188
1083.714844	53679.296875
1082.581055	53315.746094
1081.447266	53441.019531
1080.313477	53422.664063
1079.179688	53669.992188
1078.044922	53600.183594
1076.910156	53641.773438
1075.775391	53631.949219
1074.640625	53564.316406
1073.505859	53584.476563
1072.370117	53887.136719
1071.234375	54003.519531
1070.098633	54010.742188
1068.962891	53908.867188
1067.826172	54232.621094
1066.690430	54483.558594
1065.553711	54039.582031
1064.416992	53672.714844
1063.279297	54413.003906
1062.142578	54180.816406
1061.004883	54497.742188
1059.867188	54312.605469
1058.729492	54445.734375
1057.590820	54237.183594
1056.453125	53892.082031
1055.314453	54204.492188
1054.175781	54092.125000
1053.037109	53853.910156
1051.897461	54023.226563
1050.757813	54058.105469
1049.618164	54011.941406
1048.478516	53976.453125
1047.338867	54358.773438
1046.199219	54099.445313
1045.058594	53867.914063
1043.917969	54083.863281
1042.777344	54046.250000
1041.635742	53925.589844
1040.495117	54243.605469
1039.353516	53780.199219
1038.211914	53725.632813
1037.069336	53343.351563
1035.927734	53518.675781
1034.785156	53336.539063
1033.642578	53662.804688
1032.500000	53376.503906
1031.357422	53487.898438
1030.213867	53529.097656
1029.071289	53574.527344
1027.927734	53299.070313
1026.783203	53641.964844
1025.639648	53183.906250
1024.495117	53412.007813
1023.351563	53357.609375
1022.207031	53513.406250
1021.061523	53643.671875
1019.916992	53676.265625
1018.771484	53931.640625
1017.625977	53966.285156
1016.480469	53693.355469
1015.334961	54097.027344
1014.188477	53894.140625
1013.041992	53790.960938
1011.895508	53844.660156
1010.749023	54033.964844
1009.602539	53388.410156
1008.455078	53745.074219
1007.307617	54029.593750
1006.160156	53790.964844
1005.012695	54136.765625
1003.864258	54264.406250
1002.716797	54341.203125
1001.568359	54568.207031
1000.419922	55216.140625
999.270508	54937.351563
998.122070	55468.652344
996.972656	55244.890625
995.823242	55264.328125
994.673828	55326.031250
993.523438	54943.910156
992.373047	55077.484375
991.222656	55033.550781
990.072266	54911.484375
988.921875	55471.554688
987.771484	54580.910156
986.620117	55145.050781
985.468750	54847.863281
984.317383	55164.851563
983.165039	55272.851563
982.013672	55522.136719
980.861328	55330.539063
979.708984	55493.265625
978.555664	55714.957031
977.403320	55472.835938
976.250000	55639.652344
975.096680	55608.335938
973.943359	55496.976563
972.790039	55080.238281
971.635742	55173.285156
970.481445	55106.277344
969.327148	54826.667969
968.172852	55163.855469
967.018555	55042.164063
965.863281	55137.222656
964.708008	54962.988281
963.552734	54631.070313
962.397461	55039.468750
961.241211	54724.472656
960.084961	54739.613281
958.929688	54969.117188
957.772461	54914.859375
956.616211	54820.703125
955.458984	54875.714844
954.301758	54718.593750
953.144531	54952.078125
951.987305	54574.562500
950.830078	54581.292969
949.671875	54508.273438
948.513672	54500.324219
947.355469	54674.878906
946.196289	54413.109375
945.038086	54614.875000
943.878906	54814.464844
942.719727	54710.027344
941.560547	54440.046875
940.400391	55125.707031
939.241211	55201.437500
938.081055	54763.933594
936.919922	55137.089844
935.759766	54923.804688
934.599609	55097.906250
933.438477	54790.511719
932.277344	55219.882813
931.116211	55368.714844
929.954102	55492.382813
928.791992	55001.070313
927.630859	55260.687500
926.467773	55398.937500
925.305664	55482.781250
924.143555	55428.648438
922.980469	55430.953125
921.817383	55773.808594
920.654297	55684.132813
919.490234	55352.218750
918.327148	55532.015625
917.163086	56006.121094
915.999023	56043.785156
914.833984	56215.003906
913.669922	56169.148438
912.504883	56409.117188
911.339844	56699.054688
910.174805	56936.750000
909.008789	57059.671875
907.843750	57105.417969
906.677734	57786.847656
905.511719	57765.750000
904.345703	58030.101563
903.178711	57225.703125
902.011719	57096.410156
900.844727	56783.914063
899.677734	56931.648438
898.510742	56610.964844
897.342773	56502.683594
896.174805	56827.250000
895.006836	55984.570313
893.838867	56088.621094
892.670898	55637.359375
891.501953	56209.269531
890.333008	56013.851563
889.164063	55959.843750
887.994141	55783.242188
886.825195	56059.656250
885.655273	55704.441406
884.485352	56138.609375
883.315430	56263.203125
882.144531	56300.546875
880.973633	56288.054688
879.803711	56198.773438
878.631836	56244.398438
877.460938	56416.562500
876.289063	56758.750000
875.118164	56966.003906
873.945313	56345.843750
872.773438	56600.777344
871.601563	56619.316406
870.428711	56478.277344
869.255859	56461.601563
868.083008	56482.222656
866.910156	56687.171875
865.736328	56660.109375
864.562500	56423.937500
863.388672	56891.671875
862.214844	57468.925781
861.040039	57603.132813
859.866211	57780.734375
858.691406	57668.671875
857.516602	57930.984375
856.340820	57806.523438
855.166016	57167.328125
853.990234	56652.386719
852.814453	57185.410156
851.637695	56490.890625
850.461914	57244.785156
849.285156	56738.464844
848.108398	57122.378906
846.931641	57283.160156
845.754883	57317.957031
844.577148	57598.347656
843.399414	57240.992188
842.221680	58303.230469
841.043945	58698.789063
839.865234	59187.007813
838.687500	59714.222656
837.508789	60101.042969
836.329102	60986.546875
835.150391	60705.261719
833.970703	60671.335938
832.791992	60530.292969
831.611328	59977.355469
830.431641	59597.601563
829.251953	58579.710938
828.071289	58260.054688
826.890625	57777.914063
825.709961	56785.613281
824.528320	56164.011719
823.347656	56239.988281
822.166016	56040.332031
820.984375	55482.957031
819.801758	55363.695313
818.620117	55077.976563
817.437500	55267.101563
816.254883	54965.062500
815.072266	54961.019531
813.888672	54864.546875
812.706055	54731.140625
811.522461	54757.937500
810.338867	55488.847656
809.154297	54464.617188
807.970703	54760.265625
806.786133	54637.250000
805.601563	54300.937500
804.416992	54471.332031
803.231445	54044.945313
802.045898	54246.074219
800.861328	53838.332031
799.674805	54299.695313
798.489258	53453.593750
797.302734	53630.085938
796.117188	53218.656250
794.930664	53419.699219
793.743164	53213.207031
792.556641	53148.042969
791.369141	53166.816406
790.181641	53001.406250
788.994141	52672.375000
787.805664	52816.003906
786.618164	52826.632813
785.429688	52837.257813
784.241211	52755.875000
783.052734	52555.960938
781.863281	51845.191406
780.673828	52495.546875
779.484375	51905.578125
778.294922	51812.175781
777.105469	51857.675781
775.915039	51731.644531
774.724609	51715.894531
773.534180	51726.683594
772.343750	51770.113281
771.152344	51850.253906
769.960938	51836.523438
768.769531	51792.203125
767.578125	52441.214844
766.385742	52356.015625
765.194336	52085.351563
764.001953	52379.324219
762.808594	52424.585938
761.616211	52814.128906
760.422852	53289.074219
759.230469	53124.378906
758.037109	53224.433594
756.842773	53218.593750
755.649414	53587.261719
754.455078	53499.949219
753.260742	53746.343750
752.066406	54253.027344
750.871094	54053.773438
749.676758	53805.785156
748.481445	53690.039063
747.286133	53517.414063
746.089844	53074.554688
744.894531	53219.093750
743.698242	52617.984375
742.501953	52335.996094
741.304688	52161.742188
740.108398	52028.164063
738.911133	51829.667969
737.713867	51852.480469
736.516602	51863.105469
735.319336	51354.316406
734.121094	51322.429688
732.922852	51454.828125
731.724609	51613.542969
730.526367	51249.117188
729.327148	51026.718750
728.127930	51138.800781
726.928711	50863.816406
725.729492	50844.199219
724.530273	51272.230469
723.330078	50829.281250
722.129883	51002.027344
720.929688	51095.753906
719.728516	50578.191406
718.528320	50898.605469
717.327148	50694.871094
716.125977	50835.105469
714.923828	50993.484375
713.722656	50975.875000
712.520508	50964.339844
711.318359	50694.066406
710.116211	50619.929688
708.913086	50931.757813
707.710938	50562.644531
706.507813	50809.722656
705.304688	51022.378906
704.100586	51006.792969
702.897461	51096.183594
701.693359	50612.328125
700.489258	51010.503906
699.284180	50887.988281
698.080078	50939.000000
696.875000	51151.335938
695.669922	51303.097656
694.464844	51055.609375
693.258789	51019.863281
692.053711	51554.472656
690.847656	51641.554688
689.641602	51857.539063
688.434570	52073.437500
687.228516	52168.421875
686.021484	51562.687500
684.814453	51508.820313
683.607422	51454.957031
682.399414	51401.046875
681.191406	51347.136719
679.983398	51293.226563
678.775391	50879.382813
677.567383	51390.667969
676.358398	50687.453125
675.149414	51130.238281
673.940430	50945.832031
672.730469	51078.960938
671.521484	50944.851563
670.311523	50764.589844
669.101563	51084.437500
667.890625	50976.496094
666.680664	50505.242188
665.469727	50592.132813
664.258789	50606.742188
663.047852	50194.000000
661.835938	49871.679688
660.625000	49649.753906
659.413086	49911.160156
658.201172	49809.593750
656.988281	50179.109375
655.776367	50051.472656
654.563477	49737.539063
653.350586	49920.542969
652.136719	49286.277344
650.923828	49327.113281
649.709961	49029.558594
648.496094	49626.921875
647.282227	49125.273438
646.067383	49792.429688
644.852539	49997.175781
643.637695	49701.761719
642.422852	49532.457031
641.208008	49555.167969
639.992188	49487.902344
638.776367	49868.398438
637.560547	49667.203125
636.344727	49821.734375
635.127930	49700.523438
633.911133	49645.269531
632.694336	49741.800781
631.477539	49526.828125
630.259766	49389.785156
629.042969	49877.484375
627.825195	48966.191406
626.606445	49120.605469
625.388672	48933.863281
624.169922	49313.578125
622.951172	49186.687500
621.732422	49023.957031
620.513672	48624.093750
619.293945	48905.921875
618.074219	48486.304688
616.854492	49084.789063
615.634766	49021.804688
614.414063	48924.984375
613.193359	48993.453125
611.972656	49310.714844
610.751953	48899.437500
609.530273	48665.406250
608.309570	48667.203125
607.087891	48669.003906
605.866211	48670.800781
604.643555	48672.601563
603.420898	48674.402344
602.198242	48676.203125
600.975586	49165.855469
599.752930	49236.097656
598.529297	49026.214844
597.305664	49020.980469
596.082031	49299.703125
594.858398	49451.257813
593.633789	49187.890625
592.410156	49176.664063
591.185547	49637.691406
589.959961	49783.105469
588.735352	49819.371094
587.509766	49560.136719
586.284180	49741.164063
585.058594	49743.710938
583.832031	49906.796875
582.606445	50220.421875
581.379883	50036.628906
580.153320	50439.250000
578.925781	50746.648438
577.699219	51172.738281
576.471680	51119.562500
575.244141	51193.082031
574.015625	51054.820313
572.788086	50645.531250
571.559570	50762.617188
570.331055	50717.464844
569.101563	50419.207031
567.873047	50334.589844
566.643555	50212.445313
565.414063	49953.968750
564.184570	49889.238281
562.954102	49036.238281
561.724609	49032.937500
560.494141	48770.921875
559.263672	48451.734375
558.032227	48833.507813
556.800781	48621.011719
555.570313	48605.941406
554.337891	48717.148438
553.106445	48191.128906
551.874023	48266.867188
550.642578	48301.160156
549.409180	47777.480469
548.176758	47622.613281
546.944336	48246.289063
545.710938	47919.957031
544.477539	48155.222656
543.243164	47937.363281
542.009766	47743.210938
540.775391	47763.753906
539.541016	47685.851563
538.306641	47905.183594
537.071289	47892.222656
535.836914	48046.503906
534.601563	47966.632813
533.366211	47933.992188
532.129883	47506.117188
530.894531	47860.875000
529.658203	47775.195313
528.421875	47278.796875
527.184570	47637.324219
525.948242	47763.898438
524.710938	47733.285156
523.473633	48040.457031
522.235352	47978.386719
520.998047	47600.281250
519.759766	47852.343750
518.521484	48102.343750
517.283203	48095.234375
516.043945	48241.128906
514.804688	48522.285156
513.565430	48542.546875
512.326172	48262.843750
511.085938	48230.214844
509.846680	48005.542969
508.606445	48421.667969
507.366211	48371.390625
506.125000	48440.605469
504.883789	47614.875000
503.643555	47652.875000
502.401367	47814.183594
501.160156	47809.074219
499.917969	47666.984375
498.675781	47464.304688
497.433594	47590.308594
496.191406	47508.960938
494.948242	48049.429688
493.705078	47799.898438
492.461914	47362.824219
491.218750	47557.113281
489.975586	47634.097656
488.731445	47623.148438
487.487305	47555.558594
486.242188	47517.285156
484.998047	47482.925781
483.752930	48051.738281
482.507813	47943.125000
481.262695	47914.554688
480.016602	47833.316406
478.771484	47876.941406
477.525391	48236.464844
476.278320	48420.375000
475.032227	48099.316406
473.785156	48343.597656
472.538086	48038.261719
471.291016	48537.683594
470.043945	48170.089844
468.795898	48519.328125
467.547852	48636.718750
466.299805	48520.449219
465.051758	48702.023438
463.802734	48677.242188
462.553711	49205.050781
461.304688	49318.296875
460.055664	49701.851563
458.805664	49801.347656
457.555664	49764.707031
456.305664	49996.328125
455.055664	49862.484375
453.804688	50255.277344
452.553711	50525.523438
451.302734	50688.835938
450.051758	51019.093750
448.799805	50990.019531
447.548828	51512.281250
446.296875	52123.628906
445.043945	52680.402344
443.791992	53033.246094
442.539063	52792.363281
441.286133	52896.792969
440.033203	52875.140625
438.779297	52056.679688
437.526367	51653.332031
436.272461	50381.917969
435.017578	49719.394531
433.763672	49504.625000
432.508789	49241.515625
431.253906	48769.355469
429.999023	48818.199219
428.744141	48503.093750
427.488281	48329.390625
426.232422	48384.089844
424.976563	48713.488281
423.720703	47949.871094
422.463867	47962.054688
421.207031	47943.296875
419.950195	47777.617188
418.693359	47793.683594
417.435547	47687.996094
416.177734	47831.593750
414.919922	47613.894531
413.662109	46959.777344
412.403320	47647.972656
411.144531	47752.843750
409.885742	47479.335938
408.626953	47258.039063
407.367188	47582.886719
406.107422	47261.328125
404.847656	47217.644531
403.587891	46892.417969
402.327148	47417.601563
401.067383	47210.046875
