#Wave		#Intensity
2001.182617	29052.804688
2000.212891	29433.792969
1999.243164	29363.498047
1998.273438	29155.416016
1997.303711	29418.380859
1996.333008	28997.457031
1995.363281	29092.566406
1994.392578	29350.394531
1993.421875	29477.951172
1992.451172	29312.611328
1991.479492	29367.554688
1990.508789	29217.302734
1989.537109	29274.742188
1988.566406	29359.673828
1987.594727	29234.505859
1986.622070	29236.900391
1985.650391	29614.285156
1984.677734	29084.216797
1983.706055	29468.990234
1982.733398	29181.496094
1981.760742	29081.466797
1980.788086	28934.011719
1979.814453	29091.283203
1978.841797	28953.865234
1977.868164	29243.384766
1976.894531	29135.939453
1975.920898	29243.146484
1974.947266	29230.550781
1973.972656	29245.400391
1972.999023	29355.023438
1972.024414	29394.781250
1971.049805	29392.136719
1970.075195	29155.152344
1969.099609	29259.726563
1968.125000	29224.707031
1967.149414	29573.410156
1966.173828	29142.242188
1965.198242	29443.511719
1964.222656	29256.568359
1963.247070	29351.048828
1962.270508	29452.962891
1961.294922	29691.736328
1960.318359	29243.572266
1959.341797	29432.533203
1958.364258	29775.667969
1957.387695	29685.890625
1956.410156	29436.986328
1955.433594	29588.480469
1954.456055	29533.583984
1953.478516	29680.035156
1952.500000	29707.148438
1951.522461	29704.435547
1950.543945	29642.099609
1949.565430	29309.048828
1948.586914	29380.904297
1947.608398	29378.244141
1946.629883	29787.681641
1945.650391	28936.078125
1944.671875	29764.845703
1943.692383	29714.974609
1942.712891	29605.580078
1941.733398	29575.593750
1940.752930	29930.001953
1939.773438	29902.445313
1938.792969	29778.216797
1937.812500	29839.923828
1936.832031	29458.017578
1935.851563	29415.691406
1934.870117	29474.951172
1933.888672	29898.287109
1932.908203	29449.767578
1931.926758	29372.804688
1930.945313	29778.603516
1929.962891	29535.775391
1928.981445	29795.394531
1927.999023	29574.912109
1927.016602	29829.482422
1926.034180	29270.214844
1925.051758	29487.654297
1924.069336	29734.685547
1923.085938	29410.574219
1922.102539	29669.886719
1921.119141	29494.171875
1920.135742	29592.777344
1919.152344	29590.060547
1918.168945	29246.492188
1917.184570	29725.388672
1916.200195	29727.583984
1915.215820	29436.011719
1914.231445	29267.949219
1913.247070	29850.148438
1912.261719	29467.410156
1911.276367	29933.423828
1910.291992	29508.873047
1909.306641	29831.681641
1908.320313	29535.509766
1907.334961	29540.189453
1906.348633	29710.005859
1905.363281	29901.939453
1904.376953	29913.941406
1903.390625	29536.714844
1902.403320	29908.373047
1901.416992	29563.291016
1900.429688	30181.027344
1899.443359	29597.228516
1898.456055	29670.796875
1897.467773	29404.740234
1896.480469	29763.722656
1895.493164	29657.640625
1894.504883	30023.828125
1893.516602	29435.746094
1892.528320	29973.951172
1891.540039	29673.699219
1890.550781	29521.019531
1889.562500	29800.896484
1888.573242	29810.406250
1887.583984	29485.824219
1886.594727	29770.468750
1885.605469	29775.064453
1884.615234	29713.365234
1883.625000	29661.505859
1882.635742	29518.851563
1881.645508	29332.076172
1880.654297	29991.828125
1879.664063	29778.048828
1878.673828	29373.035156
1877.682617	29630.263672
1876.691406	29894.757813
1875.700195	29803.708984
1874.708984	30070.527344
1873.716797	29896.158203
1872.725586	29729.201172
1871.733398	29684.783203
1870.741211	29917.140625
1869.749023	29618.031250
1868.755859	29779.314453
1867.763672	29935.644531
1866.770508	30140.867188
1865.777344	29922.675781
1864.784180	29694.773438
1863.791016	29755.599609
1862.797852	29613.406250
1861.803711	29886.970703
1860.809570	29876.826172
1859.815430	29529.345703
1858.821289	29687.906250
1857.827148	30337.578125
1856.832031	30153.890625
1855.837891	30141.259766
1854.842773	30123.748047
1853.847656	30125.775391
1852.852539	30061.880859
1851.856445	30129.826172
1850.861328	30192.863281
1849.865234	29911.812500
1848.869141	29969.984375
1847.873047	30201.326172
1846.876953	29900.906250
1845.879883	30271.169922
1844.883789	29980.593750
1843.886719	30226.392578
1842.889648	30574.466797
1841.892578	30235.250000
1840.895508	30220.183594
1839.897461	30063.839844
1838.899414	30380.031250
1837.901367	30277.283203
1836.903320	30413.160156
1835.905273	30466.228516
1834.907227	30490.070313
1833.908203	30226.769531
1832.909180	30394.183594
1831.910156	30437.482422
1830.911133	30252.152344
1829.912109	30438.923828
1828.912109	30725.306641
1827.913086	30749.064453
1826.913086	30364.517578
1825.913086	30694.496094
1824.913086	30985.486328
1823.912109	30533.083984
1822.912109	30972.144531
1821.911133	30201.808594
1820.910156	30718.457031
1819.909180	31140.255859
1818.908203	30896.933594
1817.906250	30811.416016
1816.904297	31138.355469
1815.903320	30781.154297
1814.900391	30664.171875
1813.898438	30799.404297
1812.896484	30456.992188
1811.893555	30754.613281
1810.891602	31347.794922
1809.888672	30869.773438
1808.885742	31118.708984
1807.881836	31059.933594
1806.878906	31025.398438
1805.875000	30884.332031
1804.871094	31251.708984
1803.867188	31134.857422
1802.863281	31402.835938
1801.859375	31005.316406
1800.854492	31096.617188
1799.849609	31780.488281
1798.844727	31421.802734
1797.839844	31334.050781
1796.834961	31546.099609
1795.830078	31828.169922
1794.824219	31556.722656
1793.818359	30913.271484
1792.812500	31659.132813
1791.806641	31561.763672
1790.799805	31614.154297
1789.793945	31652.037109
1788.787109	31861.306641
1787.780273	31684.314453
1786.773438	31722.162109
1785.766602	32150.871094
1784.758789	31850.884766
1783.751953	31835.615234
1782.744141	31793.822266
1781.736328	31780.978516
1780.728516	31731.974609
1779.719727	31702.271484
1778.711914	32152.134766
1777.703125	32081.404297
1776.694336	32078.148438
1775.685547	32209.773438
1774.676758	32360.615234
1773.666992	32448.800781
1772.657227	32281.783203
1771.648438	32389.205078
1770.638672	32227.064453
1769.627930	32565.433594
1768.618164	32461.052734
1767.607422	32226.828125
1766.597656	33009.890625
1765.586914	32465.492188
1764.576172	32503.025391
1763.564453	32740.033203
1762.553711	32690.994141
1761.541992	32968.726563
1760.530273	32840.390625
1759.518555	33238.082031
1758.506836	32665.492188
1757.495117	33015.054688
1756.482422	33424.503906
1755.469727	32902.582031
1754.457031	33095.937500
1753.444336	33267.628906
1752.431641	33307.324219
1751.417969	33181.519531
1750.405273	33317.132813
1749.391602	33476.667969
1748.377930	33741.625000
1747.364258	33793.175781
1746.349609	33803.976563
1745.335938	33797.996094
1744.321289	33559.664063
1743.306641	33922.558594
1742.291992	34093.753906
1741.276367	34102.089844
1740.261719	34050.578125
1739.246094	34216.871094
1738.230469	34002.636719
1737.214844	34546.882813
1736.199219	34521.636719
1735.182617	34479.652344
1734.166992	34923.093750
1733.150391	34732.824219
1732.133789	34738.628906
1731.117188	35191.343750
1730.099609	35225.738281
1729.083008	35209.945313
1728.065430	35700.550781
1727.047852	35892.453125
1726.030273	36096.222656
1725.012695	36065.960938
1723.994141	36560.835938
1722.976563	36458.898438
1721.958008	36352.230469
1720.939453	36865.871094
1719.920898	36971.449219
1718.901367	36998.289063
1717.882813	37339.859375
1716.863281	37354.703125
1715.843750	37088.277344
1714.824219	37155.585938
1713.803711	37539.773438
1712.784180	37273.453125
1711.763672	37755.132813
1710.743164	37662.710938
1709.722656	37270.312500
1708.702148	37856.480469
1707.681641	37971.164063
1706.660156	37552.734375
1705.638672	37588.910156
1704.617188	37434.753906
1703.595703	37906.199219
1702.574219	37725.878906
1701.551758	37685.906250
1700.529297	37522.328125
1699.507813	38036.199219
1698.484375	38100.750000
1697.461914	37792.246094
1696.439453	38168.011719
1695.416016	37850.101563
1694.392578	37563.175781
1693.369141	38278.296875
1692.345703	37996.140625
1691.322266	38231.496094
1690.297852	38212.847656
1689.273438	38241.660156
1688.249023	37914.632813
1687.224609	38303.992188
1686.200195	38437.109375
1685.174805	38752.734375
1684.150391	38961.574219
1683.125000	38336.070313
1682.099609	38976.187500
1681.073242	38865.027344
1680.047852	39140.019531
1679.021484	38945.968750
1677.995117	38747.253906
1676.968750	39313.324219
1675.942383	39131.179688
1674.916016	39341.972656
1673.888672	39510.093750
1672.862305	39550.398438
1671.834961	39484.242188
1670.806641	39396.820313
1669.779297	39628.652344
1668.751953	40063.722656
1667.723633	39775.320313
1666.695313	39999.867188
1665.666992	40101.460938
1664.638672	40103.789063
1663.609375	40335.238281
1662.581055	40098.992188
1661.551758	39829.769531
1660.522461	40320.832031
1659.493164	40528.468750
1658.462891	40391.468750
1657.433594	40525.867188
1656.403320	40063.351563
1655.373047	40513.828125
1654.342773	40645.773438
1653.312500	40508.863281
1652.281250	40652.546875
1651.250977	40310.617188
1650.219727	40758.289063
1649.188477	40838.222656
1648.156250	40699.039063
1647.125000	41087.511719
1646.092773	40969.527344
1645.060547	41030.523438
1644.028320	41046.773438
1642.996094	40938.265625
1641.963867	41406.355469
1640.930664	41231.937500
1639.898438	41864.476563
1638.865234	41668.867188
1637.832031	41546.226563
1636.797852	41520.031250
1635.764648	41790.039063
1634.730469	41965.261719
1633.696289	42140.484375
1632.662109	42315.710938
1631.627930	42490.933594
1630.592773	42666.324219
1629.558594	42841.546875
1628.523438	43016.933594
1627.488281	43192.324219
1626.453125	43367.714844
1625.416992	43543.265625
1624.381836	43718.656250
1623.345703	43894.210938
1622.309570	44076.375000
1621.273438	44467.167969
1620.237305	45244.671875
1619.200195	45267.089844
1618.163086	46447.285156
1617.125977	46921.730469
1616.088867	48230.062500
1615.051758	48678.253906
1614.014648	49725.835938
1612.976563	50147.839844
1611.938477	51023.878906
1610.900391	51120.128906
1609.862305	51024.429688
1608.823242	50991.945313
1607.785156	50238.894531
1606.746094	49411.257813
1605.707031	48852.863281
1604.667969	47906.515625
1603.628906	47194.285156
1602.588867	47097.054688
1601.548828	46275.382813
1600.508789	45601.203125
1599.468750	45607.093750
1598.428711	44830.500000
1597.387695	44110.226563
1596.347656	44118.710938
1595.306641	43798.019531
1594.265625	43335.062500
1593.224609	43579.378906
1592.182617	43545.945313
1591.140625	42971.296875
1590.099609	42970.632813
1589.057617	42673.800781
1588.014648	42612.566406
1586.972656	42171.363281
1585.929688	42790.824219
1584.887695	42335.765625
1583.844727	42006.683594
1582.800781	42562.937500
1581.757813	42082.535156
1580.714844	42419.679688
1579.670898	42081.496094
1578.626953	42523.269531
1577.583008	42913.679688
1576.538086	42901.367188
1575.494141	42984.453125
1574.449219	42818.601563
1573.404297	43378.457031
1572.359375	43786.960938
1571.314453	43823.320313
1570.269531	43552.824219
1569.223633	43233.617188
1568.177734	42933.113281
1567.131836	42925.449219
1566.085938	43166.339844
1565.040039	42180.871094
1563.993164	42212.816406
1562.946289	42140.273438
1561.899414	42067.753906
1560.852539	41345.429688
1559.805664	41911.187500
1558.757813	41706.507813
1557.709961	41768.644531
1556.662109	41390.121094
1555.614258	41614.605469
1554.566406	41841.324219
1553.517578	41697.093750
1552.469727	41189.062500
1551.420898	41038.046875
1550.372070	40933.414063
1549.322266	41308.285156
1548.273438	40622.359375
1547.223633	40997.152344
1546.173828	40818.511719
1545.124023	40827.421875
1544.074219	41016.832031
1543.024414	40537.492188
1541.973633	40446.964844
1540.922852	40735.792969
1539.872070	40300.691406
1538.821289	40004.472656
1537.770508	40318.652344
1536.718750	39953.191406
1535.666992	40366.628906
1534.615234	40456.453125
1533.563477	40054.199219
1532.511719	40751.480469
1531.458984	40000.621094
1530.407227	40238.203125
1529.354492	40226.390625
1528.300781	39861.453125
1527.248047	40085.085938
1526.195313	40045.613281
1525.141602	40239.140625
1524.087891	39772.976563
1523.034180	39456.867188
1521.980469	39691.886719
1520.925781	39463.496094
1519.871094	39182.175781
1518.817383	39811.148438
1517.762695	39363.984375
1516.707031	39732.406250
1515.652344	39448.929688
1514.596680	39347.460938
1513.541016	39568.335938
1512.485352	39365.601563
1511.429688	39162.933594
1510.374023	39123.710938
1509.317383	39648.140625
1508.260742	39312.117188
1507.204102	39105.000000
1506.147461	38971.535156
1505.090820	39288.707031
1504.033203	39127.671875
1502.975586	39042.527344
1501.917969	39258.414063
1500.860352	38865.437500
1499.802734	38844.695313
1498.744141	39290.140625
1497.686523	39317.542969
1496.627930	39489.558594
1495.569336	39032.621094
1494.509766	39027.921875
1493.451172	38770.839844
1492.391602	39032.289063
1491.332031	39211.074219
1490.272461	38784.398438
1489.212891	39169.511719
1488.152344	38763.621094
1487.092773	38944.613281
1486.032227	38903.261719
1484.971680	39127.687500
1483.910156	38990.105469
1482.849609	39042.664063
1481.788086	38779.195313
1480.726563	38992.035156
1479.665039	38785.894531
1478.603516	39163.433594
1477.541992	39595.753906
1476.479492	39240.902344
1475.416992	39510.640625
1474.354492	39736.832031
1473.291992	39505.617188
1472.229492	39672.281250
1471.166016	39777.167969
1470.102539	39715.183594
1469.039063	39724.054688
1467.975586	40041.335938
1466.912109	39707.519531
1465.847656	40054.371094
1464.783203	39706.968750
1463.718750	39708.976563
1462.654297	40192.585938
1461.589844	39929.781250
1460.524414	40360.695313
1459.458984	40351.171875
1458.393555	40184.269531
1457.328125	40231.785156
1456.262695	40279.285156
1455.196289	40413.390625
1454.130859	40410.695313
1453.064453	40471.800781
1451.998047	40236.695313
1450.930664	40525.609375
1449.864258	40844.027344
1448.796875	40408.582031
1447.729492	40954.582031
1446.662109	40637.640625
1445.594727	40971.734375
1444.526367	41139.589844
1443.458008	41193.628906
1442.390625	41450.097656
1441.321289	41406.261719
1440.252930	42121.925781
1439.184570	42330.339844
1438.115234	41986.316406
1437.045898	42056.042969
1435.976563	42521.117188
1434.907227	42588.449219
1433.836914	42878.355469
1432.767578	42959.218750
1431.697266	43260.304688
1430.626953	43320.636719
1429.555664	43567.070313
1428.485352	43886.031250
1427.414063	43739.734375
1426.342773	44224.156250
1425.271484	44141.355469
1424.200195	44072.187500
1423.128906	44680.988281
1422.056641	44804.437500
1420.984375	45213.425781
1419.912109	45180.367188
1418.839844	45219.820313
1417.767578	45170.910156
1416.694336	45183.171875
1415.621094	44839.890625
1414.547852	45103.519531
1413.474609	44921.097656
1412.400391	44372.085938
1411.327148	44355.050781
1410.252930	44019.007813
1409.178711	44187.527344
1408.104492	43675.222656
1407.029297	44004.289063
1405.955078	43858.457031
1404.879883	43983.929688
1403.804688	44310.500000
1402.729492	44655.027344
1401.653320	44344.250000
1400.578125	45081.679688
1399.501953	44770.933594
1398.425781	44670.292969
1397.349609	44465.839844
1396.272461	44261.453125
1395.196289	45097.523438
1394.119141	44784.789063
1393.041992	44810.562500
1391.964844	44613.023438
1390.886719	45292.812500
1389.809570	45900.207031
1388.731445	46117.371094
1387.653320	45879.160156
1386.575195	46152.585938
1385.497070	46286.218750
1384.417969	46705.898438
1383.338867	46006.015625
1382.259766	45786.046875
1381.180664	46423.980469
1380.101563	46647.476563
1379.021484	46060.636719
1377.941406	46378.628906
1376.861328	45922.539063
1375.781250	45932.257813
1374.701172	45883.492188
1373.620117	45636.859375
1372.539063	45977.113281
1371.458008	45663.113281
1370.376953	45403.164063
1369.295898	45109.601563
1368.213867	45283.445313
1367.132813	44998.988281
1366.050781	45406.351563
1364.967773	45065.839844
1363.885742	45672.847656
1362.802734	45242.617188
1361.720703	46046.863281
1360.637695	46220.304688
1359.554688	45868.722656
1358.470703	46412.226563
1357.387695	46011.394531
1356.303711	46384.265625
1355.219727	45665.250000
1354.135742	45715.281250
1353.050781	45243.148438
1351.966797	44928.023438
1350.881836	44749.660156
1349.796875	43662.015625
1348.711914	43848.957031
1347.626953	43841.039063
1346.541016	43461.523438
1345.455078	43939.355469
1344.369141	43653.941406
1343.283203	43245.574219
1342.197266	43380.929688
1341.110352	42921.312500
1340.023438	42768.214844
1338.936523	43352.957031
1337.849609	43083.593750
1336.762695	43344.000000
1335.674805	43405.441406
1334.586914	42803.324219
1333.499023	43508.144531
1332.411133	43471.250000
1331.323242	43970.261719
1330.234375	43556.003906
1329.145508	43809.285156
1328.056641	44120.500000
1326.967773	43527.929688
1325.878906	44610.964844
1324.789063	44491.375000
1323.699219	44249.175781
1322.609375	44965.820313
1321.519531	45069.156250
1320.429688	45437.683594
1319.338867	45712.484375
1318.248047	46749.179688
1317.157227	46863.246094
1316.066406	47634.312500
1314.975586	47634.605469
1313.883789	48752.574219
1312.791992	48358.648438
1311.700195	49079.914063
1310.608398	48247.695313
1309.516602	48639.437500
1308.423828	48087.878906
1307.331055	47567.648438
1306.238281	46974.226563
1305.145508	46879.023438
1304.051758	47083.929688
1302.958984	46670.929688
1301.865234	46580.269531
1300.771484	46467.421875
1299.677734	46281.312500
1298.583008	47314.500000
1297.489258	47112.757813
1296.394531	47650.351563
1295.299805	47635.066406
1294.204102	47832.832031
1293.109375	47828.609375
1292.013672	47558.175781
1290.917969	47664.898438
1289.822266	47221.617188
1288.726563	47563.382813
1287.630859	46971.753906
1286.534180	46874.589844
1285.437500	46469.433594
1284.340820	46328.082031
1283.244141	45513.359375
1282.146484	45113.097656
1281.048828	45093.851563
1279.951172	45251.730469
1278.853516	45208.113281
1277.755859	44533.753906
1276.658203	44704.917969
1275.559570	44564.074219
1274.460938	43980.882813
1273.362305	44337.820313
1272.262695	44343.050781
1271.164063	43658.515625
1270.064453	43635.128906
1268.964844	43757.605469
1267.865234	43296.710938
1266.765625	43235.839844
1265.665039	43276.593750
1264.564453	42804.984375
1263.463867	42947.367188
1262.363281	42575.328125
1261.262695	42834.675781
1260.161133	42370.101563
1259.059570	42823.550781
1257.958008	42562.097656
1256.856445	42188.250000
1255.754883	42368.035156
1254.652344	42364.757813
1253.549805	42213.789063
1252.447266	41917.410156
1251.344727	41967.093750
1250.242188	42018.964844
1249.138672	42011.339844
1248.035156	41757.050781
1246.931641	41639.371094
1245.828125	41964.253906
1244.724609	42020.468750
1243.620117	41997.437500
1242.515625	41584.941406
1241.411133	41968.988281
1240.306641	42047.152344
1239.201172	42268.234375
1238.096680	42034.082031
1236.991211	41762.644531
1235.885742	41799.019531
1234.779297	42063.929688
1233.673828	41953.023438
1232.567383	41908.058594
1231.460938	41762.070313
1230.354492	42235.406250
1229.248047	42069.652344
1228.140625	42204.695313
1227.033203	41621.992188
1225.926758	42121.335938
1224.818359	41894.281250
1223.710938	42360.484375
1222.602539	42339.628906
1221.495117	41871.445313
1220.386719	41962.496094
1219.278320	41779.507813
1218.168945	41600.968750
1217.060547	41681.054688
1215.951172	41579.273438
1214.841797	41554.191406
1213.731445	41189.664063
1212.622070	41234.726563
1211.511719	41472.417969
1210.402344	41537.109375
1209.291992	41603.960938
1208.180664	41749.554688
1207.070313	41271.625000
1205.958984	42042.769531
1204.847656	41683.042969
1203.736328	42108.371094
1202.625000	41888.667969
1201.512695	42320.359375
1200.401367	42144.394531
1199.289063	42772.515625
1198.176758	42417.406250
1197.063477	42457.734375
1195.951172	42786.289063
1194.837891	43125.640625
1193.724609	42978.089844
1192.611328	42824.042969
1191.498047	42938.441406
1190.383789	42908.808594
1189.269531	42942.441406
1188.155273	43191.964844
1187.041016	42521.238281
1185.926758	42520.039063
1184.811523	42335.742188
1183.696289	42545.960938
1182.581055	42490.277344
1181.465820	41992.378906
1180.350586	41954.238281
1179.234375	42077.257813
1178.118164	41925.894531
1177.001953	41772.402344
1175.885742	41834.441406
1174.768555	41711.488281
1173.652344	41421.046875
1172.535156	41689.761719
1171.417969	41281.984375
1170.299805	41159.210938
1169.182617	41101.703125
1168.064453	41185.511719
1166.946289	41260.589844
1165.828125	40759.816406
1164.709961	41267.277344
1163.590820	41157.664063
1162.471680	40694.093750
1161.352539	40599.820313
1160.233398	40857.273438
1159.114258	40919.281250
1157.994141	40699.144531
1156.874023	41054.074219
1155.753906	41389.347656
1154.633789	41021.750000
1153.513672	41474.003906
1152.392578	40789.968750
1151.271484	40938.609375
1150.150391	40729.574219
1149.029297	41094.867188
1147.907227	41551.019531
1146.786133	41164.355469
1145.664063	41026.894531
1144.541992	41370.203125
1143.418945	40795.421875
1142.296875	41554.253906
1141.173828	41708.984375
1140.050781	41588.851563
1138.927734	42234.621094
1137.803711	41844.050781
1136.680664	41788.835938
1135.556641	42057.976563
1134.432617	41682.781250
1133.308594	41945.351563
1132.183594	41831.800781
1131.059570	41830.644531
1129.934570	42002.308594
1128.809570	42096.152344
1127.684570	42170.523438
1126.558594	41692.140625
1125.432617	42159.437500
1124.307617	42132.312500
1123.180664	41427.609375
1122.054688	41633.636719
1120.928711	41915.085938
1119.801758	41894.484375
1118.674805	41513.785156
1117.547852	41585.968750
1116.419922	41625.789063
1115.292969	41288.445313
1114.165039	41711.851563
1113.037109	41768.859375
1111.909180	41414.433594
1110.780273	41460.703125
1109.652344	42081.851563
1108.523438	41477.835938
1107.394531	41713.472656
1106.264648	41759.648438
1105.135742	41347.507813
1104.005859	41505.589844
1102.875977	41237.750000
1101.746094	41458.156250
1100.616211	41435.523438
1099.485352	41617.113281
1098.355469	41613.796875
1097.224609	41513.785156
1096.092773	41787.640625
1094.961914	41679.035156
1093.830078	41293.417969
1092.699219	41356.722656
1091.567383	41104.410156
1090.434570	41403.835938
1089.302734	41203.109375
1088.169922	41118.324219
1087.037109	41389.687500
1085.904297	41135.445313
1084.771484	40949.921875
1083.637695	41088.226563
1082.504883	41271.496094
1081.371094	41418.261719
1080.236328	41097.804688
1079.102539	41343.105469
1077.968750	41309.828125
1076.833984	41627.816406
1075.699219	41436.031250
1074.564453	41492.671875
1073.428711	41868.242188
1072.292969	41520.277344
1071.158203	41861.464844
1070.022461	41721.152344
1068.885742	41854.683594
1067.750000	41549.742188
1066.613281	41909.910156
1065.476563	42002.710938
1064.339844	41614.542969
1063.203125	42081.351563
1062.065430	42054.410156
1060.927734	42031.746094
1059.790039	42028.316406
1058.652344	41704.554688
1057.514648	41848.503906
1056.375977	41710.613281
1055.237305	41542.890625
1054.098633	41513.933594
1052.959961	41630.066406
1051.820313	41705.628906
1050.681641	41751.300781
1049.541992	41959.015625
1048.402344	42057.917969
1047.261719	41975.597656
1046.122070	41886.914063
1044.981445	41853.660156
1043.840820	41799.113281
1042.700195	41949.066406
1041.558594	41702.851563
1040.417969	41767.593750
1039.276367	41849.343750
1038.134766	42024.710938
1036.992188	41780.781250
1035.850586	41860.351563
1034.708008	41744.175781
1033.565430	41664.199219
1032.422852	41690.574219
1031.280273	41295.964844
1030.136719	41709.281250
1028.994141	41703.750000
1027.850586	41857.589844
1026.706055	41847.781250
1025.562500	41693.527344
1024.417969	41575.433594
1023.273438	41529.578125
1022.128906	41466.750000
1020.984375	41287.203125
1019.839844	42198.546875
1018.694336	41745.207031
1017.548828	42015.449219
1016.403320	41988.644531
1015.256836	42292.667969
1014.111328	41839.636719
1012.964844	41732.312500
1011.818359	41892.085938
1010.671875	42079.347656
1009.524414	41794.062500
1008.377930	41786.378906
1007.230469	42168.402344
1006.083008	42014.539063
1004.934570	42176.191406
1003.787109	42519.824219
1002.638672	42755.390625
1001.490234	42684.050781
1000.341797	43503.406250
999.193359	43450.988281
998.043945	43796.175781
996.894531	43390.605469
995.745117	43503.128906
994.595703	43875.585938
993.446289	43736.492188
992.295898	43405.175781
991.145508	44202.054688
989.995117	43401.878906
988.844727	43448.800781
987.693359	43352.128906
986.541992	43686.128906
985.390625	43578.894531
984.239258	43813.542969
983.087891	43830.796875
981.935547	43835.386719
980.783203	43987.605469
979.630859	43707.496094
978.478516	43857.566406
977.325195	43835.171875
976.172852	43812.796875
975.019531	43790.402344
973.865234	43767.988281
972.711914	43745.593750
971.557617	43451.136719
970.404297	43356.808594
969.250000	43776.164063
968.094727	43494.484375
966.940430	43610.632813
965.785156	43518.437500
964.629883	43733.402344
963.474609	43632.804688
962.319336	43355.605469
961.163086	43824.867188
960.007813	44165.730469
958.851563	44126.066406
957.694336	44201.984375
956.538086	43748.457031
955.380859	43942.039063
954.223633	43938.140625
953.066406	43969.933594
951.909180	43737.203125
950.751953	44102.750000
949.593750	44006.480469
948.435547	44063.410156
947.277344	43862.289063
946.118164	43898.246094
944.959961	44051.621094
943.800781	43963.828125
942.641602	44012.316406
941.482422	44023.062500
940.322266	43861.972656
939.162109	44117.859375
938.001953	43734.773438
936.841797	43908.910156
935.681641	44627.394531
934.520508	44146.027344
933.360352	44119.042969
932.198242	44192.515625
931.037109	44464.738281
929.875977	44615.523438
928.713867	44573.824219
927.551758	44214.273438
926.389648	44323.199219
925.227539	44344.281250
924.064453	44887.867188
922.901367	44913.015625
921.738281	44633.117188
920.575195	45274.519531
919.412109	44756.566406
918.248047	44748.300781
917.083984	45034.406250
915.919922	45322.492188
914.755859	45775.339844
913.590820	45773.144531
912.426758	45768.863281
911.261719	46096.218750
910.095703	46573.605469
908.930664	46667.167969
907.764648	46990.003906
906.598633	46668.683594
905.432617	46858.027344
904.266602	46876.453125
903.099609	47063.601563
901.933594	46413.425781
900.766602	46869.207031
899.599609	46387.941406
898.431641	45933.910156
897.264648	46279.218750
896.096680	46210.320313
894.928711	46214.261719
893.759766	45960.273438
892.591797	46423.851563
891.422852	45949.511719
890.253906	46236.214844
889.084961	45990.714844
887.916016	45639.324219
886.746094	46006.949219
885.576172	45821.863281
884.406250	46214.238281
883.236328	45715.621094
882.065430	45748.683594
880.895508	46095.183594
879.724609	46673.996094
878.552734	46657.058594
877.381836	46322.703125
876.209961	46907.371094
875.039063	46906.984375
873.866211	47194.812500
872.694336	47258.632813
871.522461	47467.523438
870.349609	47402.781250
869.176758	47286.261719
868.003906	47405.945313
866.830078	47674.707031
865.657227	47785.984375
864.483398	48038.011719
863.309570	48184.367188
862.135742	48800.480469
860.960938	48441.734375
859.786133	48900.328125
858.611328	49056.750000
857.436523	49068.343750
856.261719	49447.988281
855.085938	48671.835938
853.910156	48883.984375
852.734375	48494.675781
851.558594	48847.273438
850.382813	48784.511719
849.206055	48926.246094
848.029297	48636.328125
846.852539	49197.164063
845.674805	49202.496094
844.498047	48836.316406
843.320313	49380.289063
842.142578	49851.847656
840.963867	49910.675781
839.786133	50247.902344
838.607422	50525.203125
837.428711	51016.804688
836.250000	51551.507813
835.070313	51566.675781
833.891602	51126.472656
832.711914	51811.242188
831.532227	51562.703125
830.352539	50595.550781
829.171875	50176.433594
827.991211	49957.152344
826.810547	49488.906250
825.629883	49345.968750
824.449219	49322.406250
823.267578	48957.386719
822.085938	48699.445313
820.904297	48359.347656
819.722656	48500.449219
818.540039	48557.222656
817.357422	48034.425781
816.174805	48214.546875
814.992188	48041.246094
813.809570	48313.718750
812.625977	47865.277344
811.442383	47852.281250
810.258789	47831.078125
809.074219	48212.160156
807.890625	48133.433594
806.706055	48561.503906
805.521484	48148.375000
804.336914	48332.218750
803.151367	48725.144531
801.966797	48634.085938
800.781250	48425.906250
799.594727	48217.554688
798.409180	48009.375000
797.222656	47801.023438
796.037109	48009.253906
794.849609	47433.066406
793.663086	47459.058594
792.476563	47196.394531
791.289063	47111.890625
790.101563	47156.335938
788.914063	47071.867188
787.725586	46860.601563
786.538086	46403.984375
785.349609	47104.914063
784.161133	46803.796875
782.971680	46607.035156
781.783203	47054.113281
780.593750	46959.539063
779.404297	46548.343750
778.214844	46603.003906
777.024414	46494.269531
775.834961	46083.382813
774.644531	46236.082031
773.454102	46282.585938
772.262695	46488.242188
771.072266	46840.718750
769.880859	46574.976563
768.689453	46843.679688
767.497070	46675.910156
766.305664	46968.957031
765.113281	46866.445313
763.920898	47249.019531
762.728516	47382.855469
761.536133	47365.882813
760.342773	47727.773438
759.149414	47808.488281
757.956055	47946.183594
756.762695	48024.792969
755.568359	47903.902344
754.374023	48023.183594
753.179688	48050.859375
751.985352	48294.152344
750.791016	48578.023438
749.595703	48241.589844
748.400391	47695.867188
747.205078	47817.074219
746.009766	47570.382813
744.813477	47459.921875
743.617188	47384.035156
742.420898	47153.804688
741.224609	46950.058594
740.027344	46957.546875
738.830078	46518.425781
737.632813	46657.917969
736.435547	46671.542969
735.238281	46421.398438
734.040039	46329.574219
732.841797	45980.207031
731.643555	46515.074219
730.445313	46214.453125
729.246094	46343.671875
728.046875	46298.546875
726.847656	46125.785156
725.648438	46222.523438
724.449219	46185.542969
723.249023	46029.093750
722.048828	46251.328125
720.848633	45965.355469
719.647461	46110.601563
718.447266	45940.109375
717.246094	46380.695313
716.044922	46208.183594
714.842773	46322.933594
713.641602	46091.851563
712.439453	46303.617188
711.237305	46117.093750
710.035156	46272.183594
708.832031	46429.230469
707.629883	46911.476563
706.426758	47183.472656
705.223633	46867.703125
704.019531	46899.332031
702.815430	46531.242188
701.612305	46772.824219
700.408203	47280.683594
699.203125	47362.640625
697.999023	47242.847656
696.793945	47292.507813
695.588867	47368.363281
694.383789	47599.421875
693.177734	47707.437500
691.971680	48079.417969
690.766602	47887.074219
689.559570	48309.238281
688.353516	48104.832031
687.146484	48079.730469
685.939453	48189.535156
684.732422	47945.000000
683.525391	47831.375000
682.318359	47675.531250
681.110352	47364.828125
679.902344	47335.855469
678.693359	47606.558594
677.485352	47491.082031
676.276367	47602.824219
675.067383	47226.082031
673.858398	47361.945313
672.649414	47648.449219
671.439453	47452.707031
670.229492	47341.390625
669.019531	47549.417969
667.809570	47405.996094
666.598633	47120.101563
665.387695	47426.390625
664.176758	47192.765625
662.965820	47290.265625
661.754883	47006.605469
660.542969	46989.785156
659.331055	47319.859375
658.119141	46946.128906
656.906250	46887.230469
655.694336	46830.355469
654.481445	47172.226563
653.268555	47039.187500
652.054688	47368.871094
650.841797	46779.261719
649.627930	47705.511719
648.414063	47614.503906
647.200195	47493.503906
645.985352	48076.914063
644.770508	48287.980469
643.555664	48929.027344
642.340820	48765.863281
641.125977	49270.609375
639.910156	48855.542969
638.694336	48658.503906
637.478516	48391.585938
636.262695	48338.562500
635.045898	48331.496094
633.829102	47857.070313
632.612305	48277.433594
631.395508	48226.457031
630.177734	47724.359375
628.959961	47661.527344
627.742188	47263.480469
626.524414	47454.121094
625.306641	47459.187500
624.087891	47454.273438
622.869141	46934.929688
621.650391	47189.273438
620.430664	47559.125000
619.211914	47442.589844
617.992188	47274.296875
616.772461	47480.566406
615.551758	47011.582031
614.332031	47470.714844
613.111328	47573.300781
611.890625	47502.664063
610.669922	47396.230469
609.448242	47395.292969
608.226563	47579.371094
607.004883	46997.589844
605.783203	47259.226563
604.561523	47355.738281
603.338867	47342.871094
602.116211	47232.613281
600.893555	47700.671875
599.669922	47651.976563
598.447266	47339.101563
597.223633	47685.718750
596.000000	47563.574219
594.775391	47824.644531
593.551758	47500.054688
592.327148	47874.156250
591.102539	47763.964844
589.877930	47917.667969
588.652344	48112.960938
587.426758	48407.332031
586.201172	48427.976563
584.975586	48609.179688
583.750000	48604.007813
582.523438	48846.535156
581.296875	49564.464844
580.070313	49537.320313
578.842773	49385.410156
577.616211	49692.945313
576.388672	49386.640625
575.161133	49638.628906
573.932617	50139.878906
572.705078	49833.652344
571.476563	49873.738281
570.248047	50006.765625
569.018555	49417.949219
567.790039	49074.515625
566.560547	48942.726563
565.331055	49419.710938
564.101563	48827.484375
562.871094	48962.519531
561.641602	48832.816406
560.411133	48264.726563
559.179688	48283.289063
557.949219	48366.984375
556.717773	48113.132813
555.486328	47764.648438
554.254883	48136.453125
553.023438	47701.292969
551.791016	47804.734375
550.558594	48221.671875
549.326172	48131.757813
548.093750	47827.015625
546.860352	47770.710938
545.627930	47856.292969
544.393555	47740.898438
543.160156	48078.574219
541.926758	47854.859375
540.692383	47924.601563
539.458008	48250.234375
538.223633	47934.101563
536.988281	47840.453125
535.752930	47853.082031
534.517578	47999.464844
533.282227	48210.695313
532.046875	48408.078125
530.810547	47990.023438
529.574219	48338.722656
528.337891	48891.675781
527.101563	48577.902344
525.864258	48429.261719
524.626953	48563.515625
523.389648	48446.347656
522.152344	48584.468750
520.914063	48259.257813
519.675781	48479.789063
518.437500	48527.554688
517.199219	48367.332031
515.959961	49260.523438
514.721680	48757.011719
513.482422	48971.347656
512.242188	49115.023438
511.002930	48886.226563
509.762695	48688.871094
508.522461	48918.722656
507.282227	48885.984375
506.041016	48960.976563
504.800781	48352.519531
503.559570	48813.281250
502.318359	49019.390625
501.076172	48677.425781
499.833984	48998.925781
498.592773	48952.503906
497.349609	49058.664063
496.107422	48484.222656
494.864258	48897.406250
493.622070	48753.281250
492.377930	48581.847656
491.134766	48803.265625
489.891602	48751.062500
488.647461	48911.800781
487.403320	48912.328125
486.158203	49199.894531
484.914063	48940.703125
483.668945	49220.343750
482.423828	49425.718750
481.178711	49303.207031
479.932617	49590.417969
478.686523	49893.121094
477.440430	49832.988281
476.194336	49870.363281
474.948242	49771.265625
473.701172	50108.777344
472.454102	49756.343750
471.207031	50074.246094
469.958984	50356.960938
468.711914	50131.261719
467.463867	50602.730469
466.215820	50254.417969
464.966797	50342.234375
463.718750	50708.300781
462.469727	50846.582031
461.220703	51261.042969
459.970703	50805.953125
458.721680	51216.367188
457.471680	51362.214844
456.221680	51762.648438
454.970703	52021.050781
453.720703	51999.550781
452.469727	52405.453125
451.218750	52601.425781
449.966797	52647.789063
448.715820	53043.625000
447.463867	53115.117188
446.211914	53801.843750
444.959961	53494.757813
443.707031	54307.257813
442.454102	54452.160156
441.201172	54259.542969
439.948242	53876.964844
438.695313	53700.031250
437.441406	53317.703125
436.187500	52170.015625
434.933594	52243.449219
433.678711	51652.382813
432.424805	51379.183594
431.169922	51117.707031
429.914063	51319.058594
428.659180	50730.539063
427.403320	50860.273438
426.147461	50918.363281
424.891602	50900.972656
423.635742	50543.152344
422.378906	50608.992188
421.122070	50309.363281
419.865234	49998.250000
418.608398	50267.097656
417.350586	50041.128906
416.092773	50234.511719
414.834961	50450.996094
413.577148	50541.859375
412.318359	49798.496094
411.059570	50192.550781
409.800781	50318.148438
408.541992	50244.917969
407.282227	50547.968750
406.022461	50733.226563
404.762695	50272.261719
403.502930	50526.917969
402.242188	50301.386719
400.981445	50436.417969
