#Wave		#Intensity
2001.248047	38096.695313
2000.278320	38081.656250
1999.308594	37984.789063
1998.338867	38095.921875
1997.369141	38460.042969
1996.398438	38207.859375
1995.428711	38426.582031
1994.458008	37956.648438
1993.487305	38130.269531
1992.516602	38258.777344
1991.545898	38539.894531
1990.574219	38100.289063
1989.603516	38481.402344
1988.631836	38342.113281
1987.660156	38465.460938
1986.688477	38441.238281
1985.715820	38622.023438
1984.744141	38685.261719
1983.771484	39148.332031
1982.798828	38279.457031
1981.826172	38460.136719
1980.853516	38725.675781
1979.880859	38571.562500
1978.907227	38846.976563
1977.933594	38650.453125
1976.959961	38666.164063
1975.986328	38661.902344
1975.012695	38725.007813
1974.039063	38715.746094
1973.064453	38891.062500
1972.089844	39293.257813
1971.115234	38912.375000
1970.140625	39072.601563
1969.166016	38976.039063
1968.190430	39218.437500
1967.215820	39039.652344
1966.240234	39037.808594
1965.264648	38801.828125
1964.289063	39183.542969
1963.312500	38905.285156
1962.336914	38759.070313
1961.360352	39055.957031
1960.383789	39250.707031
1959.407227	39539.937500
1958.430664	39227.023438
1957.454102	39361.941406
1956.476563	39263.039063
1955.499023	39375.519531
1954.521484	39622.207031
1953.543945	39831.519531
1952.566406	39481.597656
1951.587891	39656.074219
1950.610352	39455.359375
1949.631836	39900.515625
1948.653320	39344.699219
1947.674805	39625.839844
1946.696289	40011.144531
1945.716797	39852.734375
1944.737305	39744.007813
1943.758789	40109.238281
1942.779297	39804.519531
1941.798828	40189.449219
1940.819336	40073.296875
1939.838867	40088.593750
1938.859375	39908.039063
1937.878906	40238.144531
1936.898438	40117.101563
1935.916992	40362.808594
1934.936523	39810.726563
1933.955078	40242.164063
1932.974609	40061.765625
1931.993164	40376.632813
1931.010742	40146.753906
1930.029297	40050.617188
1929.047852	40013.902344
1928.065430	40474.535156
1927.083008	40435.285156
1926.100586	40900.625000
1925.118164	40524.980469
1924.135742	40992.613281
1923.152344	40508.308594
1922.168945	40553.113281
1921.185547	40812.902344
1920.202148	40274.523438
1919.218750	40845.535156
1918.235352	40255.464844
1917.250977	41011.492188
1916.266602	40767.269531
1915.282227	40589.785156
1914.297852	40609.820313
1913.313477	40839.609375
1912.328125	41168.011719
1911.343750	40775.949219
1910.358398	41331.164063
1909.373047	40855.363281
1908.387695	41008.464844
1907.401367	41025.921875
1906.416016	41193.726563
1905.429688	41432.937500
1904.443359	40856.503906
1903.457031	40829.632813
1902.470703	41320.003906
1901.483398	41280.742188
1900.497070	40800.761719
1899.509766	41453.351563
1898.522461	41409.156250
1897.535156	41224.707031
1896.546875	41559.476563
1895.559570	41035.578125
1894.571289	41586.703125
1893.583008	41468.742188
1892.594727	41444.253906
1891.606445	41884.390625
1890.618164	41827.878906
1889.628906	41850.027344
1888.639648	41825.480469
1887.650391	41321.910156
1886.661133	41486.585938
1885.671875	41990.089844
1884.682617	42193.871094
1883.692383	41499.105469
1882.702148	41759.347656
1881.711914	42044.039063
1880.721680	42193.683594
1879.731445	42068.523438
1878.740234	42002.269531
1877.749023	42142.027344
1876.757813	42178.757813
1875.766602	42156.640625
1874.775391	42465.410156
1873.784180	42536.367188
1872.791992	42305.933594
1871.799805	42065.781250
1870.807617	42447.820313
1869.815430	42440.359375
1868.823242	42846.679688
1867.830078	42743.679688
1866.837891	42770.433594
1865.844727	42403.195313
1864.851563	42562.113281
1863.858398	42919.121094
1862.864258	42637.648438
1861.871094	42801.328125
1860.876953	42771.800781
1859.882813	42830.281250
1858.888672	42883.851563
1857.894531	42993.609375
1856.899414	43152.187500
1855.905273	43330.253906
1854.910156	43244.476563
1853.915039	43241.757813
1852.919922	43348.902344
1851.923828	43517.035156
1850.928711	43353.179688
1849.932617	43416.320313
1848.936523	43459.917969
1847.940430	43937.707031
1846.944336	43381.218750
1845.947266	43907.617188
1844.951172	43699.968750
1843.954102	43960.421875
1842.957031	44020.929688
1841.959961	43903.527344
1840.962891	43934.781250
1839.964844	43834.484375
1838.966797	44136.078125
1837.969727	44252.500000
1836.970703	45023.796875
1835.972656	44076.265625
1834.974609	44392.199219
1833.975586	44637.453125
1832.976563	45067.519531
1831.978516	44573.085938
1830.978516	44584.695313
1829.979492	45262.570313
1828.980469	44970.148438
1827.980469	44991.398438
1826.980469	45114.714844
1825.980469	45075.179688
1824.980469	45098.824219
1823.979492	45260.917969
1822.979492	45942.679688
1821.978516	45798.605469
1820.977539	45916.785156
1819.976563	45500.898438
1818.975586	45864.203125
1817.973633	45637.738281
1816.972656	45707.332031
1815.970703	45592.546875
1814.968750	46207.796875
1813.966797	45986.273438
1812.963867	46327.277344
1811.961914	46149.437500
1810.958984	46497.558594
1809.956055	46310.054688
1808.953125	46907.558594
1807.950195	46470.554688
1806.946289	46421.191406
1805.943359	46696.308594
1804.939453	46968.906250
1803.935547	47176.050781
1802.930664	46986.226563
1801.926758	46965.843750
1800.922852	46906.757813
1799.917969	47435.464844
1798.913086	47335.199219
1797.908203	47667.785156
1796.903320	47468.390625
1795.897461	47370.585938
1794.891602	47318.730469
1793.886719	47738.058594
1792.880859	48111.339844
1791.874023	48131.835938
1790.868164	47843.207031
1789.862305	48037.589844
1788.855469	48159.476563
1787.848633	48578.203125
1786.841797	48545.500000
1785.833984	48464.546875
1784.827148	48911.941406
1783.819336	48659.695313
1782.812500	48728.277344
1781.804688	49129.574219
1780.795898	49046.167969
1779.788086	48996.535156
1778.779297	48681.832031
1777.771484	48812.984375
1776.762695	49469.253906
1775.753906	49243.746094
1774.744141	49109.828125
1773.735352	49291.367188
1772.725586	49826.718750
1771.715820	49622.960938
1770.706055	49626.226563
1769.696289	49819.570313
1768.686523	49923.835938
1767.675781	50100.214844
1766.666016	50495.367188
1765.655273	50224.375000
1764.644531	50691.476563
1763.632813	50882.011719
1762.622070	50649.535156
1761.610352	50594.933594
1760.598633	50907.894531
1759.586914	50884.484375
1758.575195	51163.656250
1757.563477	51392.308594
1756.550781	50994.339844
1755.538086	50848.523438
1754.525391	51842.597656
1753.512695	51919.808594
1752.500000	51685.140625
1751.486328	51925.437500
1750.473633	51774.777344
1749.459961	52144.437500
1748.446289	52528.343750
1747.432617	51831.203125
1746.417969	52603.226563
1745.404297	52752.050781
1744.389648	52742.718750
1743.375000	52845.957031
1742.360352	53586.117188
1741.344727	53162.449219
1740.330078	53074.050781
1739.314453	53447.593750
1738.298828	53232.347656
1737.283203	54132.070313
1736.267578	54148.804688
1735.251953	54239.671875
1734.235352	54820.703125
1733.218750	55014.218750
1732.202148	55578.167969
1731.185547	55699.777344
1730.168945	56077.019531
1729.151367	56067.097656
1728.133789	56365.308594
1727.117188	56921.347656
1726.098633	57405.546875
1725.081055	57598.316406
1724.063477	57998.675781
1723.044922	58028.980469
1722.026367	58123.695313
1721.007813	58666.886719
1719.989258	58666.039063
1718.970703	59237.558594
1717.951172	60047.312500
1716.931641	59547.957031
1715.912109	59494.503906
1714.892578	59653.171875
1713.873047	59885.644531
1712.853516	59877.417969
1711.833008	59893.011719
1710.812500	60375.371094
1709.791992	59959.894531
1708.771484	59894.515625
1707.750000	59779.171875
1706.729492	59616.273438
1705.708008	60029.238281
1704.686523	59188.343750
1703.665039	59487.062500
1702.642578	59314.808594
1701.621094	59387.515625
1700.598633	58984.738281
1699.576172	59036.082031
1698.553711	59168.203125
1697.531250	58542.328125
1696.507813	58885.910156
1695.485352	58507.320313
1694.461914	58501.695313
1693.438477	58788.113281
1692.415039	58568.785156
1691.390625	57969.777344
1690.367188	58213.414063
1689.342773	58165.125000
1688.318359	57599.710938
1687.293945	57800.585938
1686.269531	58221.921875
1685.244141	58351.480469
1684.218750	57971.324219
1683.194336	58105.617188
1682.168945	58209.054688
1681.142578	58054.199219
1680.117188	58830.355469
1679.090820	57981.492188
1678.064453	58290.886719
1677.038086	57823.597656
1676.011719	58736.527344
1674.985352	58340.324219
1673.958008	58292.109375
1672.931641	58411.886719
1671.904297	58195.718750
1670.876953	58213.769531
1669.848633	58085.203125
1668.821289	58762.878906
1667.792969	59050.285156
1666.764648	58742.011719
1665.736328	59126.199219
1664.708008	58964.496094
1663.679688	59265.824219
1662.650391	59243.492188
1661.621094	59006.285156
1660.591797	59460.894531
1659.562500	59327.589844
1658.533203	59305.250000
1657.502930	59457.527344
1656.472656	59458.761719
1655.442383	59707.664063
1654.412109	59649.886719
1653.381836	59967.042969
1652.351563	60229.859375
1651.320313	59620.453125
1650.289063	60100.046875
1649.257813	60178.902344
1648.226563	60314.269531
1647.194336	60324.746094
1646.163086	60189.207031
1645.130859	60621.171875
1644.098633	60556.250000
1643.066406	61018.585938
1642.033203	60708.867188
1641.000977	60923.949219
1639.967773	61329.507813
1638.934570	60991.664063
1637.901367	61157.195313
1636.868164	61390.847656
1635.833984	61398.734375
1634.800781	62048.277344
1633.766602	61980.843750
1632.732422	61946.320313
1631.697266	62137.328125
1630.663086	62748.687500
1629.627930	62798.582031
1628.593750	62061.910156
1627.558594	63111.925781
1626.522461	62776.800781
1625.487305	63328.824219
1624.451172	63268.285156
1623.416016	63747.300781
1622.379883	64155.781250
1621.343750	64566.457031
1620.306641	65387.281250
1619.270508	66618.031250
1618.233398	67381.945313
1617.196289	68255.718750
1616.159180	70288.906250
1615.122070	70693.351563
1614.083984	73301.523438
1613.046875	74330.500000
1612.008789	75539.375000
1610.970703	76083.039063
1609.932617	76256.718750
1608.893555	76243.132813
1607.855469	75401.359375
1606.816406	74159.882813
1605.777344	72981.992188
1604.738281	71105.367188
1603.698242	69909.726563
1602.659180	69179.671875
1601.619141	68113.335938
1600.579102	67276.367188
1599.539063	66341.578125
1598.499023	66336.757813
1597.458008	65694.382813
1596.417969	65430.500000
1595.376953	64405.644531
1594.335938	64828.316406
1593.294922	64380.355469
1592.252930	64123.882813
1591.210938	64142.777344
1590.169922	64131.343750
1589.127930	63788.757813
1588.084961	63490.593750
1587.042969	63411.667969
1586.000000	63852.539063
1584.958008	63477.609375
1583.915039	63648.027344
1582.872070	63527.187500
1581.828125	63450.644531
1580.785156	63418.367188
1579.741211	64110.207031
1578.697266	63535.417969
1577.653320	64045.441406
1576.609375	63787.347656
1575.564453	64569.355469
1574.520508	64543.878906
1573.475586	64841.699219
1572.430664	65288.234375
1571.384766	65609.062500
1570.339844	65669.414063
1569.293945	65418.304688
1568.249023	65650.625000
1567.202148	65775.984375
1566.156250	65515.687500
1565.110352	65283.355469
1564.063477	65143.988281
1563.017578	64528.722656
1561.970703	64292.039063
1560.922852	63783.898438
1559.875977	64064.882813
1558.829102	63568.558594
1557.781250	63121.121094
1556.733398	63518.027344
1555.685547	63026.699219
1554.636719	63326.101563
1553.588867	62858.156250
1552.540039	61861.976563
1551.491211	62258.738281
1550.442383	62150.316406
1549.393555	61993.285156
1548.344727	61864.101563
1547.294922	61730.328125
1546.245117	61816.531250
1545.195313	61661.976563
1544.145508	61581.531250
1543.094727	61387.734375
1542.044922	60840.054688
1540.994141	61469.878906
1539.943359	60933.937500
1538.892578	61297.617188
1537.840820	60847.425781
1536.790039	60568.433594
1535.738281	61130.714844
1534.686523	60678.480469
1533.634766	61182.781250
1532.583008	60522.820313
1531.530273	60507.378906
1530.477539	60171.011719
1529.424805	60571.152344
1528.372070	60126.410156
1527.319336	59806.437500
1526.265625	60340.242188
1525.212891	59842.714844
1524.159180	59622.128906
1523.105469	60291.722656
1522.051758	60006.578125
1520.997070	59686.953125
1519.942383	59692.406250
1518.888672	59603.378906
1517.833984	58915.367188
1516.778320	59556.710938
1515.723633	59437.808594
1514.667969	59397.234375
1513.612305	59734.242188
1512.556641	59389.785156
1511.500977	59259.480469
1510.445313	59444.457031
1509.388672	59417.710938
1508.332031	59759.003906
1507.275391	59387.238281
1506.218750	59463.984375
1505.162109	58940.667969
1504.104492	59210.535156
1503.047852	59117.199219
1501.990234	59563.859375
1500.931641	59318.867188
1499.874023	58876.421875
1498.816406	59217.242188
1497.757813	59369.656250
1496.699219	59182.253906
1495.640625	58985.734375
1494.582031	58848.949219
1493.522461	58634.203125
1492.462891	58807.218750
1491.403320	58753.101563
1490.343750	58921.441406
1489.284180	58516.523438
1488.224609	58579.394531
1487.164063	58772.878906
1486.103516	58741.722656
1485.042969	58213.394531
1483.982422	58603.835938
1482.920898	58270.394531
1481.860352	58640.074219
1480.798828	58457.847656
1479.737305	58509.171875
1478.675781	58613.113281
1477.613281	58321.148438
1476.550781	58573.792969
1475.489258	58430.617188
1474.426758	58424.710938
1473.363281	58958.449219
1472.300781	59002.742188
1471.237305	58420.707031
1470.174805	58245.679688
1469.111328	58635.101563
1468.046875	58930.718750
1466.983398	58447.320313
1465.919922	59080.855469
1464.855469	58889.867188
1463.791016	58655.574219
1462.726563	59117.531250
1461.661133	58725.808594
1460.596680	59135.101563
1459.531250	59336.648438
1458.465820	59207.390625
1457.400391	59522.871094
1456.334961	59804.035156
1455.268555	59474.148438
1454.202148	59591.109375
1453.135742	59605.476563
1452.069336	59970.714844
1451.002930	59420.054688
1449.935547	59867.183594
1448.869141	59833.660156
1447.801758	60052.871094
1446.734375	60388.097656
1445.666016	60008.542969
1444.598633	60175.257813
1443.530273	60533.023438
1442.461914	60747.351563
1441.393555	60831.960938
1440.325195	61394.062500
1439.256836	61073.832031
1438.187500	61640.230469
1437.118164	61722.335938
1436.048828	62374.757813
1434.979492	62299.933594
1433.909180	62311.453125
1432.839844	62668.167969
1431.769531	63065.625000
1430.699219	63136.015625
1429.627930	63528.699219
1428.557617	63335.722656
1427.486328	63973.281250
1426.416016	63458.144531
1425.343750	63487.562500
1424.272461	63349.148438
1423.201172	63262.933594
1422.128906	63707.222656
1421.056641	63246.980469
1419.984375	62841.289063
1418.912109	63095.082031
1417.839844	62741.660156
1416.766602	63011.230469
1415.693359	62546.984375
1414.620117	63348.558594
1413.546875	62655.777344
1412.473633	63622.261719
1411.399414	63069.972656
1410.325195	63072.199219
1409.250977	63085.734375
1408.176758	63513.148438
1407.102539	63614.785156
1406.027344	63603.332031
1404.952148	63958.082031
1403.876953	64079.914063
1402.801758	64118.093750
1401.726563	63995.843750
1400.650391	64246.351563
1399.574219	64320.605469
1398.498047	63615.804688
1397.421875	63821.082031
1396.345703	64159.457031
1395.268555	64626.351563
1394.191406	64292.042969
1393.114258	64488.015625
1392.037109	64636.550781
1390.959961	65592.382813
1389.881836	65488.125000
1388.804688	66134.609375
1387.726563	65426.210938
1386.647461	66358.671875
1385.569336	66380.507813
1384.491211	66305.476563
1383.412109	67286.812500
1382.333008	66837.812500
1381.253906	67834.453125
1380.173828	67556.593750
1379.094727	68149.867188
1378.014648	67946.304688
1376.934570	67850.804688
1375.854492	67579.882813
1374.773438	67484.484375
1373.693359	67591.492188
1372.612305	67394.945313
1371.531250	66953.445313
1370.450195	66829.000000
1369.369141	66421.460938
1368.287109	66418.468750
1367.205078	65932.531250
1366.123047	65866.734375
1365.041016	65850.367188
1363.958984	65667.859375
1362.875977	65207.085938
1361.793945	64881.128906
1360.710938	64945.710938
1359.626953	64577.289063
1358.543945	64729.378906
1357.460938	64791.703125
1356.376953	64575.968750
1355.292969	64315.472656
1354.208984	63965.414063
1353.124023	63682.707031
1352.040039	63745.152344
1350.955078	63500.664063
1349.870117	63789.335938
1348.785156	63531.484375
1347.700195	63734.957031
1346.614258	63398.855469
1345.528320	63259.832031
1344.442383	63505.753906
1343.356445	62773.855469
1342.270508	63127.144531
1341.183594	62916.687500
1340.096680	63108.816406
1339.009766	63607.167969
1337.922852	63796.859375
1336.835938	63447.859375
1335.748047	63673.257813
1334.661133	63105.453125
1333.573242	63672.589844
1332.484375	63520.386719
1331.396484	63897.437500
1330.307617	63747.476563
1329.219727	63414.531250
1328.130859	63719.972656
1327.041992	63253.269531
1325.952148	63250.757813
1324.863281	63772.417969
1323.773438	63381.773438
1322.683594	63513.015625
1321.593750	63606.308594
1320.502930	63474.449219
1319.413086	63422.859375
1318.322266	63694.359375
1317.231445	63489.035156
1316.140625	63493.144531
1315.048828	63924.808594
1313.958008	63525.839844
1312.866211	63935.078125
1311.774414	63589.664063
1310.682617	63883.023438
1309.589844	64145.125000
1308.498047	64169.113281
1307.405273	64157.503906
1306.312500	64237.066406
1305.218750	64163.191406
1304.125977	64109.347656
1303.032227	64508.898438
1301.939453	65006.074219
1300.845703	64718.824219
1299.750977	64593.828125
1298.657227	65343.886719
1297.562500	65716.195313
1296.467773	65795.320313
1295.373047	65732.359375
1294.278320	65982.328125
1293.183594	66445.210938
1292.087891	66262.359375
1290.992188	66354.609375
1289.896484	67014.531250
1288.800781	66443.656250
1287.704102	67285.101563
1286.608398	67288.429688
1285.511719	66633.593750
1284.415039	66464.218750
1283.317383	66469.898438
1282.220703	65762.406250
1281.123047	66231.015625
1280.025391	65884.703125
1278.927734	65153.339844
1277.830078	64687.824219
1276.731445	64808.871094
1275.633789	64332.519531
1274.535156	64586.300781
1273.436523	64337.953125
1272.336914	63846.460938
1271.238281	63863.625000
1270.138672	63436.492188
1269.039063	63626.105469
1267.939453	62790.386719
1266.839844	62980.039063
1265.739258	62703.562500
1264.638672	62586.191406
1263.538086	62426.902344
1262.437500	62408.960938
1261.336914	61918.679688
1260.235352	61772.832031
1259.134766	61413.019531
1258.033203	61421.730469
1256.930664	61472.347656
1255.829102	60764.351563
1254.726563	61375.082031
1253.625000	60698.218750
1252.522461	60618.878906
1251.418945	60506.515625
1250.316406	60275.214844
1249.212891	60442.703125
1248.110352	60392.089844
1247.006836	60121.292969
1245.902344	60196.242188
1244.798828	59896.960938
1243.694336	59599.980469
1242.589844	59556.156250
1241.485352	59648.746094
1240.380859	59208.992188
1239.276367	59233.429688
1238.170898	59062.160156
1237.065430	58803.015625
1235.959961	59201.164063
1234.854492	58948.675781
1233.748047	58839.097656
1232.642578	58720.765625
1231.536133	59065.917969
1230.429688	58664.296875
1229.322266	58559.230469
1228.215820	59066.660156
1227.108398	58357.980469
1226.000977	58307.875000
1224.893555	58167.835938
1223.786133	58168.230469
1222.677734	58324.347656
1221.569336	58449.703125
1220.460938	58075.136719
1219.352539	58047.042969
1218.244141	58494.542969
1217.134766	58475.144531
1216.025391	57943.097656
1214.916016	57928.183594
1213.806641	57987.730469
1212.697266	58634.078125
1211.586914	58220.597656
1210.476563	58444.214844
1209.366211	57947.753906
1208.255859	58315.746094
1207.145508	58064.500000
1206.034180	58578.878906
1204.922852	58098.050781
1203.811523	58435.128906
1202.700195	58575.335938
1201.587891	58680.519531
1200.476563	58750.695313
1199.364258	58379.503906
1198.251953	58635.386719
1197.138672	59347.644531
1196.026367	59140.312500
1194.913086	59035.667969
1193.799805	59417.839844
1192.686523	59489.960938
1191.573242	59620.968750
1190.458984	59664.656250
1189.344727	59658.156250
1188.230469	60172.890625
1187.116211	59553.578125
1186.001953	60024.535156
1184.886719	59712.808594
1183.772461	59669.246094
1182.657227	59773.859375
1181.541016	59643.156250
1180.425781	59373.097656
1179.309570	59181.535156
1178.193359	59290.507813
1177.077148	59530.050781
1175.960938	59645.445313
1174.844727	59325.570313
1173.727539	59151.578125
1172.610352	59364.863281
1171.493164	59464.964844
1170.375977	58610.406250
1169.257813	59010.640625
1168.139648	58786.859375
1167.022461	58734.851563
1165.903320	59108.757813
1164.785156	58600.468750
1163.666992	58283.511719
1162.547852	58520.464844
1161.428711	58885.445313
1160.309570	58568.601563
1159.189453	58303.964844
1158.070313	58692.648438
1156.950195	58274.023438
1155.830078	58404.406250
1154.709961	58322.179688
1153.588867	58419.972656
1152.468750	57962.664063
1151.347656	57507.691406
1150.226563	57854.824219
1149.104492	58058.804688
1147.983398	57952.878906
1146.861328	58005.128906
1145.739258	58068.183594
1144.617188	58250.308594
1143.495117	58570.933594
1142.372070	59220.460938
1141.250000	59744.222656
1140.126953	59371.953125
1139.003906	59692.128906
1137.879883	59566.589844
1136.756836	59808.746094
1135.632813	59960.000000
1134.508789	59501.542969
1133.384766	59555.523438
1132.259766	59501.429688
1131.135742	59849.238281
1130.010742	59855.593750
1128.885742	59129.730469
1127.759766	59950.343750
1126.634766	60312.921875
1125.508789	59501.019531
1124.382813	59880.808594
1123.256836	59395.121094
1122.130859	59021.804688
1121.003906	59679.738281
1119.877930	59060.628906
1118.750977	59103.746094
1117.624023	58965.742188
1116.496094	58957.125000
1115.369141	58502.382813
1114.241211	58383.949219
1113.113281	58177.230469
1111.985352	58573.699219
1110.856445	58640.523438
1109.728516	58610.425781
1108.599609	58515.750000
1107.470703	58791.324219
1106.340820	58335.101563
1105.211914	58169.519531
1104.082031	58662.273438
1102.952148	58627.886719
1101.822266	58836.511719
1100.692383	58099.027344
1099.561523	58503.285156
1098.431641	58819.277344
1097.300781	59481.117188
1096.169922	58447.554688
1095.038086	58232.792969
1093.907227	58181.332031
1092.775391	58359.648438
1091.643555	58239.476563
1090.511719	58082.855469
1089.378906	58185.972656
1088.246094	57859.898438
1087.114258	57529.652344
1085.980469	57999.589844
1084.847656	57502.160156
1083.714844	57624.570313
1082.581055	57616.164063
1081.447266	57492.019531
1080.313477	57704.363281
1079.179688	57809.496094
1078.044922	57528.992188
1076.910156	57379.242188
1075.775391	57632.128906
1074.640625	57750.035156
1073.505859	57390.531250
1072.370117	57412.125000
1071.234375	57452.964844
1070.098633	57267.003906
1068.962891	57545.285156
1067.826172	57633.121094
1066.690430	57284.714844
1065.553711	57590.625000
1064.416992	57569.382813
1063.279297	57590.890625
1062.142578	57315.382813
1061.004883	57362.558594
1059.867188	58012.050781
1058.729492	57514.511719
1057.590820	57491.156250
1056.453125	57544.660156
1055.314453	57406.050781
1054.175781	58251.250000
1053.037109	57453.273438
1051.897461	57547.265625
1050.757813	57080.292969
1049.618164	57425.937500
1048.478516	57656.324219
1047.338867	57630.828125
1046.199219	57415.660156
1045.058594	57618.214844
1043.917969	57643.859375
1042.777344	57641.804688
1041.635742	57130.757813
1040.495117	57326.816406
1039.353516	56952.253906
1038.211914	56835.378906
1037.069336	57295.261719
1035.927734	56982.609375
1034.785156	57425.273438
1033.642578	57446.640625
1032.500000	57032.050781
1031.357422	56970.550781
1030.213867	56962.218750
1029.071289	56930.507813
1027.927734	57270.679688
1026.783203	57128.437500
1025.639648	56924.644531
1024.495117	57438.777344
1023.351563	57298.699219
1022.207031	57485.621094
1021.061523	57201.238281
1019.916992	57352.023438
1018.771484	57961.078125
1017.625977	57137.902344
1016.480469	57816.757813
1015.334961	57481.671875
1014.188477	57890.929688
1013.041992	57767.937500
1011.895508	57534.773438
1010.749023	57839.953125
1009.602539	56922.496094
1008.455078	57017.953125
1007.307617	57488.253906
1006.160156	57073.226563
1005.012695	57460.769531
1003.864258	57786.777344
1002.716797	57583.558594
1001.568359	58383.414063
1000.419922	57871.269531
999.270508	58550.203125
998.122070	58209.515625
996.972656	58382.773438
995.823242	58980.890625
994.673828	58219.679688
993.523438	58166.707031
992.373047	58418.007813
991.222656	58227.699219
990.072266	58278.238281
988.921875	58508.257813
987.771484	58343.363281
986.620117	58733.710938
985.468750	58503.402344
984.317383	58615.031250
983.165039	58298.320313
982.013672	58439.468750
980.861328	58808.339844
979.708984	58420.066406
978.555664	58238.542969
977.403320	58291.058594
976.250000	58647.031250
975.096680	58404.453125
973.943359	58505.355469
972.790039	58517.750000
971.635742	58637.542969
970.481445	58504.621094
969.327148	58260.175781
968.172852	58548.324219
967.018555	58217.671875
965.863281	58387.894531
964.708008	58665.332031
963.552734	58652.421875
962.397461	58513.343750
961.241211	58929.355469
960.084961	58651.539063
958.929688	58405.343750
957.772461	58800.128906
956.616211	58551.890625
955.458984	58803.664063
954.301758	58704.621094
953.144531	58658.101563
951.987305	58263.109375
950.830078	58852.671875
949.671875	58447.289063
948.513672	57935.050781
947.355469	57949.539063
946.196289	57699.750000
945.038086	57699.593750
943.878906	57699.437500
942.719727	57996.945313
941.560547	57793.429688
940.400391	58260.539063
939.241211	57430.613281
938.081055	57991.871094
936.919922	58209.453125
935.759766	57641.730469
934.599609	57756.707031
933.438477	57919.781250
932.277344	57844.218750
931.116211	58122.292969
929.954102	58149.222656
928.791992	58050.640625
927.630859	57665.597656
926.467773	58229.937500
925.305664	58447.046875
924.143555	58423.714844
922.980469	58644.886719
921.817383	58859.703125
920.654297	59107.859375
919.490234	58982.074219
918.327148	59109.000000
917.163086	59778.695313
915.999023	59527.605469
914.833984	60192.792969
913.669922	59539.003906
912.504883	60243.578125
911.339844	60390.972656
910.174805	61001.277344
909.008789	61006.687500
907.843750	60976.652344
906.677734	61061.261719
905.511719	61456.339844
904.345703	61413.730469
903.178711	61012.835938
902.011719	60391.312500
900.844727	59799.171875
899.677734	60075.433594
898.510742	60056.000000
897.342773	59830.535156
896.174805	59619.714844
895.006836	59398.566406
893.838867	59608.070313
892.670898	58850.445313
891.501953	59201.359375
890.333008	59367.117188
889.164063	59144.128906
887.994141	59270.347656
886.825195	59284.316406
885.655273	59225.570313
884.485352	59067.148438
883.315430	59467.386719
882.144531	59325.582031
880.973633	59563.703125
879.803711	59521.550781
878.631836	59439.984375
877.460938	59584.585938
876.289063	60245.628906
875.118164	60186.777344
873.945313	60710.605469
872.773438	60160.351563
871.601563	60167.871094
870.428711	60158.804688
869.255859	59838.941406
868.083008	60119.957031
866.910156	60137.820313
865.736328	59894.750000
864.562500	60718.050781
863.388672	60652.984375
862.214844	61152.964844
861.040039	60667.765625
859.866211	61459.269531
858.691406	61048.656250
857.516602	61310.343750
856.340820	60959.871094
855.166016	61099.496094
853.990234	60567.289063
852.814453	60498.203125
851.637695	60623.363281
850.461914	59926.261719
849.285156	60222.914063
848.108398	60789.972656
846.931641	60797.289063
845.754883	60567.199219
844.577148	61065.765625
843.399414	61621.921875
842.221680	61653.824219
841.043945	61953.875000
839.865234	62761.164063
838.687500	62846.437500
837.508789	63568.730469
836.329102	63798.105469
835.150391	64311.796875
833.970703	64295.750000
832.791992	64018.066406
831.611328	63600.425781
830.431641	62449.804688
829.251953	61923.476563
828.071289	61481.742188
826.890625	61083.390625
825.709961	60580.234375
824.528320	60280.953125
823.347656	59572.421875
822.166016	59398.886719
820.984375	59291.214844
819.801758	59255.539063
818.620117	58930.042969
817.437500	58487.519531
816.254883	58240.363281
815.072266	58301.453125
813.888672	58101.660156
812.706055	57497.375000
811.522461	57642.742188
810.338867	57968.707031
809.154297	57925.101563
807.970703	57863.039063
806.786133	57002.878906
805.601563	57306.144531
804.416992	57174.492188
803.231445	56903.445313
802.045898	56210.160156
800.861328	56279.660156
799.674805	56377.820313
798.489258	56523.070313
797.302734	55859.039063
796.117188	56184.578125
794.930664	55782.984375
793.743164	55766.472656
792.556641	55561.628906
791.369141	55469.429688
790.181641	55103.042969
788.994141	54816.589844
787.805664	55000.730469
786.618164	55317.742188
785.429688	54704.218750
784.241211	54961.875000
783.052734	54228.039063
781.863281	54994.566406
780.673828	54279.386719
779.484375	54312.191406
778.294922	54103.957031
777.105469	54120.437500
775.915039	53734.675781
774.724609	54002.312500
773.534180	53579.968750
772.343750	53484.289063
771.152344	54049.703125
769.960938	53998.843750
768.769531	53199.488281
767.578125	53797.257813
766.385742	53985.003906
765.194336	53599.890625
764.001953	54174.824219
762.808594	54193.265625
761.616211	53853.136719
760.422852	54446.027344
759.230469	54551.968750
758.037109	55122.109375
756.842773	54877.730469
755.649414	55144.320313
754.455078	55162.539063
753.260742	55390.312500
752.066406	55196.914063
750.871094	55206.968750
749.676758	55042.136719
748.481445	54379.257813
747.286133	54369.125000
746.089844	53920.007813
744.894531	53404.000000
743.698242	53442.804688
742.501953	54001.582031
741.304688	53075.613281
740.108398	52897.195313
738.911133	53015.226563
737.713867	52388.316406
736.516602	52348.109375
735.319336	52585.878906
734.121094	52176.449219
732.922852	52333.031250
731.724609	52317.187500
730.526367	51733.671875
729.327148	51604.425781
728.127930	51959.601563
726.928711	51797.937500
725.729492	51614.046875
724.530273	51576.058594
723.330078	51357.843750
722.129883	51751.191406
720.929688	51401.437500
719.728516	51549.718750
718.528320	50870.273438
717.327148	51255.316406
716.125977	51405.558594
714.923828	51432.367188
713.722656	51293.351563
712.520508	50691.402344
711.318359	51068.019531
710.116211	51303.027344
708.913086	51333.859375
707.710938	51013.156250
706.507813	50741.050781
705.304688	50897.171875
704.100586	51029.003906
702.897461	50676.289063
701.693359	50626.453125
700.489258	50742.113281
699.284180	50910.183594
698.080078	50616.242188
696.875000	50493.843750
695.669922	50790.910156
694.464844	50636.261719
693.258789	50564.312500
692.053711	50683.843750
690.847656	51016.917969
689.641602	51218.914063
688.434570	50675.574219
687.228516	50380.136719
686.021484	50831.800781
684.814453	50490.136719
683.607422	51102.625000
682.399414	50672.492188
681.191406	50681.125000
679.983398	50510.722656
678.775391	50561.613281
677.567383	50652.695313
676.358398	50765.859375
675.149414	50788.527344
673.940430	51166.898438
672.730469	51133.214844
671.521484	50741.949219
670.311523	51124.125000
669.101563	50827.386719
667.890625	50920.277344
666.680664	50182.046875
665.469727	50240.894531
664.258789	50745.203125
663.047852	50238.140625
661.835938	50092.332031
660.625000	49822.234375
659.413086	49658.507813
658.201172	49837.660156
656.988281	49756.171875
655.776367	49462.277344
654.563477	49553.199219
653.350586	49433.738281
652.136719	49532.640625
650.923828	49535.378906
649.709961	49313.867188
648.496094	49268.597656
647.282227	49301.398438
646.067383	48765.886719
644.852539	49220.910156
643.637695	48979.648438
642.422852	49060.468750
641.208008	48691.355469
639.992188	49036.085938
638.776367	48793.035156
637.560547	49097.648438
636.344727	48958.570313
635.127930	48637.753906
633.911133	48796.410156
632.694336	48857.156250
631.477539	48748.167969
630.259766	48908.703125
629.042969	48769.804688
627.825195	49010.089844
626.606445	48611.863281
625.388672	48708.464844
624.169922	48416.136719
622.951172	48096.000000
621.732422	48096.945313
620.513672	48303.187500
619.293945	48140.679688
618.074219	48314.953125
616.854492	48011.058594
615.634766	48117.570313
614.414063	48317.628906
613.193359	47880.507813
611.972656	48168.117188
610.751953	47770.988281
609.530273	47748.093750
608.309570	48055.453125
607.087891	48040.464844
605.866211	48218.386719
604.643555	47740.085938
603.420898	47739.074219
602.198242	47958.683594
600.975586	47896.023438
599.752930	47726.093750
598.529297	47842.277344
597.305664	47704.195313
596.082031	47776.648438
594.858398	47384.500000
593.633789	47893.679688
592.410156	47303.191406
591.185547	46945.078125
589.959961	47892.480469
588.735352	47716.867188
587.509766	47642.460938
586.284180	47790.144531
585.058594	47598.781250
583.832031	47397.582031
582.606445	47360.929688
581.379883	47867.156250
580.153320	47242.101563
578.925781	47419.386719
577.699219	47343.148438
576.471680	47631.210938
575.244141	47267.945313
574.015625	47644.964844
572.788086	47515.304688
571.559570	47377.781250
570.331055	47109.765625
569.101563	47338.207031
567.873047	47382.687500
566.643555	47215.628906
565.414063	47032.820313
564.184570	47490.320313
562.954102	46961.781250
561.724609	46937.144531
560.494141	47042.855469
559.263672	47075.468750
558.032227	47147.550781
556.800781	47118.937500
555.570313	46837.734375
554.337891	46858.511719
553.106445	46648.476563
551.874023	47320.148438
550.642578	46828.109375
549.409180	46750.285156
548.176758	46688.257813
546.944336	46890.347656
545.710938	46652.941406
544.477539	47111.070313
543.243164	46950.527344
542.009766	46701.417969
540.775391	46834.390625
539.541016	46620.828125
538.306641	46228.238281
537.071289	46609.167969
535.836914	46694.824219
534.601563	46483.410156
533.366211	46748.031250
532.129883	46815.910156
530.894531	46866.066406
529.658203	46699.980469
528.421875	46592.914063
527.184570	46709.886719
525.948242	46895.570313
524.710938	46531.210938
523.473633	47060.519531
522.235352	46686.449219
520.998047	46754.203125
519.759766	46331.257813
518.521484	46750.308594
517.283203	46380.492188
516.043945	46424.703125
514.804688	46794.460938
513.565430	46885.636719
512.326172	46586.640625
511.085938	46965.949219
509.846680	46596.500000
508.606445	46583.789063
507.366211	46686.660156
506.125000	46405.601563
504.883789	46571.125000
503.643555	46675.894531
502.401367	46514.394531
501.160156	46570.203125
499.917969	46935.152344
498.675781	46403.933594
497.433594	46802.027344
496.191406	46830.347656
494.948242	46756.976563
493.705078	47189.960938
492.461914	46962.140625
491.218750	46818.429688
489.975586	46932.675781
488.731445	46933.578125
487.487305	47036.039063
486.242188	46962.714844
484.998047	46643.417969
483.752930	47206.531250
482.507813	47273.726563
481.262695	47329.183594
480.016602	47195.382813
478.771484	47049.929688
477.525391	47148.292969
476.278320	47264.164063
475.032227	47479.410156
473.785156	47445.097656
472.538086	47989.546875
471.291016	47434.953125
470.043945	47924.652344
468.795898	47962.328125
467.547852	48200.550781
466.299805	48084.359375
465.051758	48320.519531
463.802734	48848.496094
462.553711	48905.410156
461.304688	49010.933594
460.055664	49587.101563
458.805664	49548.550781
457.555664	49482.792969
456.305664	49714.468750
455.055664	49817.785156
453.804688	50200.867188
452.553711	50313.761719
451.302734	50327.546875
450.051758	51046.285156
448.799805	51203.605469
447.548828	51572.464844
446.296875	51848.015625
445.043945	52736.679688
443.791992	52680.128906
442.539063	53056.179688
441.286133	52706.726563
440.033203	52254.632813
438.779297	51827.910156
437.526367	51197.820313
436.272461	50143.542969
435.017578	49521.757813
433.763672	49369.019531
432.508789	49258.945313
431.253906	48556.339844
429.999023	48241.226563
428.744141	47730.714844
427.488281	48350.683594
426.232422	47548.148438
424.976563	48007.328125
423.720703	47359.902344
422.463867	47760.925781
421.207031	47800.210938
419.950195	47941.937500
418.693359	47644.855469
417.435547	47705.390625
416.177734	47930.128906
414.919922	47492.191406
413.662109	48037.492188
412.403320	47574.593750
411.144531	47859.027344
409.885742	47774.667969
408.626953	47819.644531
407.367188	47569.378906
406.107422	47658.742188
404.847656	47888.875000
403.587891	47874.003906
402.327148	47542.925781
401.067383	47840.414063
