#Wave		#Intensity
2001.242188	33354.312500
2000.272461	33868.148438
1999.302734	33676.785156
1998.333008	33568.175781
1997.363281	33707.617188
1996.392578	33458.769531
1995.422852	33583.152344
1994.452148	33594.816406
1993.481445	33566.417969
1992.510742	33367.824219
1991.540039	33684.832031
1990.568359	33819.070313
1989.596680	34018.304688
1988.625977	33759.734375
1987.654297	33423.726563
1986.681641	33322.871094
1985.709961	33582.046875
1984.738281	33801.140625
1983.765625	33862.710938
1982.792969	33529.468750
1981.820313	33548.593750
1980.847656	34029.800781
1979.874023	33699.199219
1978.901367	33760.726563
1977.927734	33749.835938
1976.954102	33554.238281
1975.980469	33618.250000
1975.006836	33709.687500
1974.032227	33843.500000
1973.058594	33999.710938
1972.083984	34198.265625
1971.109375	33671.160156
1970.134766	33917.066406
1969.160156	34033.273438
1968.184570	33805.523438
1967.209961	34013.898438
1966.234375	33843.527344
1965.258789	34131.527344
1964.283203	34267.507813
1963.306641	33972.683594
1962.331055	34024.000000
1961.354492	33943.378906
1960.377930	34076.804688
1959.401367	34160.417969
1958.424805	33709.132813
1957.447266	34158.417969
1956.470703	33918.675781
1955.493164	34382.679688
1954.515625	34177.781250
1953.538086	34132.035156
1952.560547	33894.941406
1951.582031	34152.390625
1950.604492	34258.207031
1949.625977	34170.246094
1948.647461	34181.648438
1947.668945	34061.449219
1946.689453	34422.902344
1945.710938	34310.148438
1944.731445	34055.976563
1943.751953	33950.765625
1942.772461	34421.132813
1941.792969	33956.238281
1940.813477	34153.648438
1939.833008	34745.230469
1938.852539	34198.710938
1937.873047	34621.523438
1936.891602	34139.648438
1935.911133	34351.710938
1934.930664	34110.347656
1933.949219	34287.664063
1932.967773	34559.023438
1931.986328	34033.003906
1931.004883	34158.250000
1930.023438	34523.539063
1929.041016	34304.664063
1928.059570	34516.394531
1927.077148	34352.019531
1926.094727	34318.792969
1925.112305	34438.902344
1924.128906	34227.644531
1923.146484	34278.503906
1922.163086	34680.328125
1921.179688	34656.949219
1920.196289	34460.625000
1919.212891	34793.027344
1918.228516	34386.796875
1917.245117	34721.562500
1916.260742	34362.394531
1915.276367	34319.339844
1914.291992	34727.988281
1913.307617	34534.343750
1912.322266	34029.882813
1911.336914	34707.257813
1910.352539	34641.972656
1909.367188	34860.312500
1908.380859	34545.992188
1907.395508	34764.269531
1906.409180	34588.101563
1905.423828	34759.468750
1904.437500	34479.878906
1903.451172	34680.761719
1902.463867	34487.484375
1901.477539	34855.753906
1900.490234	34596.031250
1899.503906	34922.296875
1898.516602	34903.863281
1897.528320	35114.296875
1896.541016	34879.312500
1895.553711	35151.175781
1894.565430	34886.750000
1893.577148	34706.027344
1892.588867	35250.691406
1891.600586	34799.550781
1890.611328	34454.257813
1889.623047	34907.750000
1888.633789	34746.832031
1887.644531	34428.746094
1886.655273	35144.804688
1885.666016	34937.269531
1884.675781	34634.046875
1883.686523	34942.183594
1882.696289	34938.503906
1881.706055	35018.257813
1880.715820	34516.492188
1879.724609	34846.503906
1878.734375	34222.308594
1877.743164	34630.726563
1876.751953	34619.742188
1875.760742	34822.027344
1874.769531	34712.972656
1873.778320	34949.476563
1872.786133	34815.929688
1871.793945	35047.429688
1870.801758	34544.078125
1869.809570	34471.890625
1868.817383	34904.089844
1867.824219	35098.691406
1866.832031	34546.722656
1865.838867	34785.363281
1864.845703	34625.109375
1863.851563	34946.816406
1862.858398	34828.167969
1861.865234	34653.316406
1860.871094	34735.242188
1859.876953	34284.234375
1858.882813	34666.812500
1857.887695	34648.500000
1856.893555	34977.128906
1855.898438	34756.011719
1854.904297	34798.750000
1853.909180	35088.101563
1852.913086	34791.394531
1851.917969	34858.507813
1850.922852	34830.410156
1849.926758	34838.925781
1848.930664	34740.085938
1847.934570	34909.605469
1846.938477	34854.687500
1845.941406	34965.601563
1844.945313	34986.269531
1843.948242	34651.031250
1842.951172	34837.476563
1841.954102	34531.621094
1840.956055	35083.468750
1839.958984	34918.960938
1838.960938	34988.312500
1837.962891	34899.363281
1836.964844	35307.109375
1835.966797	34982.011719
1834.968750	34873.636719
1833.969727	34835.863281
1832.970703	35243.328125
1831.971680	35147.121094
1830.972656	35153.093750
1829.973633	35295.234375
1828.973633	35281.726563
1827.974609	35299.820313
1826.974609	35512.335938
1825.974609	35318.976563
1824.974609	35538.699219
1823.973633	34706.558594
1822.973633	35307.605469
1821.972656	35291.671875
1820.971680	35229.617188
1819.970703	34941.835938
1818.968750	35353.113281
1817.967773	34859.156250
1816.965820	35071.363281
1815.964844	35101.566406
1814.961914	34986.246094
1813.959961	34652.734375
1812.958008	35342.421875
1811.955078	35149.546875
1810.953125	34758.015625
1809.950195	35059.621094
1808.947266	35247.253906
1807.943359	35182.906250
1806.940430	34963.585938
1805.936523	35296.414063
1804.932617	35130.410156
1803.928711	35199.250000
1802.924805	35289.847656
1801.920898	35235.234375
1800.916016	35033.062500
1799.911133	34939.804688
1798.907227	35511.640625
1797.901367	35575.496094
1796.896484	35499.113281
1795.891602	35780.488281
1794.885742	35559.093750
1793.879883	35738.871094
1792.874023	35771.218750
1791.868164	35528.199219
1790.862305	35492.953125
1789.855469	35783.679688
1788.848633	35632.519531
1787.842773	36007.593750
1786.834961	35110.742188
1785.828125	35548.511719
1784.821289	35957.171875
1783.813477	35550.437500
1782.805664	35753.968750
1781.797852	35853.746094
1780.790039	35895.632813
1779.782227	35816.988281
1778.773438	35988.996094
1777.764648	36052.515625
1776.755859	36010.015625
1775.747070	36066.277344
1774.738281	36105.664063
1773.729492	36007.796875
1772.719727	36153.097656
1771.709961	35795.308594
1770.700195	36282.312500
1769.690430	36427.484375
1768.680664	36276.710938
1767.669922	36335.246094
1766.659180	36891.542969
1765.648438	36555.628906
1764.637695	36178.968750
1763.626953	36706.152344
1762.615234	36377.656250
1761.604492	36428.890625
1760.592773	36350.386719
1759.581055	36274.312500
1758.569336	36796.203125
1757.556641	36477.574219
1756.544922	36521.539063
1755.532227	36997.503906
1754.519531	36494.230469
1753.506836	36845.269531
1752.494141	37234.562500
1751.480469	37093.667969
1750.466797	37168.640625
1749.454102	36888.750000
1748.440430	37028.453125
1747.425781	37290.335938
1746.412109	36996.187500
1745.397461	37595.796875
1744.383789	37416.675781
1743.369141	37352.578125
1742.353516	37623.746094
1741.338867	37815.804688
1740.324219	37964.710938
1739.308594	38199.718750
1738.292969	37944.097656
1737.277344	37824.941406
1736.261719	38440.179688
1735.245117	38158.343750
1734.229492	38479.183594
1733.212891	38637.339844
1732.196289	38283.902344
1731.179688	39006.054688
1730.162109	39393.417969
1729.145508	39701.804688
1728.127930	39331.703125
1727.110352	39568.339844
1726.092773	39852.648438
1725.075195	40478.253906
1724.056641	40499.730469
1723.039063	40530.746094
1722.020508	40461.531250
1721.001953	40611.824219
1719.983398	41053.062500
1718.963867	41069.644531
1717.945313	41286.507813
1716.925781	41586.734375
1715.906250	41183.691406
1714.886719	41641.113281
1713.867188	41462.179688
1712.846680	41781.214844
1711.826172	41950.074219
1710.806641	42016.468750
1709.786133	41806.632813
1708.764648	41277.867188
1707.744141	41391.945313
1706.722656	41498.839844
1705.701172	41734.183594
1704.679688	41995.609375
1703.658203	41600.464844
1702.636719	42225.667969
1701.614258	42175.386719
1700.592773	41811.320313
1699.570313	41915.621094
1698.547852	41917.695313
1697.524414	41869.871094
1696.501953	42109.511719
1695.478516	41935.781250
1694.456055	42115.953125
1693.432617	42296.054688
1692.408203	42143.746094
1691.384766	42383.113281
1690.360352	42672.230469
1689.336914	42697.878906
1688.312500	42424.617188
1687.288086	42765.746094
1686.262695	42632.476563
1685.238281	42885.718750
1684.212891	42830.699219
1683.187500	43003.230469
1682.162109	43296.550781
1681.136719	43400.222656
1680.110352	43776.277344
1679.084961	43586.140625
1678.058594	43763.109375
1677.032227	43580.140625
1676.005859	44015.066406
1674.978516	44246.296875
1673.952148	44484.539063
1672.924805	43927.753906
1671.897461	44615.406250
1670.870117	44179.410156
1669.842773	44609.027344
1668.814453	44556.187500
1667.787109	44921.757813
1666.758789	44573.453125
1665.730469	44882.175781
1664.701172	44930.906250
1663.672852	45142.605469
1662.643555	44841.734375
1661.615234	45317.835938
1660.585938	45586.007813
1659.555664	45249.808594
1658.526367	45359.769531
1657.497070	45144.066406
1656.466797	45367.246094
1655.436523	45415.796875
1654.406250	45412.445313
1653.375977	45644.886719
1652.344727	46002.187500
1651.313477	45345.812500
1650.282227	45877.433594
1649.250977	45871.636719
1648.219727	45802.230469
1647.188477	45810.578125
1646.156250	46150.976563
1645.124023	46441.804688
1644.091797	46337.027344
1643.059570	46731.281250
1642.027344	46762.976563
1640.994141	46528.785156
1639.961914	46941.605469
1638.928711	47041.457031
1637.895508	46969.593750
1636.861328	47645.453125
1635.828125	47441.859375
1634.793945	47816.539063
1633.759766	47784.535156
1632.725586	48401.019531
1631.691406	48693.097656
1630.656250	48858.242188
1629.622070	48525.484375
1628.586914	49333.917969
1627.551758	49606.835938
1626.516602	49802.203125
1625.480469	50609.972656
1624.445313	50725.316406
1623.409180	51291.011719
1622.373047	51783.792969
1621.336914	52405.375000
1620.300781	53390.136719
1619.263672	54128.414063
1618.227539	54777.363281
1617.190430	55913.484375
1616.153320	57065.601563
1615.115234	58015.851563
1614.078125	59488.039063
1613.040039	60271.257813
1612.001953	61201.695313
1610.963867	61265.703125
1609.925781	61992.011719
1608.887695	60885.867188
1607.848633	60732.312500
1606.809570	59664.207031
1605.770508	59181.160156
1604.731445	57412.218750
1603.692383	56920.386719
1602.652344	56388.992188
1601.613281	55792.343750
1600.573242	55445.929688
1599.533203	54791.253906
1598.492188	54045.714844
1597.452148	54024.406250
1596.411133	53421.699219
1595.370117	53391.164063
1594.329102	53026.859375
1593.288086	53404.808594
1592.247070	52678.964844
1591.205078	52769.886719
1590.163086	52744.152344
1589.121094	52629.808594
1588.079102	52191.402344
1587.036133	52086.515625
1585.994141	52524.746094
1584.951172	51935.109375
1583.908203	52459.414063
1582.865234	52335.910156
1581.822266	51748.949219
1580.778320	52405.734375
1579.734375	52235.734375
1578.691406	51954.050781
1577.646484	52023.917969
1576.602539	52556.843750
1575.558594	52812.707031
1574.513672	52987.058594
1573.468750	53449.746094
1572.423828	53475.089844
1571.378906	53774.769531
1570.333008	53665.218750
1569.288086	53827.628906
1568.242188	54131.726563
1567.196289	53023.128906
1566.150391	52602.507813
1565.103516	52470.027344
1564.057617	51773.320313
1563.010742	51638.707031
1561.963867	50998.105469
1560.916992	50910.089844
1559.869141	50738.570313
1558.822266	50810.710938
1557.774414	50838.753906
1556.726563	51165.957031
1555.678711	50929.578125
1554.630859	50401.167969
1553.582031	50241.500000
1552.534180	50645.046875
1551.485352	50144.773438
1550.436523	49975.960938
1549.386719	49751.617188
1548.337891	50002.109375
1547.288086	49669.011719
1546.238281	49375.382813
1545.188477	49577.191406
1544.138672	49508.164063
1543.088867	48652.460938
1542.038086	49238.308594
1540.987305	48753.035156
1539.936523	48765.136719
1538.885742	48807.285156
1537.834961	48377.824219
1536.783203	48410.781250
1535.731445	48499.183594
1534.679688	48123.144531
1533.627930	48389.441406
1532.576172	47974.285156
1531.523438	48004.964844
1530.471680	47998.687500
1529.418945	47867.757813
1528.366211	47434.519531
1527.312500	47548.339844
1526.259766	47378.332031
1525.206055	47118.417969
1524.152344	47197.628906
1523.098633	47295.261719
1522.044922	47236.078125
1520.990234	46976.367188
1519.936523	47378.203125
1518.881836	47113.945313
1517.827148	46354.445313
1516.772461	46682.457031
1515.716797	46616.527344
1514.662109	46550.617188
1513.606445	46942.878906
1512.550781	46524.746094
1511.495117	46714.343750
1510.438477	46441.363281
1509.382813	46506.667969
1508.326172	46337.328125
1507.269531	46011.664063
1506.212891	46401.214844
1505.155273	46006.683594
1504.098633	45936.382813
1503.041016	45810.953125
1501.983398	46142.812500
1500.925781	45856.574219
1499.867188	46112.503906
1498.809570	46322.410156
1497.750977	46254.414063
1496.692383	46243.832031
1495.633789	46336.539063
1494.575195	46477.402344
1493.515625	46113.437500
1492.457031	45912.476563
1491.397461	45782.691406
1490.337891	45921.250000
1489.277344	45901.558594
1488.217773	45758.082031
1487.157227	46050.125000
1486.096680	46014.375000
1485.036133	46232.949219
1483.975586	46096.378906
1482.915039	46204.921875
1481.853516	46810.335938
1480.791992	46671.441406
1479.730469	46292.242188
1478.668945	46080.250000
1477.606445	46282.507813
1476.544922	46809.566406
1475.482422	46407.730469
1474.419922	46436.000000
1473.357422	46809.535156
1472.293945	46702.832031
1471.231445	46740.171875
1470.167969	46302.132813
1469.104492	46835.367188
1468.041016	46685.324219
1466.976563	46914.500000
1465.913086	46622.894531
1464.848633	46735.546875
1463.784180	47231.691406
1462.719727	46997.242188
1461.655273	47112.042969
1460.589844	47087.617188
1459.524414	47213.761719
1458.458984	46963.511719
1457.393555	47579.933594
1456.328125	47311.464844
1455.261719	46967.859375
1454.196289	47403.882813
1453.129883	47342.957031
1452.063477	47172.687500
1450.996094	47264.449219
1449.929688	47941.523438
1448.862305	47431.929688
1447.794922	47537.250000
1446.727539	47685.785156
1445.660156	47631.699219
1444.591797	47698.238281
1443.524414	48228.882813
1442.456055	47806.214844
1441.387695	48357.113281
1440.318359	48473.492188
1439.250000	48760.339844
1438.180664	49008.441406
1437.111328	48476.910156
1436.041992	49168.070313
1434.972656	48793.457031
1433.903320	49502.476563
1432.833008	49541.273438
1431.762695	49521.015625
1430.692383	49823.140625
1429.622070	49848.230469
1428.550781	50027.632813
1427.480469	50079.902344
1426.409180	50365.820313
1425.337891	50623.304688
1424.266602	50880.789063
1423.194336	51138.503906
1422.122070	51396.222656
1421.050781	51653.707031
1419.978516	51911.425781
1418.905273	52699.640625
1417.833008	51958.445313
1416.759766	52442.859375
1415.687500	52562.503906
1414.614258	52050.410156
1413.540039	51425.308594
1412.466797	51361.734375
1411.392578	50825.234375
1410.319336	50214.257813
1409.245117	50399.761719
1408.169922	50284.390625
1407.095703	50137.402344
1406.020508	50189.421875
1404.946289	50343.144531
1403.871094	50180.394531
1402.794922	50711.421875
1401.719727	50390.515625
1400.643555	50898.722656
1399.568359	50756.308594
1398.492188	50622.976563
1397.415039	50710.941406
1396.338867	50550.574219
1395.261719	51408.089844
1394.185547	51784.675781
1393.108398	51725.718750
1392.031250	52050.230469
1390.953125	52534.742188
1389.875977	52777.812500
1388.797852	52727.726563
1387.719727	52524.386719
1386.641602	53423.109375
1385.562500	52595.585938
1384.484375	53255.179688
1383.405273	52772.585938
1382.326172	52292.421875
1381.247070	52908.925781
1380.166992	52156.515625
1379.087891	52432.957031
1378.007813	52121.960938
1376.927734	51959.570313
1375.847656	51997.445313
1374.767578	52055.542969
1373.686523	51513.214844
1372.605469	51526.410156
1371.524414	51589.054688
1370.443359	51653.917969
1369.362305	50954.750000
1368.280273	51594.847656
1367.199219	51509.167969
1366.117188	51347.160156
1365.034180	51957.644531
1363.952148	52305.234375
1362.870117	52116.230469
1361.787109	52499.570313
1360.704102	53194.664063
1359.621094	53281.531250
1358.537109	53271.917969
1357.454102	53174.843750
1356.370117	53089.011719
1355.286133	52837.316406
1354.202148	52200.183594
1353.118164	52139.218750
1352.033203	51473.312500
1350.948242	50547.781250
1349.863281	50379.632813
1348.778320	50263.046875
1347.693359	49705.421875
1346.607422	49443.488281
1345.521484	49989.628906
1344.435547	49539.761719
1343.349609	49517.390625
1342.263672	49058.816406
1341.176758	49416.753906
1340.090820	49175.269531
1339.003906	49401.140625
1337.916016	49137.386719
1336.829102	49224.613281
1335.741211	49524.085938
1334.654297	49394.496094
1333.566406	49539.699219
1332.478516	49622.316406
1331.389648	49532.964844
1330.301758	49747.265625
1329.212891	49898.988281
1328.124023	50284.984375
1327.035156	50166.562500
1325.945313	50808.917969
1324.856445	50790.812500
1323.766602	51756.183594
1322.676758	51820.410156
1321.586914	52524.414063
1320.496094	52896.058594
1319.406250	54190.160156
1318.315430	54768.578125
1317.224609	55206.437500
1316.133789	56466.003906
1315.041992	57420.031250
1313.951172	58044.191406
1312.859375	58872.921875
1311.767578	58503.941406
1310.675781	58424.375000
1309.583008	57926.558594
1308.491211	57184.234375
1307.398438	56842.500000
1306.305664	56209.593750
1305.212891	55065.562500
1304.119141	54873.324219
1303.026367	54441.128906
1301.932617	54217.960938
1300.838867	53899.339844
1299.744141	54025.078125
1298.650391	54073.042969
1297.555664	54094.339844
1296.461914	54661.757813
1295.366211	55002.566406
1294.271484	55172.367188
1293.176758	54831.769531
1292.081055	55127.984375
1290.985352	54607.855469
1289.889648	54609.054688
1288.793945	53849.746094
1287.697266	53554.023438
1286.601563	53506.644531
1285.504883	52561.789063
1284.408203	53037.488281
1283.311523	52527.242188
1282.213867	52792.363281
1281.116211	52284.558594
1280.018555	52031.542969
1278.920898	51641.375000
1277.823242	51632.015625
1276.725586	51284.097656
1275.626953	51265.957031
1274.528320	50962.468750
1273.429688	50617.066406
1272.330078	50853.335938
1271.231445	50174.246094
1270.131836	50036.945313
1269.032227	49678.695313
1267.932617	49830.988281
1266.833008	49428.714844
1265.732422	49439.632813
1264.632813	49187.742188
1263.532227	48982.312500
1262.430664	49180.945313
1261.330078	49141.125000
1260.228516	48664.367188
1259.127930	48607.000000
1258.026367	48029.035156
1256.924805	48805.519531
1255.822266	47978.535156
1254.720703	48049.203125
1253.618164	48362.328125
1252.515625	48051.605469
1251.413086	47606.574219
1250.309570	48536.496094
1249.207031	47644.367188
1248.103516	47827.328125
1247.000000	47501.558594
1245.895508	47477.527344
1244.791992	47829.906250
1243.687500	47590.140625
1242.583008	47803.742188
1241.478516	47856.664063
1240.374023	47953.554688
1239.269531	47859.078125
1238.164063	48024.093750
1237.058594	48175.855469
1235.953125	47956.101563
1234.847656	48417.679688
1233.741211	48048.542969
1232.635742	47951.945313
1231.529297	48171.660156
1230.422852	48189.261719
1229.315430	48204.660156
1228.208984	47614.171875
1227.101563	47594.546875
1225.994141	47827.285156
1224.886719	47871.250000
1223.779297	47752.871094
1222.670898	47384.503906
1221.562500	48261.792969
1220.454102	47702.722656
1219.345703	47319.214844
1218.237305	47260.207031
1217.127930	47654.800781
1216.018555	47341.613281
1214.909180	47133.675781
1213.799805	46730.902344
1212.690430	47252.296875
1211.580078	46972.238281
1210.469727	47589.707031
1209.359375	47224.335938
1208.249023	47274.824219
1207.138672	47447.800781
1206.027344	47601.027344
1204.916016	47542.070313
1203.804688	47728.015625
1202.693359	47966.359375
1201.581055	47743.437500
1200.469727	48160.875000
1199.357422	48045.054688
1198.245117	47975.148438
1197.131836	48187.007813
1196.019531	48285.238281
1194.906250	48038.476563
1193.792969	48787.187500
1192.679688	48623.351563
1191.566406	48546.859375
1190.452148	48250.039063
1189.337891	48136.554688
1188.223633	47717.785156
1187.109375	48079.777344
1185.995117	47057.281250
1184.879883	47436.699219
1183.764648	47277.691406
1182.649414	47116.558594
1181.534180	47075.296875
1180.418945	46827.132813
1179.302734	47212.769531
1178.186523	47169.332031
1177.070313	46342.218750
1175.954102	46769.082031
1174.837891	46804.082031
1173.720703	46721.582031
1172.603516	46604.300781
1171.486328	46369.617188
1170.369141	45806.660156
1169.250977	46183.132813
1168.132813	46072.550781
1167.015625	45579.496094
1165.896484	45836.289063
1164.778320	45925.699219
1163.660156	45452.484375
1162.541016	45657.031250
1161.421875	45613.964844
1160.302734	45156.257813
1159.182617	45820.902344
1158.063477	45217.917969
1156.943359	45322.503906
1155.823242	45357.625000
1154.703125	45477.324219
1153.582031	45514.570313
1152.461914	45213.558594
1151.340820	45348.386719
1150.219727	45340.117188
1149.097656	45448.863281
1147.976563	45280.242188
1146.854492	45237.320313
1145.732422	45205.242188
1144.610352	45770.832031
1143.488281	45511.335938
1142.365234	45541.996094
1141.243164	45905.933594
1140.120117	45650.875000
1138.996094	46224.515625
1137.873047	46361.003906
1136.750000	46289.820313
1135.625977	46188.394531
1134.501953	46406.957031
1133.377930	45972.671875
1132.252930	46122.039063
1131.127930	45897.546875
1130.003906	45774.667969
1128.878906	45701.511719
1127.752930	46317.265625
1126.627930	45864.027344
1125.501953	45840.535156
1124.375977	45232.148438
1123.250000	45420.257813
1122.124023	45664.390625
1120.997070	45524.460938
1119.871094	45930.242188
1118.744141	44957.957031
1117.617188	45277.449219
1116.489258	45141.996094
1115.362305	45332.019531
1114.234375	45287.105469
1113.106445	44940.585938
1111.978516	44977.605469
1110.849609	44887.546875
1109.721680	44745.843750
1108.592773	44225.292969
1107.463867	45009.296875
1106.333984	44740.671875
1105.205078	44738.949219
1104.075195	44741.523438
1102.945313	44741.945313
1101.815430	44963.859375
1100.685547	44893.285156
1099.554688	44788.339844
1098.424805	45136.925781
1097.293945	44993.289063
1096.162109	44722.941406
1095.031250	44487.062500
1093.899414	45194.105469
1092.768555	44661.894531
1091.636719	44335.976563
1090.503906	44166.875000
1089.372070	44429.207031
1088.239258	44470.425781
1087.106445	44575.992188
1085.973633	44610.730469
1084.840820	44154.351563
1083.708008	44251.332031
1082.574219	44361.140625
1081.440430	44582.359375
1080.306641	44683.488281
1079.171875	44366.773438
1078.038086	44568.585938
1076.903320	44356.953125
1075.768555	44989.113281
1074.633789	44595.488281
1073.498047	44891.289063
1072.363281	44337.304688
1071.227539	44658.722656
1070.091797	44646.261719
1068.956055	44826.320313
1067.819336	44313.378906
1066.682617	44953.160156
1065.546875	44624.238281
1064.409180	45013.636719
1063.272461	44530.949219
1062.135742	44883.894531
1060.998047	44845.761719
1059.860352	44715.792969
1058.722656	44991.621094
1057.583984	44458.128906
1056.446289	44548.175781
1055.307617	44392.738281
1054.168945	44455.019531
1053.029297	44357.257813
1051.890625	44470.718750
1050.750977	44127.710938
1049.611328	44373.375000
1048.471680	44267.164063
1047.332031	44561.738281
1046.191406	44425.691406
1045.051758	44402.625000
1043.911133	44722.570313
1042.769531	44665.375000
1041.628906	44359.023438
1040.487305	44587.234375
1039.346680	44653.566406
1038.205078	44730.511719
1037.062500	44477.570313
1035.920898	44499.195313
1034.778320	44469.757813
1033.635742	44561.558594
1032.493164	44385.382813
1031.350586	44243.289063
1030.207031	44700.710938
1029.063477	44241.921875
1027.919922	44709.796875
1026.776367	44053.585938
1025.632813	44300.402344
1024.488281	44411.199219
1023.343750	44487.980469
1022.199219	44726.085938
1021.054688	44694.519531
1019.910156	44938.859375
1018.764648	44671.738281
1017.619141	44517.148438
1016.473633	44901.371094
1015.327148	44914.332031
1014.181641	44823.386719
1013.035156	44832.109375
1011.888672	44700.937500
1010.742188	44940.664063
1009.594727	44419.667969
1008.448242	45165.640625
1007.300781	44725.273438
1006.153320	45280.328125
1005.005859	45115.332031
1003.857422	45255.214844
1002.708984	45498.750000
1001.560547	45837.414063
1000.412109	46326.160156
999.263672	46173.804688
998.114258	46670.765625
996.965820	46712.929688
995.816406	47076.417969
994.666016	47004.351563
993.516602	46712.519531
992.366211	46811.687500
991.215820	46984.753906
990.065430	46315.011719
988.915039	46743.621094
987.763672	46249.410156
986.613281	46859.414063
985.461914	46574.304688
984.309570	46337.832031
983.158203	46341.964844
982.005859	46407.265625
980.854492	45985.351563
979.701172	46191.968750
978.548828	46027.457031
977.396484	46166.535156
976.243164	45715.464844
975.089844	45624.871094
973.936523	46532.886719
972.783203	45675.472656
971.628906	45997.691406
970.474609	45412.304688
969.320313	45848.128906
968.166016	45620.789063
967.010742	45372.488281
965.856445	45467.222656
964.701172	45597.687500
963.545898	45681.828125
962.390625	46047.714844
961.234375	45971.953125
960.078125	45778.500000
958.921875	45837.320313
957.765625	46093.632813
956.609375	45910.765625
955.452148	46284.593750
954.294922	45763.636719
953.137695	46208.742188
951.980469	45471.753906
950.822266	45666.968750
949.665039	45797.054688
948.506836	45822.183594
947.347656	45228.449219
946.189453	45228.500000
945.030273	45696.183594
943.872070	44981.191406
942.712891	45341.832031
941.552734	44975.078125
940.393555	45486.460938
939.233398	45526.257813
938.073242	45364.945313
936.913086	45607.894531
935.752930	45448.718750
934.591797	45568.039063
933.430664	45821.273438
932.269531	45532.390625
931.108398	45837.843750
929.947266	45860.765625
928.785156	45425.613281
927.623047	45841.746094
926.460938	45657.652344
925.298828	45891.718750
924.135742	45730.671875
922.972656	45970.902344
921.810547	45866.304688
920.646484	46169.085938
919.483398	45980.945313
918.319336	46118.625000
917.155273	45874.191406
915.991211	45922.078125
914.827148	46358.125000
913.662109	46293.222656
912.498047	45973.828125
911.333008	46699.546875
910.167969	46676.320313
909.001953	47191.042969
907.836914	46986.367188
906.670898	47106.910156
905.504883	47048.191406
904.337891	47341.605469
903.171875	47118.296875
902.004883	46965.878906
900.837891	46646.925781
899.670898	46571.679688
898.503906	46989.796875
897.335938	46758.421875
896.167969	46897.515625
895.000000	46853.476563
893.832031	46480.804688
892.663086	46393.183594
891.495117	46372.128906
890.326172	46623.414063
889.156250	46313.406250
887.987305	46471.089844
886.817383	46641.179688
885.648438	46651.250000
884.478516	46746.468750
883.307617	46609.070313
882.137695	46764.468750
880.966797	46664.480469
879.795898	47284.703125
878.625000	47599.660156
877.454102	47238.156250
876.282227	47542.632813
875.110352	47641.675781
873.938477	47906.562500
872.766602	47605.382813
871.593750	47841.156250
870.421875	47904.832031
869.249023	47147.976563
868.076172	47899.523438
866.902344	47526.121094
865.729492	47873.503906
864.555664	48260.093750
863.381836	48294.625000
862.207031	48892.097656
861.033203	48409.171875
859.858398	48751.921875
858.683594	49129.707031
857.508789	48584.953125
856.333984	48950.218750
855.158203	48734.410156
853.982422	48336.785156
852.806641	48044.703125
851.630859	47628.750000
850.454102	48144.648438
849.278320	47881.675781
848.101563	47819.105469
846.924805	48274.800781
845.747070	48651.878906
844.570313	48653.179688
843.392578	48642.097656
842.214844	49336.621094
841.036133	49115.003906
839.858398	49246.140625
838.679688	49375.164063
837.500977	49710.300781
836.322266	49977.292969
835.143555	49916.500000
833.963867	50102.988281
832.784180	50145.195313
831.604492	50057.625000
830.424805	49549.976563
829.244141	49198.996094
828.063477	48806.968750
826.882813	48732.050781
825.702148	47930.746094
824.521484	48039.125000
823.339844	47803.933594
822.158203	47642.867188
820.976563	47570.281250
819.794922	47600.511719
818.612305	47258.679688
817.430664	47408.152344
816.248047	47489.761719
815.064453	46994.054688
813.881836	47414.613281
812.698242	46826.687500
811.514648	46510.007813
810.331055	47248.609375
809.147461	46550.203125
807.962891	47452.687500
806.778320	47517.734375
805.593750	47777.632813
804.409180	48080.500000
803.224609	47952.632813
802.039063	47232.308594
800.853516	47233.781250
799.667969	47335.671875
798.482422	46566.679688
797.295898	46508.855469
796.109375	46139.714844
794.922852	46483.378906
793.736328	46171.703125
792.548828	45894.945313
791.362305	46522.957031
790.174805	46195.070313
788.986328	46098.503906
787.798828	45744.222656
786.610352	45795.031250
785.421875	45340.734375
784.233398	45420.214844
783.044922	45618.218750
781.856445	45650.609375
780.666992	45339.703125
779.477539	45558.039063
778.288086	45349.390625
777.097656	45271.519531
775.907227	44887.402344
774.717773	45364.910156
773.526367	45066.640625
772.335938	45301.093750
771.144531	45290.625000
769.954102	44988.445313
768.762695	45018.824219
767.570313	45703.757813
766.378906	45636.125000
765.186523	45692.859375
763.994141	45774.027344
762.801758	46075.226563
761.609375	45911.816406
760.416016	46037.699219
759.222656	46552.507813
758.029297	46499.042969
756.835938	46392.667969
755.641602	46546.859375
754.447266	47002.164063
753.252930	46307.746094
752.058594	46421.171875
750.864258	45977.281250
749.668945	46477.082031
748.473633	46061.804688
747.278320	45646.675781
746.083008	45877.988281
744.886719	45030.238281
743.690430	45426.128906
742.494141	45389.226563
741.297852	45496.523438
740.100586	45025.101563
738.904297	45061.367188
737.707031	45205.195313
736.509766	44939.042969
735.311523	45084.863281
734.113281	44818.832031
732.916016	44796.277344
731.716797	44832.535156
730.518555	45091.792969
729.320313	44714.460938
728.121094	44827.718750
726.921875	44995.644531
725.721680	45173.632813
724.522461	44332.714844
723.322266	44867.183594
722.122070	45032.941406
720.921875	44712.781250
719.721680	44831.953125
718.520508	44261.011719
717.319336	44875.917969
716.118164	45413.718750
714.916992	44662.984375
713.714844	45152.089844
712.513672	45355.945313
711.311523	44739.042969
710.108398	45462.292969
708.906250	45449.761719
707.703125	45518.042969
706.500000	45861.000000
705.296875	45898.882813
704.093750	45660.132813
702.889648	45845.402344
701.685547	45955.921875
700.481445	45557.871094
699.277344	45662.343750
698.072266	45680.039063
696.868164	45820.750000
695.663086	45999.718750
694.457031	46448.777344
693.251953	46184.101563
692.045898	46568.460938
690.839844	46579.910156
689.633789	46424.136719
688.427734	46187.855469
687.220703	46670.597656
686.013672	46585.359375
684.806641	46153.906250
683.599609	46270.062500
682.391602	46015.906250
681.184570	45629.054688
679.976563	46085.199219
678.767578	45929.761719
677.559570	45800.523438
676.350586	45970.886719
675.141602	45727.109375
673.932617	46090.347656
672.723633	46190.230469
671.513672	46127.347656
670.303711	46409.957031
669.093750	45899.226563
667.883789	45659.738281
666.672852	45635.136719
665.462891	45375.710938
664.251953	45313.039063
663.040039	45416.914063
661.829102	45265.988281
660.617188	45393.894531
659.405273	45545.812500
658.193359	45419.000000
656.981445	45330.320313
655.768555	45997.199219
654.555664	45369.449219
653.342773	45551.265625
652.129883	45931.304688
650.916016	45844.605469
649.702148	45994.191406
648.488281	46592.121094
647.274414	46993.687500
646.059570	47164.980469
644.845703	47728.339844
643.630859	47903.425781
642.416016	48238.441406
641.200195	48733.289063
639.984375	48440.273438
638.769531	48285.281250
637.552734	47436.890625
636.336914	47420.007813
635.120117	46683.960938
633.904297	46575.343750
632.687500	46936.042969
631.469727	46416.125000
630.252930	46100.007813
629.035156	45899.765625
627.817383	45430.214844
626.599609	45675.066406
625.380859	45636.582031
624.163086	45871.328125
622.944336	45260.554688
621.724609	45600.937500
620.505859	45295.398438
619.286133	45641.625000
618.066406	45579.265625
616.846680	45403.378906
615.626953	45534.277344
614.406250	45521.750000
613.186523	45367.867188
611.965820	45431.015625
610.744141	45955.863281
609.523438	45555.242188
608.301758	45367.636719
607.080078	45506.316406
605.858398	45527.601563
604.635742	45077.644531
603.414063	45279.902344
602.191406	45323.078125
600.968750	45435.789063
599.745117	45782.902344
598.522461	45516.062500
597.298828	45471.761719
596.075195	45610.167969
594.850586	45714.765625
593.626953	46045.609375
592.402344	45683.699219
591.177734	46050.136719
589.953125	45886.742188
588.727539	46088.367188
587.501953	46293.886719
586.276367	46110.703125
585.050781	47021.859375
583.825195	46232.113281
582.598633	46593.988281
581.372070	46838.828125
580.145508	47232.144531
578.917969	47460.925781
577.691406	47331.210938
576.463867	47427.242188
575.236328	47168.917969
574.007813	47828.957031
572.780273	47687.394531
571.551758	47888.121094
570.323242	47665.500000
569.094727	47565.570313
567.865234	47560.578125
566.635742	47217.550781
565.406250	47260.054688
564.176758	47128.648438
562.947266	46819.480469
561.716797	46783.015625
560.486328	46679.414063
559.255859	46550.183594
558.024414	46126.843750
556.793945	46289.882813
555.562500	46164.734375
554.331055	46039.632813
553.098633	46281.500000
551.867188	46288.566406
550.634766	45778.972656
549.402344	46426.890625
548.168945	45816.929688
546.936523	45826.039063
545.703125	45724.796875
544.469727	45416.726563
543.236328	45386.507813
542.001953	45580.800781
540.767578	45713.980469
539.533203	45226.996094
538.298828	45848.312500
537.064453	45768.832031
535.829102	45797.589844
534.593750	46109.601563
533.358398	45550.218750
532.122070	46098.125000
530.886719	46128.757813
529.650391	46118.093750
528.414063	46455.292969
527.176758	46310.957031
525.940430	46746.210938
524.703125	46452.593750
523.465820	46722.691406
522.227539	46331.015625
520.990234	45984.632813
519.751953	46692.339844
518.513672	46192.953125
517.275391	46307.843750
516.036133	46414.843750
514.796875	46178.585938
513.557617	46397.332031
512.318359	46684.609375
511.079102	46477.832031
509.838867	46616.042969
508.598633	46491.644531
507.358398	46210.570313
506.117188	45690.652344
504.876953	46120.675781
503.635742	46523.125000
502.394531	46250.078125
501.152344	46239.390625
499.911133	46440.035156
498.668945	46237.585938
497.425781	46631.796875
496.183594	46374.621094
494.941406	46494.914063
493.698242	46689.445313
492.455078	46455.855469
491.210938	46748.023438
489.967773	46623.921875
488.723633	46552.601563
487.479492	46619.980469
486.235352	46429.570313
484.990234	46735.125000
483.745117	46609.175781
482.500000	46941.898438
481.254883	46956.441406
480.008789	47054.867188
478.763672	47354.152344
477.517578	47288.648438
476.271484	47710.605469
475.024414	47902.375000
473.777344	47676.976563
472.530273	47814.113281
471.283203	47845.984375
470.036133	47831.093750
468.788086	47767.519531
467.540039	48157.656250
466.291992	48197.218750
465.043945	47732.636719
463.794922	47665.226563
462.545898	48181.550781
461.296875	47830.058594
460.047852	47881.300781
458.797852	48340.894531
457.547852	48662.265625
456.297852	48952.414063
455.047852	48781.839844
453.796875	48504.457031
452.545898	48829.433594
451.294922	48771.628906
450.043945	48774.050781
448.792969	49374.500000
447.541016	49782.531250
446.289063	50186.523438
445.036133	50390.484375
443.784180	50353.777344
442.531250	50602.242188
441.278320	50507.320313
440.025391	50542.355469
438.771484	50121.773438
437.518555	50011.488281
436.264648	49131.855469
435.010742	48988.855469
433.755859	48501.070313
432.500977	48197.476563
431.246094	47971.453125
429.991211	48221.808594
428.736328	48032.644531
427.480469	47888.062500
426.224609	47809.324219
424.968750	48177.527344
423.712891	48147.117188
422.456055	48232.753906
421.199219	47757.617188
419.942383	47845.222656
418.685547	47799.425781
417.427734	47349.757813
416.169922	47970.648438
414.912109	47517.250000
413.654297	47494.718750
412.395508	47418.125000
411.136719	47561.652344
409.877930	47425.230469
408.619141	47470.273438
407.359375	47430.394531
406.099609	47650.968750
404.839844	47323.671875
403.580078	47650.246094
402.319336	47756.890625
401.059570	47368.062500
