#Wave		#Intensity
2001.221680	31491.847656
2000.251953	31750.017578
1999.282227	31942.455078
1998.312500	31626.179688
1997.342773	31823.580078
1996.372070	31497.414063
1995.402344	31684.748047
1994.431641	31741.814453
1993.460938	31340.726563
1992.490234	31570.537109
1991.518555	31587.546875
1990.547852	31762.183594
1989.576172	32091.865234
1988.604492	31543.486328
1987.632813	31582.990234
1986.661133	31845.015625
1985.689453	31919.453125
1984.716797	31488.958984
1983.745117	31980.775391
1982.772461	31427.984375
1981.799805	31714.783203
1980.827148	31736.716797
1979.853516	31558.855469
1978.880859	31483.427734
1977.907227	31685.132813
1976.933594	31677.099609
1975.959961	31524.324219
1974.986328	32015.349609
1974.011719	31790.218750
1973.038086	31415.507813
1972.063477	31267.867188
1971.088867	31504.261719
1970.114258	31561.080078
1969.138672	31757.457031
1968.164063	31430.423828
1967.188477	31402.501953
1966.212891	31593.820313
1965.237305	31648.074219
1964.261719	31941.382813
1963.286133	31619.576172
1962.309570	31096.232422
1961.333984	31705.589844
1960.357422	31737.375000
1959.380859	31915.949219
1958.404297	31447.644531
1957.426758	31586.408203
1956.450195	31717.660156
1955.472656	31669.841797
1954.495117	31965.107422
1953.517578	31892.404297
1952.540039	31427.074219
1951.561523	31645.197266
1950.583008	31093.121094
1949.605469	31616.736328
1948.626953	31730.406250
1947.647461	31677.675781
1946.668945	31374.228516
1945.690430	31535.037109
1944.710938	32135.042969
1943.731445	31593.472656
1942.751953	31441.574219
1941.772461	31649.380859
1940.791992	31410.726563
1939.812500	31692.847656
1938.832031	31493.931641
1937.851563	32113.029297
1936.871094	32055.365234
1935.890625	31583.933594
1934.909180	31499.126953
1933.928711	31875.050781
1932.947266	31706.023438
1931.965820	31784.654297
1930.984375	31608.271484
1930.002930	31464.125000
1929.020508	31916.435547
1928.038086	31527.330078
1927.056641	31608.390625
1926.074219	31706.736328
1925.090820	31711.072266
1924.108398	31910.738281
1923.125000	31662.878906
1922.142578	31635.083984
1921.159180	31612.242188
1920.175781	31957.556641
1919.191406	31527.048828
1918.208008	31753.699219
1917.223633	31795.054688
1916.240234	31757.382813
1915.255859	31892.527344
1914.271484	31622.837891
1913.286133	31646.906250
1912.301758	31510.587891
1911.316406	31877.568359
1910.331055	31598.197266
1909.345703	31474.285156
1908.360352	31846.005859
1907.375000	31855.212891
1906.388672	31748.570313
1905.402344	31269.851563
1904.416016	31449.158203
1903.429688	31532.326172
1902.443359	31401.179688
1901.457031	31728.123047
1900.469727	31697.933594
1899.482422	31239.414063
1898.495117	31551.441406
1897.507813	31548.365234
1896.520508	31616.642578
1895.532227	31584.035156
1894.543945	31620.304688
1893.556641	31496.716797
1892.568359	31653.462891
1891.579102	31424.203125
1890.590820	31443.265625
1889.601563	31604.851563
1888.613281	31837.630859
1887.624023	31466.013672
1886.634766	31902.591797
1885.644531	31432.865234
1884.655273	31476.451172
1883.665039	31340.818359
1882.674805	31234.685547
1881.684570	31680.730469
1880.694336	31508.326172
1879.704102	31735.837891
1878.712891	31882.328125
1877.722656	31565.292969
1876.731445	31574.460938
1875.740234	31735.607422
1874.748047	31453.074219
1873.756836	31753.865234
1872.764648	31520.427734
1871.773438	31728.009766
1870.781250	31448.121094
1869.788086	31741.349609
1868.795898	31870.431641
1867.803711	31698.371094
1866.810547	31516.580078
1865.817383	31721.488281
1864.824219	31679.214844
1863.831055	31959.853516
1862.837891	31611.824219
1861.843750	31973.072266
1860.849609	31458.906250
1859.855469	31414.263672
1858.861328	31819.343750
1857.867188	31845.517578
1856.872070	31869.236328
1855.877930	31528.970703
1854.882813	31406.193359
1853.887695	31320.087891
1852.892578	31531.871094
1851.896484	32078.005859
1850.901367	31723.353516
1849.905273	31698.251953
1848.909180	31973.250000
1847.913086	31438.287109
1846.916992	32008.341797
1845.919922	31751.544922
1844.923828	31458.269531
1843.926758	31864.693359
1842.929688	31929.765625
1841.932617	32141.019531
1840.935547	32186.525391
1839.937500	31815.474609
1838.939453	32192.246094
1837.942383	32279.113281
1836.943359	32083.531250
1835.945313	31929.396484
1834.947266	31960.283203
1833.948242	32295.324219
1832.949219	32007.421875
1831.951172	32045.570313
1830.951172	32370.687500
1829.952148	31817.871094
1828.953125	32398.189453
1827.953125	32229.621094
1826.953125	32160.757813
1825.953125	31946.121094
1824.953125	32137.283203
1823.952148	32296.798828
1822.952148	32249.822266
1821.951172	32384.978516
1820.950195	32265.167969
1819.949219	31929.365234
1818.948242	32404.269531
1817.946289	32359.736328
1816.945313	32125.984375
1815.943359	32353.185547
1814.941406	32100.113281
1813.939453	32496.970703
1812.936523	32413.664063
1811.934570	32243.125000
1810.931641	32142.925781
1809.928711	32881.144531
1808.925781	32434.425781
1807.921875	32561.931641
1806.918945	32815.324219
1805.915039	32351.898438
1804.912109	32433.349609
1803.908203	32647.898438
1802.903320	32586.480469
1801.899414	32631.546875
1800.894531	32746.753906
1799.890625	32571.662109
1798.885742	32744.878906
1797.880859	32540.832031
1796.875000	33037.937500
1795.870117	32836.324219
1794.864258	32765.283203
1793.858398	32964.882813
1792.852539	33239.304688
1791.846680	32878.375000
1790.840820	33324.175781
1789.833984	32895.750000
1788.828125	32827.179688
1787.821289	33171.371094
1786.814453	32941.085938
1785.806641	33229.636719
1784.799805	32994.593750
1783.791992	33222.734375
1782.784180	33084.234375
1781.776367	33102.503906
1780.768555	33410.054688
1779.760742	33141.437500
1778.751953	33552.492188
1777.743164	33597.164063
1776.735352	33733.363281
1775.725586	33219.199219
1774.716797	33707.003906
1773.708008	33689.015625
1772.698242	33606.031250
1771.688477	33756.542969
1770.678711	33774.644531
1769.668945	33658.003906
1768.659180	33943.136719
1767.648438	33732.699219
1766.637695	34137.957031
1765.626953	33735.210938
1764.616211	34260.511719
1763.605469	34100.636719
1762.593750	34541.582031
1761.583008	33992.480469
1760.571289	34397.253906
1759.559570	34126.980469
1758.547852	34322.664063
1757.535156	34362.214844
1756.523438	34257.718750
1755.510742	34549.277344
1754.498047	34725.542969
1753.485352	34529.863281
1752.472656	34991.531250
1751.458984	34793.472656
1750.445313	34921.605469
1749.432617	34965.781250
1748.417969	35256.843750
1747.404297	34893.500000
1746.390625	35172.484375
1745.375977	35010.535156
1744.361328	35318.144531
1743.346680	35182.566406
1742.332031	35506.796875
1741.317383	35620.222656
1740.302734	35554.082031
1739.287109	35980.980469
1738.271484	36058.363281
1737.255859	36250.558594
1736.240234	36344.613281
1735.223633	36570.167969
1734.208008	36764.558594
1733.191406	37360.523438
1732.174805	37145.953125
1731.158203	37858.746094
1730.140625	37909.394531
1729.124023	37661.386719
1728.106445	38087.066406
1727.088867	38655.890625
1726.071289	38321.917969
1725.053711	39028.960938
1724.035156	38721.292969
1723.017578	39144.015625
1721.999023	39230.144531
1720.980469	39459.378906
1719.961914	39762.480469
1718.942383	40172.785156
1717.923828	39526.644531
1716.904297	40075.117188
1715.884766	39684.261719
1714.865234	39884.570313
1713.844727	40149.136719
1712.825195	40134.878906
1711.804688	39768.101563
1710.784180	40377.859375
1709.763672	40049.261719
1708.743164	39963.605469
1707.722656	40294.515625
1706.701172	39597.238281
1705.679688	40175.542969
1704.658203	39783.035156
1703.636719	39809.285156
1702.615234	40073.332031
1701.592773	40166.089844
1700.571289	39819.023438
1699.548828	39845.242188
1698.526367	39707.476563
1697.502930	39888.140625
1696.480469	39869.191406
1695.457031	39517.722656
1694.433594	39650.828125
1693.410156	39745.890625
1692.386719	39582.167969
1691.363281	39945.406250
1690.338867	40498.363281
1689.314453	39807.863281
1688.290039	40206.449219
1687.265625	40308.417969
1686.241211	40450.664063
1685.215820	40365.250000
1684.191406	40407.867188
1683.166016	40080.738281
1682.140625	40753.722656
1681.115234	40850.738281
1680.088867	40438.417969
1679.062500	40871.769531
1678.037109	40613.507813
1677.010742	41300.000000
1675.983398	40854.746094
1674.957031	41290.074219
1673.930664	41476.785156
1672.903320	41623.207031
1671.875977	41975.371094
1670.848633	41882.777344
1669.820313	42055.050781
1668.792969	42168.160156
1667.764648	42160.671875
1666.736328	42228.816406
1665.708008	42698.632813
1664.679688	42381.558594
1663.651367	42659.847656
1662.622070	43202.546875
1661.592773	43017.777344
1660.563477	42783.496094
1659.534180	42627.187500
1658.504883	43197.820313
1657.474609	43256.214844
1656.444336	43994.031250
1655.415039	43913.093750
1654.383789	43940.667969
1653.353516	44446.886719
1652.323242	44396.554688
1651.291992	44275.523438
1650.260742	44918.097656
1649.229492	45232.921875
1648.198242	44803.187500
1647.166016	45525.402344
1646.134766	45135.800781
1645.102539	45593.984375
1644.070313	45767.148438
1643.038086	45822.562500
1642.004883	45793.234375
1640.972656	45938.031250
1639.939453	46654.429688
1638.906250	46533.234375
1637.873047	47148.144531
1636.839844	46671.863281
1635.805664	47350.000000
1634.772461	47940.929688
1633.738281	48120.398438
1632.704102	48266.910156
1631.668945	49047.636719
1630.634766	49107.023438
1629.599609	49661.878906
1628.565430	50160.187500
1627.530273	50947.050781
1626.494141	51402.703125
1625.458984	51651.683594
1624.422852	53120.609375
1623.387695	54040.089844
1622.351563	54900.605469
1621.315430	56021.105469
1620.278320	57265.464844
1619.242188	58947.730469
1618.205078	60638.769531
1617.167969	62291.710938
1616.130859	63733.203125
1615.093750	65363.921875
1614.055664	67108.812500
1613.018555	68082.687500
1611.980469	69145.179688
1610.942383	69060.296875
1609.904297	68837.367188
1608.865234	68563.031250
1607.827148	67710.929688
1606.788086	66585.445313
1605.749023	65044.070313
1604.709961	63737.070313
1603.669922	62327.667969
1602.630859	60766.832031
1601.590820	60802.746094
1600.550781	59305.820313
1599.510742	58528.976563
1598.470703	58112.121094
1597.429688	57319.414063
1596.389648	57264.835938
1595.348633	56843.750000
1594.307617	56075.027344
1593.265625	55876.003906
1592.224609	55793.710938
1591.182617	54409.703125
1590.140625	54917.808594
1589.098633	54565.207031
1588.056641	54271.019531
1587.014648	53969.941406
1585.971680	53610.699219
1584.928711	53228.277344
1583.886719	53097.625000
1582.842773	53230.261719
1581.799805	52547.644531
1580.755859	52333.347656
1579.712891	51467.195313
1578.668945	52340.285156
1577.625000	52105.183594
1576.580078	52079.597656
1575.536133	52316.933594
1574.491211	52295.968750
1573.446289	52195.929688
1572.401367	52484.265625
1571.356445	51991.304688
1570.311523	52228.429688
1569.265625	52379.476563
1568.219727	52391.042969
1567.173828	51942.582031
1566.127930	51452.468750
1565.082031	51382.898438
1564.035156	51520.019531
1562.988281	51954.257813
1561.941406	51246.289063
1560.894531	51329.972656
1559.847656	51084.121094
1558.799805	51007.722656
1557.751953	51077.480469
1556.704102	51172.718750
1555.656250	51277.203125
1554.608398	51198.492188
1553.560547	50795.296875
1552.511719	51041.152344
1551.462891	50990.328125
1550.414063	50689.316406
1549.365234	50953.582031
1548.315430	50752.261719
1547.265625	51419.304688
1546.216797	51359.187500
1545.166992	51312.976563
1544.116211	51333.890625
1543.066406	51345.542969
1542.015625	51195.250000
1540.965820	50922.421875
1539.915039	50827.753906
1538.863281	50564.332031
1537.812500	50527.554688
1536.760742	50812.058594
1535.709961	50289.953125
1534.658203	50096.121094
1533.605469	49659.800781
1532.553711	49426.882813
1531.501953	49457.304688
1530.449219	49007.468750
1529.396484	48913.292969
1528.343750	48602.195313
1527.290039	48824.265625
1526.237305	48714.015625
1525.183594	48481.542969
1524.129883	48186.882813
1523.076172	48422.691406
1522.022461	48409.417969
1520.968750	47944.343750
1519.914063	48170.843750
1518.859375	48063.140625
1517.804688	48254.976563
1516.750000	47548.390625
1515.694336	47947.523438
1514.639648	47883.679688
1513.583984	47780.714844
1512.528320	48273.960938
1511.472656	47581.800781
1510.416016	48141.628906
1509.360352	47919.058594
1508.303711	47719.562500
1507.247070	47828.308594
1506.190430	48107.164063
1505.132813	47503.121094
1504.076172	47696.886719
1503.018555	47635.488281
1501.960938	47923.363281
1500.903320	47820.589844
1499.844727	47775.273438
1498.787109	47436.023438
1497.728516	47613.507813
1496.669922	47655.484375
1495.611328	47954.507813
1494.552734	47282.710938
1493.493164	47478.445313
1492.434570	47224.476563
1491.375000	47321.519531
1490.315430	46712.226563
1489.254883	46598.386719
1488.195313	46314.953125
1487.134766	46872.761719
1486.074219	46316.683594
1485.013672	46441.265625
1483.953125	46451.269531
1482.892578	46218.488281
1481.831055	46551.398438
1480.769531	46316.394531
1479.708008	46285.199219
1478.646484	46366.156250
1477.583984	46428.777344
1476.522461	46097.867188
1475.459961	46176.523438
1474.397461	46627.933594
1473.334961	46143.953125
1472.271484	46160.824219
1471.208984	45702.242188
1470.145508	46023.140625
1469.082031	45950.906250
1468.018555	46404.144531
1466.954102	45667.171875
1465.890625	45611.019531
1464.826172	45554.882813
1463.761719	46137.988281
1462.697266	45593.316406
1461.631836	45941.144531
1460.567383	45736.671875
1459.501953	46127.687500
1458.436523	45571.996094
1457.371094	45657.316406
1456.305664	46200.894531
1455.239258	45634.085938
1454.172852	45705.664063
1453.107422	45683.785156
1452.040039	45775.835938
1450.973633	45890.628906
1449.907227	45565.800781
1448.839844	45965.234375
1447.772461	45786.218750
1446.705078	45716.535156
1445.637695	45708.324219
1444.569336	45984.558594
1443.500977	45703.277344
1442.432617	45968.039063
1441.364258	46553.382813
1440.295898	46408.582031
1439.227539	46718.535156
1438.158203	46623.761719
1437.088867	47281.285156
1436.019531	47231.886719
1434.950195	47330.179688
1433.879883	47114.968750
1432.810547	47272.289063
1431.740234	47749.710938
1430.669922	48097.558594
1429.598633	48163.816406
1428.528320	48513.726563
1427.457031	49800.621094
1426.386719	49392.390625
1425.314453	50186.457031
1424.243164	50460.906250
1423.171875	50674.039063
1422.099609	51406.230469
1421.027344	51440.050781
1419.955078	51133.929688
1418.882813	51761.410156
1417.810547	52080.578125
1416.737305	51267.152344
1415.664063	51368.890625
1414.590820	51020.031250
1413.517578	51334.562500
1412.444336	50404.156250
1411.370117	49614.378906
1410.295898	49399.562500
1409.221680	48325.226563
1408.147461	48368.546875
1407.073242	48115.625000
1405.998047	47354.089844
1404.922852	47216.718750
1403.847656	47420.667969
1402.772461	47568.046875
1401.697266	47690.519531
1400.621094	47223.386719
1399.544922	47698.191406
1398.468750	47599.281250
1397.392578	48274.769531
1396.316406	48618.203125
1395.239258	48735.828125
1394.162109	50116.996094
1393.084961	50417.042969
1392.007813	51901.160156
1390.930664	52374.421875
1389.852539	53708.835938
1388.774414	54150.035156
1387.696289	54478.375000
1386.618164	54567.714844
1385.540039	54294.265625
1384.460938	53989.371094
1383.382813	53209.339844
1382.303711	53062.382813
1381.223633	52366.105469
1380.144531	52014.496094
1379.064453	51836.316406
1377.985352	51462.421875
1376.905273	51066.160156
1375.825195	51387.632813
1374.744141	51099.480469
1373.664063	50456.136719
1372.583008	50638.140625
1371.501953	50401.976563
1370.420898	50626.625000
1369.338867	50060.222656
1368.257813	50583.652344
1367.175781	50641.917969
1366.093750	51567.058594
1365.011719	51467.937500
1363.929688	52381.367188
1362.846680	53193.457031
1361.763672	53612.507813
1360.680664	54569.925781
1359.597656	54896.593750
1358.514648	55631.371094
1357.430664	55518.171875
1356.346680	55499.187500
1355.262695	55208.945313
1354.178711	54495.179688
1353.094727	53324.507813
1352.009766	52620.300781
1350.925781	51656.480469
1349.840820	50914.746094
1348.755859	50249.417969
1347.669922	49161.160156
1346.584961	49223.917969
1345.499023	48252.621094
1344.413086	48333.417969
1343.327148	47888.406250
1342.240234	47550.925781
1341.154297	47327.628906
1340.067383	47410.761719
1338.980469	47399.960938
1337.893555	47310.929688
1336.805664	47201.808594
1335.718750	47126.246094
1334.630859	47298.699219
1333.542969	47310.253906
1332.455078	47346.375000
1331.367188	48061.281250
1330.278320	48019.109375
1329.189453	48012.664063
1328.100586	48233.855469
1327.011719	49378.718750
1325.922852	49407.718750
1324.833008	50299.910156
1323.743164	51432.625000
1322.653320	52339.730469
1321.563477	53569.750000
1320.473633	55347.628906
1319.382813	56986.695313
1318.291992	59146.539063
1317.201172	61394.707031
1316.110352	63586.375000
1315.019531	65761.664063
1313.927734	67196.968750
1312.835938	67999.554688
1311.744141	67862.617188
1310.652344	67360.789063
1309.560547	66173.875000
1308.467773	64482.445313
1307.375000	63154.140625
1306.282227	61061.378906
1305.189453	59213.929688
1304.095703	57773.925781
1303.002930	56194.425781
1301.909180	54331.078125
1300.815430	53219.312500
1299.721680	52925.363281
1298.626953	51558.855469
1297.533203	51789.328125
1296.438477	51520.207031
1295.343750	51002.585938
1294.248047	51466.046875
1293.153320	51663.082031
1292.057617	51806.796875
1290.961914	51595.578125
1289.866211	52045.281250
1288.770508	51991.511719
1287.674805	51988.746094
1286.578125	51917.269531
1285.481445	52051.906250
1284.384766	52288.410156
1283.288086	52223.558594
1282.190430	51768.921875
1281.092773	51803.832031
1279.996094	51672.675781
1278.897461	51293.640625
1277.799805	50722.191406
1276.702148	50564.742188
1275.603516	50405.136719
1274.504883	49818.667969
1273.406250	50039.644531
1272.307617	49745.332031
1271.208008	50021.507813
1270.108398	49627.832031
1269.008789	48723.785156
1267.909180	48597.660156
1266.809570	48471.531250
1265.708984	48345.292969
1264.609375	48219.167969
1263.508789	48092.929688
1262.407227	47966.578125
1261.306641	47878.421875
1260.206055	47470.308594
1259.104492	47218.996094
1258.002930	47483.972656
1256.901367	47272.445313
1255.798828	47279.304688
1254.697266	47131.824219
1253.594727	47246.718750
1252.492188	46859.062500
1251.389648	46852.761719
1250.286133	47068.984375
1249.183594	46763.066406
1248.080078	46560.769531
1246.976563	47166.675781
1245.872070	47169.121094
1244.768555	47319.046875
1243.664063	47385.285156
1242.560547	47363.480469
1241.455078	47284.480469
1240.350586	47825.792969
1239.246094	48204.167969
1238.140625	47944.753906
1237.035156	48705.484375
1235.929688	48632.531250
1234.824219	48559.582031
1233.717773	48486.566406
1232.612305	48413.613281
1231.505859	48340.597656
1230.399414	48149.546875
1229.291992	48022.238281
1228.185547	47818.140625
1227.078125	47888.464844
1225.970703	47320.191406
1224.863281	47021.984375
1223.755859	47377.578125
1222.647461	46950.066406
1221.539063	46807.769531
1220.430664	46525.210938
1219.322266	46518.949219
1218.213867	46094.085938
1217.104492	46190.886719
1215.995117	45707.078125
1214.885742	46084.285156
1213.776367	45968.593750
1212.666992	46498.882813
1211.556641	46019.746094
1210.446289	46484.164063
1209.335938	46344.406250
1208.225586	46281.277344
1207.115234	46541.937500
1206.003906	46846.246094
1204.892578	46990.804688
1203.781250	46905.730469
1202.669922	47249.152344
1201.557617	47511.574219
1200.446289	47319.371094
1199.333984	47974.957031
1198.221680	48016.468750
1197.108398	48994.925781
1195.996094	48525.257813
1194.882813	48974.910156
1193.769531	49027.117188
1192.656250	49469.964844
1191.542969	49552.605469
1190.428711	48961.078125
1189.314453	48376.308594
1188.200195	47588.929688
1187.085938	47338.230469
1185.971680	47432.074219
1184.856445	46933.007813
1183.741211	46850.367188
1182.625977	46626.125000
1181.510742	46628.527344
1180.395508	46508.949219
1179.279297	46330.617188
1178.163086	46224.199219
1177.046875	46402.992188
1175.930664	46381.480469
1174.813477	46246.816406
1173.697266	46305.839844
1172.580078	46386.589844
1171.462891	46602.152344
1170.344727	46495.808594
1169.227539	46596.042969
1168.109375	46757.101563
1166.991211	46991.992188
1165.873047	46522.765625
1164.754883	46466.488281
1163.635742	46762.117188
1162.516602	46610.257813
1161.397461	46593.074219
1160.278320	46855.949219
1159.159180	46649.886719
1158.039063	46452.574219
1156.918945	46997.394531
1155.798828	46828.292969
1154.678711	46633.218750
1153.558594	46618.207031
1152.437500	46783.160156
1151.316406	46516.656250
1150.195313	46729.246094
1149.074219	46926.589844
1147.952148	46898.527344
1146.831055	46902.968750
1145.708984	47245.273438
1144.586914	46989.792969
1143.463867	46989.878906
1142.341797	47022.429688
1141.218750	47734.542969
1140.095703	47039.890625
1138.972656	47303.898438
1137.849609	47712.734375
1136.725586	47883.527344
1135.601563	47861.808594
1134.477539	47306.117188
1133.353516	46986.226563
1132.229492	46902.011719
1131.104492	47472.511719
1129.979492	47567.535156
1128.854492	47241.343750
1127.729492	46967.097656
1126.603516	46600.105469
1125.478516	47103.210938
1124.352539	46567.972656
1123.226563	46319.937500
1122.099609	46054.730469
1120.973633	46005.328125
1119.846680	45914.964844
1118.719727	45473.148438
1117.592773	45223.375000
1116.465820	45557.843750
1115.337891	45661.585938
1114.209961	45159.796875
1113.082031	45026.589844
1111.954102	44869.734375
1110.826172	44622.484375
1109.697266	44687.535156
1108.568359	44737.488281
1107.439453	45213.605469
1106.310547	44660.875000
1105.180664	45237.953125
1104.051758	44644.542969
1102.921875	44896.632813
1101.791992	44909.371094
1100.661133	44922.125000
1099.531250	44934.863281
1098.400391	44947.613281
1097.269531	44741.695313
1096.138672	44956.953125
1095.006836	44953.023438
1093.875977	44912.585938
1092.744141	44532.882813
1091.612305	44848.917969
1090.480469	44407.113281
1089.347656	44605.015625
1088.215820	44189.164063
1087.083008	44620.871094
1085.950195	44288.816406
1084.816406	44458.707031
1083.683594	44658.550781
1082.549805	44759.707031
1081.416016	45225.199219
1080.282227	45144.058594
1079.148438	45131.507813
1078.013672	45296.761719
1076.878906	45399.839844
1075.744141	45515.726563
1074.609375	44858.660156
1073.474609	44901.820313
1072.338867	45034.851563
1071.203125	45140.011719
1070.067383	44791.570313
1068.931641	44804.753906
1067.794922	44920.589844
1066.659180	45115.496094
1065.522461	44262.765625
1064.385742	44397.867188
1063.248047	44490.171875
1062.111328	44755.519531
1060.973633	44243.144531
1059.835938	44598.140625
1058.698242	44154.320313
1057.559570	44374.683594
1056.421875	44159.480469
1055.283203	44394.699219
1054.144531	43968.300781
1053.005859	44147.996094
1051.866211	44244.425781
1050.726563	44362.148438
1049.587891	44537.398438
1048.447266	44712.585938
1047.307617	44813.097656
1046.167969	44713.234375
1045.027344	44860.582031
1043.886719	45037.703125
1042.746094	45150.855469
1041.604492	45410.910156
1040.463867	45704.933594
1039.322266	45166.453125
1038.180664	45094.312500
1037.038086	45449.941406
1035.896484	45465.007813
1034.753906	45275.839844
1033.611328	45214.355469
1032.468750	44884.949219
1031.326172	45397.617188
1030.182617	45346.769531
1029.040039	45132.281250
1027.896484	44915.746094
1026.751953	45421.652344
1025.608398	44937.488281
1024.463867	45489.925781
1023.319336	45267.105469
1022.174805	45248.175781
1021.030273	45424.535156
1019.885742	45350.402344
1018.740234	45399.363281
1017.594727	45666.812500
1016.449219	45522.675781
1015.303711	45310.726563
1014.157227	45552.597656
1013.010742	45828.292969
1011.864258	45709.656250
1010.717773	45357.957031
1009.571289	45305.128906
1008.423828	45313.750000
1007.276367	45794.671875
1006.128906	45864.605469
1004.981445	45917.570313
1003.833008	46125.042969
1002.684570	46668.945313
1001.536133	46651.902344
1000.387695	47153.191406
999.239258	47296.820313
998.089844	47163.347656
996.941406	47717.121094
995.791992	47351.066406
994.641602	47095.054688
993.492188	46834.910156
992.341797	47557.363281
991.191406	47155.683594
990.041016	46923.125000
988.890625	46906.042969
987.739258	47520.265625
986.588867	46945.781250
985.437500	47177.750000
984.285156	47202.832031
983.133789	47094.984375
981.981445	46765.683594
980.829102	46911.035156
979.676758	46746.363281
978.524414	46701.917969
977.372070	46621.652344
976.218750	46634.144531
975.065430	46435.921875
973.912109	46682.281250
972.757813	46595.753906
971.604492	46559.792969
970.450195	46867.050781
969.295898	46786.843750
968.141602	46744.550781
966.986328	46879.039063
965.832031	46887.234375
964.676758	46910.152344
963.521484	47807.992188
962.365234	47891.707031
961.209961	48095.230469
960.053711	48208.285156
958.897461	48443.195313
957.741211	49039.433594
956.584961	48349.710938
955.427734	48615.964844
954.270508	48541.902344
953.113281	48306.183594
951.956055	48626.875000
950.797852	48038.601563
949.639648	48543.890625
948.481445	48115.308594
947.323242	47869.386719
946.165039	48019.960938
945.005859	48036.269531
943.847656	47675.179688
942.687500	48131.750000
941.528320	47567.472656
940.369141	48065.800781
939.208984	47723.820313
938.048828	47495.074219
936.888672	47591.027344
935.728516	47536.179688
934.567383	47627.898438
933.406250	47667.253906
932.245117	47555.910156
931.083984	47601.539063
929.922852	47831.238281
928.760742	47477.296875
927.598633	47271.960938
926.436523	47999.207031
925.274414	47710.226563
924.111328	47713.960938
922.948242	47840.980469
921.785156	47832.148438
920.622070	47846.292969
919.458984	48359.585938
918.294922	48599.144531
917.130859	48139.214844
915.966797	48316.101563
914.802734	48574.308594
913.637695	48342.074219
912.472656	48848.433594
911.307617	48758.062500
910.142578	48490.464844
908.977539	48810.941406
907.811523	49008.304688
906.645508	49230.605469
905.479492	49546.593750
904.313477	49320.753906
903.146484	48872.097656
901.980469	48467.347656
900.813477	49189.292969
899.646484	49123.988281
898.478516	48636.144531
897.311523	48991.363281
896.143555	48961.496094
894.975586	49110.554688
893.806641	48999.554688
892.638672	48853.234375
891.469727	49029.257813
890.300781	49157.394531
889.131836	49443.453125
887.962891	49099.730469
886.792969	49223.625000
885.623047	49177.125000
884.453125	49359.109375
883.283203	49466.265625
882.112305	49463.343750
880.942383	49792.546875
879.771484	49600.695313
878.600586	50010.675781
877.428711	50150.796875
876.257813	50606.156250
875.085938	50040.984375
873.914063	50481.675781
872.741211	51133.656250
871.569336	50504.441406
870.396484	50980.023438
869.223633	51016.167969
868.050781	51139.304688
866.877930	51175.402344
865.704102	51745.757813
864.530273	51908.019531
863.356445	52525.632813
862.182617	52393.796875
861.007813	52876.582031
859.833984	53832.968750
858.659180	53760.937500
857.484375	53554.507813
856.308594	53511.500000
855.133789	53261.769531
853.958008	52722.750000
852.782227	52409.191406
851.605469	52438.738281
850.429688	52207.972656
849.252930	51853.363281
848.076172	52322.851563
846.899414	51896.085938
845.722656	52084.640625
844.544922	52138.964844
843.367188	51679.445313
842.189453	52059.800781
841.011719	51932.570313
839.833008	51966.250000
838.655273	52109.203125
837.476563	52330.445313
836.296875	52563.964844
835.118164	53052.945313
833.938477	52093.222656
832.758789	52409.054688
831.579102	51975.031250
830.399414	52002.457031
829.219727	51698.375000
828.039063	51314.125000
826.858398	50827.101563
825.677734	50817.667969
824.496094	50933.742188
823.315430	50560.191406
822.133789	50497.332031
820.952148	50041.746094
819.769531	49851.539063
818.587891	50130.058594
817.405273	50217.343750
816.222656	49626.523438
815.040039	50383.589844
813.856445	50267.425781
812.673828	50235.503906
811.490234	49975.679688
810.305664	50374.917969
809.122070	50340.929688
807.938477	51035.445313
806.753906	50859.777344
805.569336	51473.933594
804.383789	52052.992188
803.199219	51957.199219
802.013672	52626.156250
800.828125	51982.988281
799.642578	51639.273438
798.457031	50910.460938
797.270508	49972.957031
796.083984	49437.261719
794.897461	49641.054688
793.710938	48956.148438
792.523438	48908.152344
791.336914	48860.171875
790.149414	48351.769531
788.961914	48672.187500
787.773438	48601.769531
786.585938	48631.589844
785.397461	48653.218750
784.208984	47875.449219
783.019531	48246.746094
781.831055	48266.382813
780.641602	47529.980469
779.452148	47600.812500
778.262695	47767.617188
777.072266	47932.320313
775.882813	47398.656250
774.692383	47624.601563
773.501953	47942.308594
772.310547	47584.429688
771.120117	48220.308594
769.928711	48009.382813
768.737305	48167.687500
767.544922	48128.132813
766.353516	48610.519531
765.161133	48793.078125
763.968750	48861.441406
762.776367	48848.269531
761.583984	49546.101563
760.390625	49479.843750
759.197266	49374.914063
758.003906	49416.621094
756.810547	49370.773438
755.616211	49420.605469
754.421875	49203.832031
753.227539	48893.542969
752.033203	49114.300781
750.838867	48372.968750
749.643555	49161.074219
748.448242	48497.261719
747.252930	48183.316406
746.057617	48180.437500
744.861328	48179.585938
743.665039	47766.324219
742.468750	47928.039063
741.272461	47811.472656
740.075195	47418.808594
738.878906	47332.824219
737.681641	47644.691406
736.484375	47585.074219
735.286133	47507.218750
734.087891	47200.164063
732.890625	47396.207031
731.691406	46979.785156
730.493164	47757.656250
729.294922	47444.695313
728.095703	47407.472656
726.896484	47189.921875
725.696289	47389.785156
724.497070	47030.531250
723.296875	47258.699219
722.096680	47197.234375
720.896484	47239.039063
719.696289	47639.074219
718.495117	47565.425781
717.293945	47532.269531
716.092773	47693.320313
714.891602	47771.386719
713.689453	47859.531250
712.487305	47917.312500
711.285156	47793.148438
710.083008	48554.222656
708.880859	48668.414063
707.677734	48614.882813
706.474609	48646.199219
705.271484	49129.867188
704.068359	48932.917969
702.864258	48865.234375
701.660156	49063.996094
700.456055	48851.015625
699.251953	49243.390625
698.046875	48752.078125
696.841797	49440.796875
695.636719	49421.476563
694.431641	49767.070313
693.226563	50054.082031
692.020508	49474.386719
690.814453	49338.199219
689.608398	48940.164063
688.402344	48649.027344
687.195313	48053.910156
685.988281	47867.742188
684.781250	47903.082031
683.574219	47988.722656
682.366211	47756.382813
681.158203	47640.820313
679.950195	47993.992188
678.742188	47633.058594
677.534180	47923.761719
676.325195	48143.988281
675.116211	48376.191406
673.907227	48127.988281
672.697266	48350.054688
671.488281	48051.722656
670.278320	48195.382813
669.068359	47714.445313
667.858398	48004.679688
666.647461	48011.753906
665.436523	47707.734375
664.225586	48332.914063
663.014648	47804.234375
661.802734	47879.535156
660.591797	47842.496094
659.379883	47735.285156
658.167969	47756.421875
656.955078	47969.972656
655.743164	47810.687500
654.530273	48086.253906
653.317383	47836.855469
652.103516	47982.121094
650.890625	48932.359375
649.676758	49361.667969
648.462891	50029.031250
647.249023	50421.949219
646.034180	51375.007813
644.819336	52467.753906
643.604492	53806.128906
642.389648	54802.011719
641.174805	55299.628906
639.958984	55497.179688
638.743164	54597.312500
637.527344	53859.652344
636.311523	53252.136719
635.094727	51955.652344
633.877930	51055.113281
632.661133	50402.531250
631.444336	50017.730469
630.226563	49617.097656
629.008789	49104.851563
627.791016	48710.527344
626.573242	48932.816406
625.355469	48309.277344
624.136719	48308.195313
622.917969	48319.074219
621.699219	47694.000000
620.480469	48346.789063
619.260742	48096.589844
618.041016	47734.906250
616.821289	48202.050781
615.601563	47955.996094
614.380859	48614.089844
613.160156	47912.117188
611.939453	47869.285156
610.718750	48391.683594
609.497070	47823.460938
608.276367	48025.367188
607.054688	48380.351563
605.832031	48001.371094
604.610352	47873.058594
603.387695	48021.117188
602.165039	47851.109375
600.942383	47432.757813
599.719727	47860.953125
598.496094	47891.695313
597.272461	47858.867188
596.048828	48026.605469
594.825195	47674.121094
593.600586	47980.773438
592.375977	47642.316406
591.151367	47752.417969
589.926758	47640.285156
588.701172	47657.121094
587.476563	47850.441406
586.250977	47835.500000
585.024414	48078.269531
583.798828	47831.394531
582.572266	48044.347656
581.345703	48239.382813
580.119141	47929.222656
578.892578	48377.707031
577.665039	47982.488281
576.437500	48007.121094
575.209961	48382.093750
573.982422	48531.316406
572.753906	48373.792969
571.525391	48556.585938
570.296875	48844.136719
569.068359	48366.277344
567.838867	48315.660156
566.610352	48160.289063
565.380859	48463.500000
564.150391	48561.089844
562.920898	48470.949219
561.690430	48311.707031
560.459961	48304.589844
559.229492	48117.789063
557.999023	48339.710938
556.767578	48133.234375
555.536133	47978.136719
554.304688	48618.246094
553.073242	48291.488281
551.840820	48473.710938
550.608398	47772.429688
549.375977	48226.757813
548.143555	48580.375000
546.910156	48222.390625
545.676758	48499.027344
544.443359	48391.386719
543.209961	48533.941406
541.975586	48597.664063
540.742188	48830.695313
539.507813	48837.242188
538.272461	48454.078125
537.038086	48730.289063
535.802734	48823.417969
534.567383	49386.648438
533.332031	49164.933594
532.096680	49769.179688
530.860352	49940.671875
529.624023	49960.742188
528.387695	50886.796875
527.151367	50716.082031
525.914063	51346.957031
524.676758	51207.640625
523.439453	50752.207031
522.202148	50397.074219
520.963867	50128.445313
519.725586	49628.324219
518.487305	49540.472656
517.249023	49101.460938
516.009766	49353.089844
514.771484	49020.179688
513.532227	49122.703125
512.291992	48874.257813
511.052734	49210.011719
509.812500	49147.812500
508.572266	48946.523438
507.332031	48723.757813
506.090820	49121.953125
504.850586	49116.597656
503.609375	49077.960938
502.368164	49309.468750
501.125977	49106.406250
499.884766	49380.863281
498.642578	49305.023438
497.400391	49604.765625
496.157227	49497.617188
494.915039	49623.187500
493.671875	49650.957031
492.428711	49813.582031
491.184570	50230.183594
489.941406	49941.300781
488.697266	49970.937500
487.453125	50287.660156
486.208984	50237.152344
484.963867	50245.230469
483.718750	50831.085938
482.473633	50569.726563
481.228516	50971.878906
479.982422	51217.808594
478.737305	51479.246094
477.491211	51475.367188
476.244141	52339.125000
474.998047	52342.875000
473.750977	51777.511719
472.503906	52749.839844
471.256836	52724.281250
470.009766	52464.980469
468.761719	52229.144531
467.513672	52293.257813
466.265625	52043.914063
465.017578	51979.570313
463.768555	52234.402344
462.519531	52236.195313
461.270508	52308.019531
460.021484	52263.113281
458.771484	52476.855469
457.521484	52255.003906
456.271484	52733.027344
455.021484	52569.511719
453.770508	51994.113281
452.519531	52887.656250
451.268555	52807.718750
450.017578	52846.273438
448.765625	53195.476563
447.514648	53237.820313
446.262695	53745.964844
445.009766	53828.937500
443.757813	53688.753906
442.504883	53882.265625
441.251953	53610.238281
439.999023	53623.355469
438.745117	53303.003906
437.492188	53077.750000
436.238281	52873.898438
434.983398	52683.683594
433.729492	52452.859375
432.474609	52138.832031
431.219727	52400.062500
429.964844	51898.355469
428.709961	51871.097656
427.454102	52078.035156
426.198242	51816.609375
424.942383	51541.734375
423.685547	52034.886719
422.429688	51531.867188
421.172852	51481.492188
419.916016	51792.648438
418.658203	51369.199219
417.401367	51328.539063
416.143555	51488.832031
414.885742	51813.257813
413.626953	51755.148438
412.369141	52021.468750
411.110352	51725.867188
409.851563	51938.035156
408.591797	51825.898438
407.333008	51594.167969
406.073242	51958.640625
404.813477	52180.242188
403.553711	51856.003906
402.292969	51697.699219
401.032227	52011.746094
