#Wave		#Intensity
2001.242188	30381.574219
2000.272461	30108.363281
1999.302734	30453.958984
1998.333008	30135.435547
1997.363281	30383.201172
1996.392578	30360.363281
1995.422852	30309.984375
1994.452148	30427.384766
1993.481445	30765.044922
1992.510742	30108.886719
1991.540039	30286.318359
1990.568359	30230.986328
1989.596680	30723.546875
1988.625977	30565.603516
1987.654297	30540.257813
1986.681641	30482.414063
1985.709961	30572.087891
1984.738281	30560.623047
1983.765625	30549.146484
1982.792969	30537.667969
1981.820313	30526.191406
1980.847656	30514.714844
1979.874023	30503.226563
1978.901367	30491.750000
1977.927734	30480.261719
1976.954102	30468.773438
1975.980469	30457.285156
1975.006836	30445.796875
1974.032227	30434.296875
1973.058594	30422.808594
1972.083984	30411.308594
1971.109375	30399.808594
1970.134766	30388.308594
1969.160156	30376.808594
1968.184570	30365.296875
1967.209961	30353.796875
1966.234375	30342.285156
1965.258789	30330.773438
1964.283203	30319.261719
1963.306641	30307.740234
1962.331055	30296.228516
1961.354492	30284.705078
1960.377930	30273.181641
1959.401367	30261.658203
1958.424805	30250.136719
1957.447266	30238.601563
1956.470703	30227.078125
1955.493164	30215.544922
1954.515625	30204.009766
1953.538086	30192.474609
1952.560547	30180.941406
1951.582031	30169.394531
1950.604492	30479.619141
1949.625977	30327.738281
1948.647461	30608.021484
1947.668945	30416.441406
1946.689453	30460.769531
1945.710938	30157.585938
1944.731445	29931.437500
1943.751953	30328.158203
1942.772461	30141.750000
1941.792969	30347.304688
1940.813477	29962.560547
1939.833008	29674.652344
1938.852539	30346.242188
1937.873047	30028.619141
1936.891602	30075.404297
1935.911133	29975.982422
1934.930664	29851.820313
1933.949219	29908.513672
1932.967773	29999.857422
1931.986328	29893.085938
1931.004883	29756.642578
1930.023438	30385.072266
1929.041016	29491.322266
1928.059570	29971.117188
1927.077148	30131.613281
1926.094727	29982.875000
1925.112305	29755.052734
1924.128906	29982.259766
1923.146484	29979.478516
1922.163086	29521.904297
1921.179688	29667.476563
1920.196289	29995.839844
1919.212891	29679.312500
1918.228516	30242.201172
1917.245117	29930.677734
1916.260742	29927.900391
1915.276367	29784.408203
1914.291992	29872.980469
1913.307617	29803.580078
1912.322266	29862.505859
1911.336914	29778.328125
1910.352539	29699.111328
1909.367188	29691.437500
1908.380859	29641.847656
1907.395508	30134.621094
1906.409180	29712.789063
1905.423828	29941.689453
1904.437500	29591.490234
1903.451172	29620.789063
1902.463867	29322.490234
1901.477539	29768.003906
1900.490234	29775.091797
1899.503906	29398.144531
1898.516602	29668.654297
1897.528320	29486.265625
1896.541016	29778.804688
1895.553711	29387.357422
1894.565430	30134.832031
1893.577148	29512.296875
1892.588867	29625.134766
1891.600586	29789.556641
1890.611328	29346.830078
1889.623047	29727.494141
1888.633789	29646.109375
1887.644531	29535.271484
1886.655273	29699.560547
1885.666016	29758.193359
1884.675781	29527.083984
1883.686523	29575.906250
1882.696289	29202.550781
1881.706055	29592.513672
1880.715820	29562.781250
1879.724609	29650.806641
1878.734375	29397.876953
1877.743164	29473.638672
1876.751953	29537.113281
1875.760742	29661.847656
1874.769531	29614.970703
1873.778320	29690.634766
1872.786133	29616.816406
1871.793945	29381.343750
1870.801758	29449.658203
1869.809570	29368.570313
1868.817383	29632.732422
1867.824219	29661.794922
1866.832031	29605.183594
1865.838867	29759.042969
1864.845703	29770.937500
1863.851563	30059.251953
1862.858398	29694.437500
1861.865234	29662.318359
1860.871094	29295.251953
1859.876953	29686.113281
1858.882813	29776.212891
1857.887695	29384.880859
1856.893555	29365.054688
1855.898438	29701.880859
1854.904297	29476.845703
1853.909180	29828.183594
1852.913086	29927.921875
1851.917969	29746.902344
1850.922852	29722.144531
1849.926758	29890.171875
1848.930664	29323.763672
1847.934570	29889.414063
1846.938477	29674.408203
1845.941406	29744.781250
1844.945313	29646.902344
1843.948242	29683.125000
1842.951172	29692.525391
1841.954102	29809.138672
1840.956055	29964.693359
1839.958984	30168.908203
1838.960938	29805.582031
1837.962891	29907.478516
1836.964844	30043.423828
1835.966797	29543.990234
1834.968750	29918.460938
1833.969727	29759.892578
1832.970703	29839.804688
1831.971680	29812.660156
1830.972656	29739.312500
1829.973633	30208.246094
1828.973633	30015.722656
1827.974609	29903.482422
1826.974609	30248.187500
1825.974609	30099.496094
1824.974609	29904.693359
1823.973633	30020.880859
1822.973633	29792.156250
1821.972656	30347.826172
1820.971680	29788.945313
1819.970703	30237.613281
1818.968750	30416.734375
1817.967773	29734.380859
1816.965820	30124.591797
1815.964844	29937.359375
1814.961914	30535.964844
1813.959961	30152.316406
1812.958008	30076.695313
1811.955078	30253.189453
1810.953125	29709.837891
1809.950195	30162.564453
1808.947266	29759.931641
1807.943359	30134.976563
1806.940430	30279.816406
1805.936523	30126.775391
1804.932617	30068.201172
1803.928711	30486.492188
1802.924805	30456.916016
1801.920898	30187.800781
1800.916016	30436.498047
1799.911133	30515.791016
1798.907227	30232.292969
1797.901367	30280.156250
1796.896484	30211.960938
1795.891602	30254.972656
1794.885742	30109.468750
1793.879883	30239.468750
1792.874023	30004.628906
1791.868164	30364.062500
1790.862305	30672.652344
1789.855469	30423.371094
1788.848633	30792.193359
1787.842773	30661.246094
1786.834961	30687.208984
1785.828125	30727.636719
1784.821289	30396.537109
1783.813477	30417.705078
1782.805664	30393.042969
1781.797852	30691.482422
1780.790039	30616.154297
1779.782227	30663.775391
1778.773438	30593.296875
1777.764648	30431.281250
1776.755859	30510.224609
1775.747070	30557.826172
1774.738281	30598.185547
1773.729492	30932.273438
1772.719727	30544.046875
1771.709961	30784.156250
1770.700195	30997.708984
1769.690430	30621.703125
1768.680664	30895.345703
1767.669922	30853.810547
1766.659180	30612.693359
1765.648438	31035.257813
1764.637695	31094.681641
1763.626953	30901.714844
1762.615234	30809.744141
1761.604492	30905.210938
1760.592773	30714.779297
1759.581055	31146.478516
1758.569336	31205.810547
1757.556641	30945.796875
1756.544922	30899.517578
1755.532227	30915.656250
1754.519531	31356.531250
1753.506836	31382.179688
1752.494141	31043.195313
1751.480469	31402.263672
1750.466797	31106.556641
1749.454102	31652.494141
1748.440430	31407.183594
1747.425781	31480.722656
1746.412109	31671.650391
1745.397461	31258.753906
1744.383789	31619.726563
1743.369141	31638.083984
1742.353516	31754.613281
1741.338867	32067.419922
1740.324219	31676.355469
1739.308594	32063.255859
1738.292969	31873.330078
1737.277344	32049.519531
1736.261719	32182.587891
1735.245117	32102.753906
1734.229492	32702.046875
1733.212891	32395.021484
1732.196289	32986.878906
1731.179688	32572.361328
1730.162109	32764.925781
1729.145508	32763.904297
1728.127930	32910.980469
1727.110352	33258.613281
1726.092773	33171.539063
1725.075195	33552.425781
1724.056641	33085.800781
1723.039063	33647.941406
1722.020508	34078.644531
1721.001953	33836.425781
1719.983398	33892.453125
1718.963867	33621.730469
1717.945313	34323.953125
1716.925781	34317.875000
1715.906250	34945.832031
1714.886719	34965.859375
1713.867188	34599.871094
1712.846680	34831.972656
1711.826172	35125.921875
1710.806641	34848.210938
1709.786133	34984.898438
1708.764648	35009.648438
1707.744141	35215.285156
1706.722656	34797.339844
1705.701172	35207.566406
1704.679688	35058.589844
1703.658203	35042.863281
1702.636719	35107.992188
1701.614258	35080.371094
1700.592773	35273.843750
1699.570313	35350.781250
1698.547852	35380.160156
1697.524414	35516.449219
1696.501953	35277.343750
1695.478516	35202.210938
1694.456055	35062.984375
1693.432617	35519.757813
1692.408203	35401.886719
1691.384766	35514.281250
1690.360352	35415.433594
1689.336914	35992.820313
1688.312500	35687.539063
1687.288086	35885.183594
1686.262695	35909.644531
1685.238281	36052.644531
1684.212891	36235.890625
1683.187500	36511.503906
1682.162109	36260.949219
1681.136719	36579.105469
1680.110352	36814.238281
1679.084961	36144.546875
1678.058594	36526.484375
1677.032227	36659.687500
1676.005859	36485.113281
1674.978516	36921.218750
1673.952148	36715.894531
1672.924805	36938.871094
1671.897461	37223.269531
1670.870117	37098.406250
1669.842773	37068.175781
1668.814453	36997.757813
1667.787109	37551.410156
1666.758789	37457.296875
1665.730469	37743.656250
1664.701172	37746.402344
1663.672852	37460.968750
1662.643555	37723.550781
1661.615234	37265.843750
1660.585938	37292.277344
1659.555664	37434.359375
1658.526367	37347.468750
1657.497070	37593.312500
1656.466797	37747.058594
1655.436523	37554.011719
1654.406250	37816.191406
1653.375977	37823.617188
1652.344727	37904.125000
1651.313477	37494.328125
1650.282227	38171.097656
1649.250977	37905.128906
1648.219727	37594.488281
1647.188477	37804.503906
1646.156250	37696.519531
1645.124023	37901.730469
1644.091797	37777.285156
1643.059570	37980.050781
1642.027344	38010.953125
1640.994141	38095.957031
1639.961914	38404.417969
1638.928711	38232.941406
1637.895508	38110.914063
1636.861328	38273.425781
1635.828125	38360.648438
1634.793945	38320.921875
1633.759766	38772.351563
1632.725586	38657.375000
1631.691406	38681.039063
1630.656250	38930.167969
1629.622070	39313.062500
1628.586914	39263.804688
1627.551758	39355.414063
1626.516602	39482.191406
1625.480469	39834.203125
1624.445313	39864.656250
1623.409180	40556.609375
1622.373047	40790.964844
1621.336914	40807.156250
1620.300781	41158.609375
1619.263672	41990.484375
1618.227539	42186.914063
1617.190430	42819.121094
1616.153320	43657.281250
1615.115234	44209.355469
1614.078125	44349.035156
1613.040039	45254.375000
1612.001953	45637.300781
1610.963867	45146.968750
1609.925781	45218.500000
1608.887695	45442.105469
1607.848633	45265.562500
1606.809570	44698.449219
1605.770508	44229.761719
1604.731445	44065.214844
1603.692383	43017.007813
1602.652344	42848.058594
1601.613281	42136.972656
1600.573242	41979.921875
1599.533203	41759.847656
1598.492188	41159.113281
1597.452148	40992.972656
1596.411133	41011.351563
1595.370117	40590.828125
1594.329102	40581.257813
1593.288086	40174.957031
1592.247070	39967.132813
1591.205078	40134.976563
1590.163086	39885.242188
1589.121094	39619.273438
1588.079102	39316.093750
1587.036133	39190.191406
1585.994141	39015.382813
1584.951172	38803.351563
1583.908203	39010.792969
1582.865234	39076.050781
1581.822266	38684.773438
1580.778320	38906.089844
1579.734375	39187.859375
1578.691406	38687.355469
1577.646484	39467.144531
1576.602539	39173.875000
1575.558594	39513.554688
1574.513672	39676.320313
1573.468750	39336.648438
1572.423828	39862.148438
1571.378906	39594.636719
1570.333008	39620.113281
1569.288086	40022.097656
1568.242188	39517.671875
1567.196289	39694.160156
1566.150391	38602.273438
1565.103516	38692.929688
1564.057617	38268.042969
1563.010742	37836.347656
1561.963867	37613.714844
1560.916992	37671.984375
1559.869141	37254.539063
1558.822266	37445.089844
1557.774414	37823.457031
1556.726563	36993.390625
1555.678711	37554.882813
1554.630859	37358.070313
1553.582031	37230.863281
1552.534180	37020.273438
1551.485352	37201.343750
1550.436523	36587.722656
1549.386719	36991.171875
1548.337891	36704.339844
1547.288086	36727.882813
1546.238281	36568.527344
1545.188477	36388.394531
1544.138672	36025.503906
1543.088867	36294.410156
1542.038086	36061.210938
1540.987305	36054.765625
1539.936523	35592.742188
1538.885742	35817.597656
1537.834961	35797.324219
1536.783203	35606.019531
1535.731445	35583.476563
1534.679688	35863.617188
1533.627930	35538.414063
1532.576172	35497.414063
1531.523438	35491.066406
1530.471680	35145.320313
1529.418945	35058.238281
1528.366211	35368.167969
1527.312500	35117.234375
1526.259766	34903.304688
1525.206055	34943.199219
1524.152344	35264.453125
1523.098633	35022.937500
1522.044922	35191.890625
1520.990234	34922.808594
1519.936523	34517.843750
1518.881836	34571.582031
1517.827148	34791.175781
1516.772461	34520.050781
1515.716797	34504.660156
1514.662109	34431.707031
1513.606445	34317.339844
1512.550781	34357.234375
1511.495117	34562.812500
1510.438477	34250.593750
1509.382813	34709.183594
1508.326172	34196.925781
1507.269531	34383.984375
1506.212891	34272.058594
1505.155273	34640.652344
1504.098633	34200.023438
1503.041016	34361.660156
1501.983398	34500.265625
1500.925781	34742.195313
1499.867188	34136.480469
1498.809570	34376.089844
1497.750977	34301.050781
1496.692383	33897.757813
1495.633789	33792.988281
1494.575195	34287.210938
1493.515625	34143.402344
1492.457031	33811.531250
1491.397461	33867.402344
1490.337891	33753.550781
1489.277344	33646.621094
1488.217773	33812.519531
1487.157227	33714.781250
1486.096680	33825.605469
1485.036133	33698.113281
1483.975586	33829.515625
1482.915039	33537.160156
1481.853516	33567.789063
1480.791992	33648.769531
1479.730469	33862.488281
1478.668945	33597.796875
1477.606445	33717.628906
1476.544922	33606.339844
1475.482422	33618.613281
1474.419922	33729.222656
1473.357422	33736.890625
1472.293945	33861.156250
1471.231445	33521.351563
1470.167969	33951.851563
1469.104492	33646.425781
1468.041016	33784.320313
1466.976563	33554.410156
1465.913086	34107.910156
1464.848633	33830.070313
1463.784180	33675.609375
1462.719727	34226.500000
1461.655273	34103.972656
1460.589844	33997.457031
1459.524414	34198.953125
1458.458984	33946.476563
1457.393555	33669.007813
1456.328125	33811.167969
1455.261719	34028.503906
1454.196289	34058.863281
1453.129883	33936.527344
1452.063477	33764.105469
1450.996094	34400.445313
1449.929688	33975.187500
1448.862305	34085.222656
1447.794922	34161.066406
1446.727539	34314.277344
1445.660156	34312.667969
1444.591797	34823.058594
1443.524414	34584.738281
1442.456055	34676.339844
1441.387695	35036.277344
1440.318359	34779.851563
1439.250000	35016.867188
1438.180664	35215.156250
1437.111328	35017.921875
1436.041992	34929.824219
1434.972656	35834.578125
1433.903320	35814.507813
1432.833008	35692.246094
1431.762695	35747.136719
1430.692383	35788.386719
1429.622070	36392.542969
1428.550781	36361.039063
1427.480469	36708.468750
1426.409180	36817.570313
1425.337891	36672.589844
1424.266602	37593.531250
1423.194336	37532.351563
1422.122070	37829.378906
1421.050781	37949.503906
1419.978516	38033.328125
1418.905273	38219.078125
1417.833008	37842.949219
1416.759766	37707.039063
1415.687500	37451.152344
1414.614258	37390.078125
1413.540039	37306.382813
1412.466797	37007.699219
1411.392578	36476.042969
1410.319336	36399.339844
1409.245117	36399.578125
1408.169922	36232.445313
1407.095703	36363.863281
1406.020508	36678.363281
1404.946289	36384.679688
1403.871094	36708.101563
1402.794922	36696.976563
1401.719727	36855.292969
1400.643555	36835.105469
1399.568359	36835.250000
1398.492188	36835.390625
1397.415039	36788.121094
1396.338867	37142.652344
1395.261719	37097.597656
1394.185547	37284.968750
1393.108398	37255.691406
1392.031250	37461.007813
1390.953125	37627.910156
1389.875977	37555.742188
1388.797852	37718.054688
1387.719727	38033.578125
1386.641602	38116.867188
1385.562500	37981.570313
1384.484375	38073.847656
1383.405273	37524.171875
1382.326172	37575.957031
1381.247070	37675.007813
1380.166992	37364.316406
1379.087891	37276.554688
1378.007813	37139.316406
1376.927734	36894.128906
1375.847656	36797.500000
1374.767578	36570.453125
1373.686523	36289.519531
1372.605469	36244.753906
1371.524414	36222.484375
1370.443359	36303.605469
1369.362305	36301.550781
1368.280273	35847.917969
1367.199219	36054.847656
1366.117188	36019.148438
1365.034180	36320.277344
1363.952148	36345.156250
1362.870117	37020.972656
1361.787109	36603.597656
1360.704102	36978.445313
1359.621094	36875.308594
1358.537109	37175.949219
1357.454102	37043.652344
1356.370117	36983.156250
1355.286133	36384.640625
1354.202148	36371.351563
1353.118164	35661.109375
1352.033203	35679.320313
1350.948242	35343.570313
1349.863281	35491.738281
1348.778320	34970.269531
1347.693359	34843.050781
1346.607422	34924.066406
1345.521484	34743.183594
1344.435547	34884.601563
1343.349609	34791.046875
1342.263672	34446.980469
1341.176758	34845.578125
1340.090820	34807.976563
1339.003906	34642.953125
1337.916016	34938.464844
1336.829102	34773.472656
1335.741211	35055.449219
1334.654297	34908.363281
1333.566406	35199.144531
1332.478516	35221.816406
1331.389648	35202.054688
1330.301758	35660.058594
1329.212891	35437.097656
1328.124023	35457.472656
1327.035156	35767.914063
1325.945313	36060.390625
1324.856445	35734.910156
1323.766602	36508.984375
1322.676758	36337.386719
1321.586914	36959.480469
1320.496094	37325.023438
1319.406250	37714.945313
1318.315430	38505.777344
1317.224609	38839.652344
1316.133789	39808.175781
1315.041992	40097.152344
1313.951172	40626.480469
1312.859375	40828.382813
1311.767578	40660.750000
1310.675781	40628.917969
1309.583008	40732.812500
1308.491211	40336.160156
1307.398438	39434.792969
1306.305664	39509.933594
1305.212891	38406.718750
1304.119141	38175.261719
1303.026367	38048.339844
1301.932617	37952.574219
1300.838867	38181.199219
1299.744141	38591.882813
1298.650391	38853.617188
1297.555664	39164.109375
1296.461914	39370.140625
1295.366211	39347.476563
1294.271484	40017.218750
1293.176758	40129.792969
1292.081055	39363.820313
1290.985352	39434.324219
1289.889648	38806.250000
1288.793945	38668.406250
1287.697266	38546.125000
1286.601563	37956.226563
1285.504883	37741.046875
1284.408203	37760.796875
1283.311523	37432.750000
1282.213867	36989.648438
1281.116211	36546.707031
1280.018555	36752.632813
1278.920898	36765.894531
1277.823242	36000.101563
1276.725586	35761.234375
1275.626953	35945.019531
1274.528320	35757.121094
1273.429688	35615.730469
1272.330078	35193.570313
1271.231445	35459.117188
1270.131836	35271.437500
1269.032227	34785.472656
1267.932617	34655.429688
1266.833008	34746.351563
1265.732422	34479.410156
1264.632813	34594.621094
1263.532227	34367.546875
1262.430664	34259.765625
1261.330078	34052.699219
1260.228516	34037.695313
1259.127930	34033.726563
1258.026367	33795.921875
1256.924805	33948.597656
1255.822266	33695.453125
1254.720703	34068.566406
1253.618164	33826.515625
1252.515625	33487.574219
1251.413086	33679.820313
1250.309570	33349.839844
1249.207031	33484.765625
1248.103516	33804.644531
1247.000000	33919.621094
1245.895508	33530.382813
1244.791992	33695.992188
1243.687500	33606.246094
1242.583008	33875.195313
1241.478516	33569.843750
1240.374023	34049.863281
1239.269531	33911.726563
1238.164063	34156.234375
1237.058594	34209.386719
1235.953125	34295.492188
1234.847656	34207.953125
1233.741211	33946.863281
1232.635742	33870.398438
1231.529297	33833.496094
1230.422852	33987.660156
1229.315430	33911.226563
1228.208984	33968.726563
1227.101563	33982.308594
1225.994141	33767.664063
1224.886719	34044.554688
1223.779297	33961.593750
1222.670898	34323.882813
1221.562500	34028.191406
1220.454102	33848.804688
1219.345703	34195.570313
1218.237305	33781.710938
1217.127930	33514.816406
1216.018555	33469.289063
1214.909180	33526.726563
1213.799805	33330.097656
1212.690430	33472.933594
1211.580078	33876.230469
1210.469727	33795.652344
1209.359375	33616.617188
1208.249023	33897.140625
1207.138672	33869.097656
1206.027344	34118.843750
1204.916016	33977.054688
1203.804688	34126.113281
1202.693359	34111.160156
1201.581055	34032.828125
1200.469727	34140.269531
1199.357422	34398.425781
1198.245117	34064.496094
1197.131836	34503.847656
1196.019531	34521.585938
1194.906250	34587.351563
1193.792969	34829.906250
1192.679688	34653.332031
1191.566406	35048.527344
1190.452148	34651.625000
1189.337891	34387.925781
1188.223633	34213.738281
1187.109375	34142.093750
1185.995117	34133.699219
1184.879883	33961.824219
1183.764648	33903.339844
1182.649414	33587.761719
1181.534180	33514.109375
1180.418945	33331.578125
1179.302734	33379.949219
1178.186523	33376.046875
1177.070313	33147.921875
1175.954102	33298.593750
1174.837891	33225.066406
1173.720703	33249.472656
1172.603516	33019.355469
1171.486328	33037.265625
1170.369141	32750.728516
1169.250977	33033.921875
1168.132813	32793.136719
1167.015625	32711.091797
1165.896484	32655.150391
1164.778320	32866.453125
1163.660156	32736.650391
1162.541016	32713.308594
1161.421875	32737.744141
1160.302734	32911.964844
1159.182617	32734.488281
1158.063477	32752.392578
1156.943359	32729.060547
1155.823242	32226.300781
1154.703125	32623.857422
1153.582031	32609.232422
1152.461914	32705.191406
1151.340820	32564.820313
1150.219727	32701.929688
1149.097656	32969.007813
1147.976563	32404.003906
1146.854492	32749.021484
1145.732422	32641.251953
1144.610352	33323.902344
1143.488281	32980.078125
1142.365234	33006.527344
1141.243164	33459.324219
1140.120117	33515.968750
1138.996094	33587.738281
1137.873047	33577.281250
1136.750000	33413.273438
1135.625977	33497.992188
1134.501953	33215.152344
1133.377930	33455.500000
1132.252930	33458.035156
1131.127930	33181.839844
1130.003906	33817.390625
1128.878906	33206.437500
1127.752930	33675.468750
1126.627930	33578.632813
1125.501953	33650.214844
1124.375977	33374.277344
1123.250000	33344.441406
1122.124023	33390.128906
1120.997070	33403.445313
1119.871094	33295.972656
1118.744141	33302.828125
1117.617188	33296.742188
1116.489258	33374.726563
1115.362305	33306.125000
1114.234375	33213.847656
1113.106445	33033.269531
1111.978516	33044.464844
1110.849609	33830.949219
1109.721680	32836.441406
1108.592773	33009.125000
1107.463867	33018.156250
1106.333984	33132.632813
1105.205078	32920.015625
1104.075195	33146.332031
1102.945313	33228.453125
1101.815430	33403.015625
1100.685547	33336.703125
1099.554688	33306.960938
1098.424805	33726.425781
1097.293945	33503.218750
1096.162109	33718.382813
1095.031250	33190.226563
1093.899414	33355.968750
1092.768555	33375.632813
1091.636719	33139.808594
1090.503906	33253.949219
1089.372070	32833.660156
1088.239258	32628.097656
1087.106445	32963.234375
1085.973633	32931.460938
1084.840820	32983.335938
1083.708008	32790.757813
1082.574219	32859.785156
1081.440430	33102.402344
1080.306641	33299.925781
1079.171875	32805.316406
1078.038086	33097.074219
1076.903320	33382.300781
1075.768555	33136.347656
1074.633789	33102.445313
1073.498047	33342.554688
1072.363281	33460.582031
1071.227539	33413.796875
1070.091797	33268.609375
1068.956055	33470.003906
1067.819336	33380.464844
1066.682617	33440.636719
1065.546875	33633.332031
1064.409180	33174.019531
1063.272461	33439.351563
1062.135742	33307.156250
1060.998047	33384.371094
1059.860352	33369.707031
1058.722656	33397.757813
1057.583984	33047.878906
1056.446289	32986.316406
1055.307617	32969.597656
1054.168945	33217.496094
1053.029297	33108.992188
1051.890625	32893.867188
1050.750977	32879.304688
1049.611328	32999.085938
1048.471680	33263.800781
1047.332031	33074.378906
1046.191406	33264.386719
1045.051758	33183.707031
1043.911133	33139.269531
1042.769531	32813.679688
1041.628906	33401.839844
1040.487305	33101.871094
1039.346680	33078.765625
1038.205078	33136.550781
1037.062500	32862.328125
1035.920898	32743.527344
1034.778320	32856.648438
1033.635742	33029.281250
1032.493164	32829.703125
1031.350586	33282.925781
1030.207031	33083.371094
1029.063477	32707.482422
1027.919922	32865.101563
1026.776367	32659.353516
1025.632813	32906.136719
1024.488281	32897.972656
1023.343750	32942.894531
1022.199219	32979.304688
1021.054688	32990.226563
1019.910156	33344.953125
1018.764648	33236.976563
1017.619141	32802.332031
1016.473633	33182.343750
1015.327148	33328.941406
1014.181641	33619.660156
1013.035156	33486.285156
1011.888672	33071.062500
1010.742188	33160.347656
1009.594727	33347.062500
1008.448242	33347.285156
1007.300781	33010.753906
1006.153320	33237.621094
1005.005859	33828.558594
1003.857422	33885.843750
1002.708984	34012.949219
1001.560547	34205.605469
1000.412109	34465.886719
999.263672	34704.917969
998.114258	35070.750000
996.965820	34969.148438
995.816406	34685.773438
994.666016	34542.003906
993.516602	34385.605469
992.366211	34347.585938
991.215820	34518.722656
990.065430	34204.000000
988.915039	34582.042969
987.763672	34531.343750
986.613281	34571.429688
985.461914	34358.230469
984.309570	34535.496094
983.158203	34339.257813
982.005859	34535.441406
980.854492	34408.871094
979.701172	34529.058594
978.548828	34556.433594
977.396484	34528.992188
976.243164	34550.035156
975.089844	34526.816406
973.936523	34273.972656
972.783203	34499.359375
971.628906	34219.234375
970.474609	34284.519531
969.320313	33937.171875
968.166016	34151.921875
967.010742	33804.722656
965.856445	34309.765625
964.701172	34061.531250
963.545898	34181.449219
962.390625	34057.394531
961.234375	34295.000000
960.078125	34530.417969
958.921875	34358.023438
957.765625	34662.679688
956.609375	34738.226563
955.452148	34395.746094
954.294922	34819.929688
953.137695	34433.460938
951.980469	34559.371094
950.822266	34481.636719
949.665039	34288.507813
948.506836	34477.316406
947.347656	34619.902344
946.189453	34345.050781
945.030273	34395.335938
943.872070	34361.738281
942.712891	34541.964844
941.552734	34336.488281
940.393555	34715.722656
939.233398	34183.453125
938.073242	34746.906250
936.913086	34539.441406
935.752930	34520.503906
934.591797	34704.648438
933.430664	34656.382813
932.269531	34777.644531
931.108398	34817.261719
929.947266	34923.800781
928.785156	35191.359375
927.623047	35126.308594
926.460938	34609.660156
925.298828	34795.593750
924.135742	35025.347656
922.972656	35041.867188
921.810547	34895.414063
920.646484	34811.683594
919.483398	34947.273438
918.319336	35091.167969
917.155273	35212.039063
915.991211	35470.632813
914.827148	35672.777344
913.662109	35712.093750
912.498047	35488.531250
911.333008	36130.667969
910.167969	35978.011719
909.001953	35950.515625
907.836914	36075.207031
906.670898	36047.699219
905.504883	36049.371094
904.337891	36032.292969
903.171875	35613.175781
902.004883	36158.519531
900.837891	36153.917969
899.670898	35989.003906
898.503906	35782.519531
897.335938	35942.402344
896.167969	35634.039063
895.000000	35783.480469
893.832031	35868.386719
892.663086	36173.703125
891.495117	35487.089844
890.326172	35717.523438
889.156250	35829.390625
887.987305	35928.750000
886.817383	36113.253906
885.648438	35570.617188
884.478516	36027.203125
883.307617	36037.148438
882.137695	36456.105469
880.966797	36293.671875
879.795898	35911.300781
878.625000	36504.347656
877.454102	36644.894531
876.282227	36623.589844
875.110352	36728.804688
873.938477	37404.191406
872.766602	37109.105469
871.593750	37315.726563
870.421875	37186.550781
869.249023	37521.542969
868.076172	37618.175781
866.902344	37768.621094
865.729492	37600.101563
864.555664	38079.695313
863.381836	38124.394531
862.207031	38369.835938
861.033203	38544.824219
859.858398	38808.714844
858.683594	38838.757813
857.508789	38926.699219
856.333984	38638.269531
855.158203	38490.531250
853.982422	38010.054688
852.806641	38052.609375
851.630859	37983.570313
850.454102	37429.082031
849.278320	38105.816406
848.101563	37770.402344
846.924805	37658.101563
845.747070	38286.933594
844.570313	38273.644531
843.392578	38190.195313
842.214844	38189.304688
841.036133	38745.363281
839.858398	38816.550781
838.679688	39087.726563
837.500977	39243.347656
836.322266	39485.480469
835.143555	39401.906250
833.963867	39409.019531
832.784180	39626.261719
831.604492	39229.621094
830.424805	39434.457031
829.244141	39180.066406
828.063477	38769.312500
826.882813	38344.304688
825.702148	38129.347656
824.521484	38463.808594
823.339844	38559.523438
822.158203	37888.058594
820.976563	37932.433594
819.794922	37816.429688
818.612305	37889.574219
817.430664	38129.160156
816.248047	37801.535156
815.064453	38061.589844
813.881836	37970.308594
812.698242	37757.894531
811.514648	37974.683594
810.331055	37934.785156
809.147461	38011.894531
807.962891	38004.832031
806.778320	38336.304688
805.593750	38411.238281
804.409180	38787.628906
803.224609	38718.906250
802.039063	38629.707031
800.853516	38185.917969
799.667969	38449.347656
798.482422	37860.273438
797.295898	37629.929688
796.109375	37780.656250
794.922852	37458.253906
793.736328	37699.042969
792.548828	37372.679688
791.362305	37423.042969
790.174805	37606.398438
788.986328	37222.941406
787.798828	37060.554688
786.610352	37135.472656
785.421875	37032.457031
784.233398	36970.371094
783.044922	37020.726563
781.856445	37167.121094
780.666992	36571.726563
779.477539	37094.050781
778.288086	36613.269531
777.097656	36567.656250
775.907227	37069.265625
774.717773	36886.804688
773.526367	36571.742188
772.335938	37285.296875
771.144531	36947.828125
769.954102	36755.320313
768.762695	36713.804688
767.570313	37129.078125
766.378906	37499.343750
765.186523	37168.253906
763.994141	37287.691406
762.801758	37849.253906
761.609375	37510.132813
760.416016	37674.246094
759.222656	37575.585938
758.029297	37601.167969
756.835938	38031.851563
755.641602	38138.746094
754.447266	37932.214844
753.252930	38073.675781
752.058594	38097.097656
750.864258	37843.902344
749.668945	37800.250000
748.473633	37567.531250
747.278320	37489.386719
746.083008	37555.566406
744.886719	37253.933594
743.690430	37405.453125
742.494141	37252.234375
741.297852	37363.078125
740.100586	37410.933594
738.904297	37172.535156
737.707031	36909.863281
736.509766	37154.617188
735.311523	36875.812500
734.113281	37246.246094
732.916016	36805.269531
731.716797	36828.824219
730.518555	37343.003906
729.320313	36806.980469
728.121094	36848.753906
726.921875	36813.511719
725.721680	36762.074219
724.522461	36392.648438
723.322266	36940.750000
722.122070	36707.082031
720.921875	36740.718750
719.721680	36667.070313
718.520508	36573.210938
717.319336	36525.921875
716.118164	36976.277344
714.916992	36835.886719
713.714844	36998.871094
712.513672	36733.179688
711.311523	37278.156250
710.108398	37105.476563
708.906250	37072.281250
707.703125	37182.531250
706.500000	37533.105469
705.296875	37687.652344
704.093750	37329.289063
702.889648	37798.738281
701.685547	37539.382813
700.481445	37588.875000
699.277344	38199.238281
698.072266	37843.121094
696.868164	38182.949219
695.663086	38278.656250
694.457031	38497.304688
693.251953	38480.031250
692.045898	38835.601563
690.839844	38828.343750
689.633789	38857.351563
688.427734	38868.214844
687.220703	38713.941406
686.013672	38891.941406
684.806641	38431.726563
683.599609	38285.664063
682.391602	38526.023438
681.184570	38184.835938
679.976563	37873.945313
678.767578	38055.914063
677.559570	38286.074219
676.350586	37709.957031
675.141602	38044.617188
673.932617	37995.296875
672.723633	38233.324219
671.513672	38007.199219
670.303711	37690.769531
669.093750	38015.066406
667.883789	38132.437500
666.672852	37810.132813
665.462891	38238.589844
664.251953	37900.332031
663.040039	37054.597656
661.829102	37484.957031
660.617188	37614.320313
659.405273	37771.703125
658.193359	37471.929688
656.981445	37675.378906
655.768555	37692.375000
654.555664	37717.375000
653.342773	37489.945313
652.129883	37701.246094
650.916016	37898.445313
649.702148	38243.730469
648.488281	38080.429688
647.274414	38051.277344
646.059570	38964.636719
644.845703	39277.449219
643.630859	39850.179688
642.416016	39854.710938
641.200195	40067.195313
639.984375	39789.796875
638.769531	39852.296875
637.552734	39409.167969
636.336914	39481.707031
635.120117	38785.101563
633.904297	38845.742188
632.687500	38702.667969
631.469727	38637.511719
630.252930	38404.695313
629.035156	38235.835938
627.817383	38035.109375
626.599609	38197.554688
625.380859	38138.531250
624.163086	38011.718750
622.944336	37956.734375
621.724609	38139.003906
620.505859	37735.203125
619.286133	38048.968750
618.066406	37711.082031
616.846680	38126.328125
615.626953	37870.210938
614.406250	38058.253906
613.186523	37873.917969
611.965820	38030.039063
610.744141	38249.785156
609.523438	38105.304688
608.301758	38215.531250
607.080078	38132.773438
605.858398	37964.527344
604.635742	38064.769531
603.414063	38302.144531
602.191406	37893.457031
600.968750	38504.367188
599.745117	38453.425781
598.522461	38388.597656
597.298828	38679.300781
596.075195	38864.652344
594.850586	38519.839844
593.626953	38691.253906
592.402344	38558.953125
591.177734	38877.125000
589.953125	39175.335938
588.727539	39298.882813
587.501953	39325.210938
586.276367	39369.371094
585.050781	39956.683594
583.825195	39826.292969
582.598633	40238.910156
581.372070	40298.710938
580.145508	39817.703125
578.917969	40699.464844
577.691406	41101.703125
576.463867	41365.203125
575.236328	41296.062500
574.007813	41203.199219
572.780273	41389.359375
571.551758	41664.468750
570.323242	41522.132813
569.094727	40976.433594
567.865234	40952.910156
566.635742	40972.878906
565.406250	40490.832031
564.176758	40672.914063
562.947266	40538.816406
561.716797	39818.105469
560.486328	39563.746094
559.255859	39536.554688
558.024414	39527.140625
556.793945	39322.320313
555.562500	39261.632813
554.331055	39127.968750
553.098633	39053.527344
551.867188	38789.773438
550.634766	38496.535156
549.402344	38593.781250
548.168945	38487.953125
546.936523	38488.589844
545.703125	38475.429688
544.469727	38649.433594
543.236328	38429.421875
542.001953	38540.343750
540.767578	38700.449219
539.533203	38557.324219
538.298828	38544.152344
537.064453	38483.757813
535.829102	38596.523438
534.593750	38903.992188
533.358398	39032.367188
532.122070	39131.199219
530.886719	38752.246094
529.650391	39108.585938
528.414063	39331.152344
527.176758	39406.261719
525.940430	39666.011719
524.703125	39177.312500
523.465820	39018.710938
522.227539	39140.941406
520.990234	39251.343750
519.751953	39306.746094
518.513672	38936.304688
517.275391	39140.851563
516.036133	39300.203125
514.796875	39381.042969
513.557617	39461.851563
512.318359	39481.851563
511.079102	39337.195313
509.838867	39551.222656
508.598633	39210.667969
507.358398	39428.554688
506.117188	39362.355469
504.876953	39116.019531
503.635742	39018.574219
502.394531	38938.781250
501.152344	39360.042969
499.911133	38937.777344
498.668945	39266.925781
497.425781	39281.031250
496.183594	39146.496094
494.941406	39060.890625
493.698242	39037.875000
492.455078	39302.183594
491.210938	39314.304688
489.967773	39183.789063
488.723633	39506.519531
487.479492	39239.296875
486.235352	39661.480469
484.990234	39720.363281
483.745117	39818.265625
482.500000	39406.761719
481.254883	39865.660156
480.008789	39834.714844
478.763672	39916.910156
477.517578	40010.769531
476.271484	40566.687500
475.024414	40356.281250
473.777344	40181.039063
472.530273	40378.050781
471.283203	40263.261719
470.036133	40510.824219
468.788086	40296.722656
467.540039	40555.867188
466.291992	40509.261719
465.043945	40705.976563
463.794922	40497.832031
462.545898	40558.269531
461.296875	40785.984375
460.047852	40791.882813
458.797852	41058.355469
457.547852	40926.152344
456.297852	41128.347656
455.047852	41244.949219
453.796875	41272.121094
452.545898	41582.921875
451.294922	41613.898438
450.043945	41699.242188
448.792969	42002.011719
447.541016	42219.250000
446.289063	41815.308594
445.036133	42249.839844
443.784180	42794.792969
442.531250	42152.367188
441.278320	42646.707031
440.025391	42308.984375
438.771484	41915.164063
437.518555	41837.445313
436.264648	41496.187500
435.010742	41075.613281
433.755859	40994.214844
432.500977	40986.449219
431.246094	40420.964844
429.991211	41025.128906
428.736328	40622.457031
427.480469	40067.035156
426.224609	40262.621094
424.968750	40407.832031
423.712891	40195.132813
422.456055	40189.449219
421.199219	39980.738281
419.942383	40164.546875
418.685547	40011.968750
417.427734	40178.304688
416.169922	40147.500000
414.912109	39772.855469
413.654297	39921.753906
412.395508	39885.214844
411.136719	39734.781250
409.877930	40171.210938
408.619141	40092.183594
407.359375	40198.421875
406.099609	39828.109375
404.839844	40134.949219
403.580078	40503.382813
402.319336	39915.343750
401.059570	40337.648438
