#Wave		#Intensity
2001.182617	35802.800781
2000.212891	35715.074219
1999.243164	35721.371094
1998.273438	35973.214844
1997.303711	35383.226563
1996.333008	35512.304688
1995.363281	35571.214844
1994.392578	36216.011719
1993.421875	35936.812500
1992.451172	35822.910156
1991.479492	35663.996094
1990.508789	35880.457031
1989.537109	36259.453125
1988.566406	35947.964844
1987.594727	35761.628906
1986.622070	35930.410156
1985.650391	35976.632813
1984.677734	36212.796875
1983.706055	35746.644531
1982.733398	35767.882813
1981.760742	36116.378906
1980.788086	36207.480469
1979.814453	35819.062500
1978.841797	35732.902344
1977.868164	36313.324219
1976.894531	36059.875000
1975.920898	36095.996094
1974.947266	35850.152344
1973.972656	36095.851563
1972.999023	36124.464844
1972.024414	35948.570313
1971.049805	36069.449219
1970.075195	36389.718750
1969.099609	36144.074219
1968.125000	36105.359375
1967.149414	36278.445313
1966.173828	35948.242188
1965.198242	36375.351563
1964.222656	35893.335938
1963.247070	36526.964844
1962.270508	35915.636719
1961.294922	36531.613281
1960.318359	36579.972656
1959.341797	36513.859375
1958.364258	36171.628906
1957.387695	36326.976563
1956.410156	36285.804688
1955.433594	36528.097656
1954.456055	36501.820313
1953.478516	36758.902344
1952.500000	36553.660156
1951.522461	36283.886719
1950.543945	36754.515625
1949.565430	36690.953125
1948.586914	36955.222656
1947.608398	36707.906250
1946.629883	36602.183594
1945.650391	36722.363281
1944.671875	36822.644531
1943.692383	37096.574219
1942.712891	36524.464844
1941.733398	36604.882813
1940.752930	36541.433594
1939.773438	36520.160156
1938.792969	36667.464844
1937.812500	36683.351563
1936.832031	36617.453125
1935.851563	36777.046875
1934.870117	36852.359375
1933.888672	36756.738281
1932.908203	36339.210938
1931.926758	36731.480469
1930.945313	36777.035156
1929.962891	36728.515625
1928.981445	36882.937500
1927.999023	37168.437500
1927.016602	36986.285156
1926.034180	36828.925781
1925.051758	36520.769531
1924.069336	36761.625000
1923.085938	37049.363281
1922.102539	37186.226563
1921.119141	37162.410156
1920.135742	37101.539063
1919.152344	37035.746094
1918.168945	37226.851563
1917.184570	36778.285156
1916.200195	36843.441406
1915.215820	36720.957031
1914.231445	36773.753906
1913.247070	37048.632813
1912.261719	37106.289063
1911.276367	37425.414063
1910.291992	37085.875000
1909.306641	37113.898438
1908.320313	37159.167969
1907.334961	37275.910156
1906.348633	37370.425781
1905.363281	37004.082031
1904.376953	37207.019531
1903.390625	37202.957031
1902.403320	37191.503906
1901.416992	37561.753906
1900.429688	37065.199219
1899.443359	37280.250000
1898.456055	37320.472656
1897.467773	37129.359375
1896.480469	37265.550781
1895.493164	37076.968750
1894.504883	37119.656250
1893.516602	36975.429688
1892.528320	37050.074219
1891.540039	37208.277344
1890.550781	37282.855469
1889.562500	37431.125000
1888.573242	37269.765625
1887.583984	37191.984375
1886.594727	37141.242188
1885.605469	37291.886719
1884.615234	37246.054688
1883.625000	37629.828125
1882.635742	37674.761719
1881.645508	37432.566406
1880.654297	37767.035156
1879.664063	37215.816406
1878.673828	37211.730469
1877.682617	37482.296875
1876.691406	37470.808594
1875.700195	37763.292969
1874.708984	37582.644531
1873.716797	37392.253906
1872.725586	37478.785156
1871.733398	37636.328125
1870.741211	37575.832031
1869.749023	37914.507813
1868.755859	38062.089844
1867.763672	37925.664063
1866.770508	38117.246094
1865.777344	37674.968750
1864.784180	38162.566406
1863.791016	37524.738281
1862.797852	37689.347656
1861.803711	38137.554688
1860.809570	37954.816406
1859.815430	38119.257813
1858.821289	37980.578125
1857.827148	38127.847656
1856.832031	38431.429688
1855.837891	38180.394531
1854.842773	37922.121094
1853.847656	38020.453125
1852.852539	38658.316406
1851.856445	37916.761719
1850.861328	38242.015625
1849.865234	38603.757813
1848.869141	38357.871094
1847.873047	38382.835938
1846.876953	38568.753906
1845.879883	38388.839844
1844.883789	38567.375000
1843.886719	38407.019531
1842.889648	38514.808594
1841.892578	38059.667969
1840.895508	38679.109375
1839.897461	38450.632813
1838.899414	38704.460938
1837.901367	38237.425781
1836.903320	38970.820313
1835.905273	38742.449219
1834.907227	38708.859375
1833.908203	38704.476563
1832.909180	38940.953125
1831.910156	38630.039063
1830.911133	38450.562500
1829.912109	39112.484375
1828.912109	39042.386719
1827.913086	38607.699219
1826.913086	38902.261719
1825.913086	39009.613281
1824.913086	38468.261719
1823.912109	38978.871094
1822.912109	38862.718750
1821.911133	38586.343750
1820.910156	39203.480469
1819.909180	38830.046875
1818.908203	39395.957031
1817.906250	39112.398438
1816.904297	38855.621094
1815.903320	39018.570313
1814.900391	39035.945313
1813.898438	39176.976563
1812.896484	39063.402344
1811.893555	38901.386719
1810.891602	39226.546875
1809.888672	39263.250000
1808.885742	39416.222656
1807.881836	39118.609375
1806.878906	39208.585938
1805.875000	39579.402344
1804.871094	39296.441406
1803.867188	39185.429688
1802.863281	39635.914063
1801.859375	39945.898438
1800.854492	39624.355469
1799.849609	39735.890625
1798.844727	39849.800781
1797.839844	39912.894531
1796.834961	39748.714844
1795.830078	39843.222656
1794.824219	40353.359375
1793.818359	40063.539063
1792.812500	40041.976563
1791.806641	40051.820313
1790.799805	40368.359375
1789.793945	40385.382813
1788.787109	40436.195313
1787.780273	40585.949219
1786.773438	40359.179688
1785.766602	40484.761719
1784.758789	40709.207031
1783.751953	40569.363281
1782.744141	40661.078125
1781.736328	40432.078125
1780.728516	40839.578125
1779.719727	40796.214844
1778.711914	40957.703125
1777.703125	41299.839844
1776.694336	40976.968750
1775.685547	41441.812500
1774.676758	41270.742188
1773.666992	40627.816406
1772.657227	41210.425781
1771.648438	41183.894531
1770.638672	41369.136719
1769.627930	41299.273438
1768.618164	41253.488281
1767.607422	41890.785156
1766.597656	41436.105469
1765.586914	41546.597656
1764.576172	41714.742188
1763.564453	41702.562500
1762.553711	41764.882813
1761.541992	41452.371094
1760.530273	41774.148438
1759.518555	41742.746094
1758.506836	41488.031250
1757.495117	41977.691406
1756.482422	42001.476563
1755.469727	42363.664063
1754.457031	42461.761719
1753.444336	42444.656250
1752.431641	42326.808594
1751.417969	42319.328125
1750.405273	42448.527344
1749.391602	42800.652344
1748.377930	43179.019531
1747.364258	42727.996094
1746.349609	42892.972656
1745.335938	42753.617188
1744.321289	42841.871094
1743.306641	43193.542969
1742.291992	43281.683594
1741.276367	43252.480469
1740.261719	43376.484375
1739.246094	43201.281250
1738.230469	43406.605469
1737.214844	43662.093750
1736.199219	43470.183594
1735.182617	43771.007813
1734.166992	43904.339844
1733.150391	44264.746094
1732.133789	44345.355469
1731.117188	44504.800781
1730.099609	44774.105469
1729.083008	44673.007813
1728.065430	45157.160156
1727.047852	44869.746094
1726.030273	45647.386719
1725.012695	45474.574219
1723.994141	45604.968750
1722.976563	46525.250000
1721.958008	46338.054688
1720.939453	46158.082031
1719.920898	46314.492188
1718.901367	46807.105469
1717.882813	46896.578125
1716.863281	47136.207031
1715.843750	47020.597656
1714.824219	47245.816406
1713.803711	47883.164063
1712.784180	47181.433594
1711.763672	47285.023438
1710.743164	47319.511719
1709.722656	47623.046875
1708.702148	47674.121094
1707.681641	47622.832031
1706.660156	47704.824219
1705.638672	47920.031250
1704.617188	47390.554688
1703.595703	47313.175781
1702.574219	47801.812500
1701.551758	47840.890625
1700.529297	47692.156250
1699.507813	47362.832031
1698.484375	47775.054688
1697.461914	47754.707031
1696.439453	48204.722656
1695.416016	48086.917969
1694.392578	47964.406250
1693.369141	48012.886719
1692.345703	47952.144531
1691.322266	48245.070313
1690.297852	48407.371094
1689.273438	48232.703125
1688.249023	48622.675781
1687.224609	48832.253906
1686.200195	48956.386719
1685.174805	48881.316406
1684.150391	49088.359375
1683.125000	49084.390625
1682.099609	49575.683594
1681.073242	49555.039063
1680.047852	49546.246094
1679.021484	49743.503906
1677.995117	49592.597656
1676.968750	49792.144531
1675.942383	49750.167969
1674.916016	50143.679688
1673.888672	50016.464844
1672.862305	50265.464844
1671.834961	50105.152344
1670.806641	50602.378906
1669.779297	50267.074219
1668.751953	50489.843750
1667.723633	51012.730469
1666.695313	50556.996094
1665.666992	50621.269531
1664.638672	51193.460938
1663.609375	50650.535156
1662.581055	51458.679688
1661.551758	51092.988281
1660.522461	50715.621094
1659.493164	50987.503906
1658.462891	51153.085938
1657.433594	51320.968750
1656.403320	51009.878906
1655.373047	51654.187500
1654.342773	51838.394531
1653.312500	51777.308594
1652.281250	51742.175781
1651.250977	51608.054688
1650.219727	51662.515625
1649.188477	51905.449219
1648.156250	51681.843750
1647.125000	51646.750000
1646.092773	51762.382813
1645.060547	52221.738281
1644.028320	51934.667969
1642.996094	52200.820313
1641.963867	52104.464844
1640.930664	51954.027344
1639.898438	52370.585938
1638.865234	52511.804688
1637.832031	52319.039063
1636.797852	52791.734375
1635.764648	52869.324219
1634.730469	53059.703125
1633.696289	52657.824219
1632.662109	53245.238281
1631.627930	53031.394531
1630.592773	53757.105469
1629.558594	53505.667969
1628.523438	53585.367188
1627.488281	54230.769531
1626.453125	54667.058594
1625.416992	54518.878906
1624.381836	55168.457031
1623.345703	55264.199219
1622.309570	56178.437500
1621.273438	56426.382813
1620.237305	57457.308594
1619.200195	57646.332031
1618.163086	58873.539063
1617.125977	59683.203125
1616.088867	60719.835938
1615.051758	62069.984375
1614.014648	63370.464844
1612.976563	63888.382813
1611.938477	64300.761719
1610.900391	65089.855469
1609.862305	65190.601563
1608.823242	64799.921875
1607.785156	64870.261719
1606.746094	63820.148438
1605.707031	63383.136719
1604.667969	62502.007813
1603.628906	61560.410156
1602.588867	60829.511719
1601.548828	59750.652344
1600.508789	59298.386719
1599.468750	58846.281250
1598.428711	58291.562500
1597.387695	58255.484375
1596.347656	57838.824219
1595.306641	57251.886719
1594.265625	57346.718750
1593.224609	56974.773438
1592.182617	56362.632813
1591.140625	55827.691406
1590.099609	56774.042969
1589.057617	56582.023438
1588.014648	56394.730469
1586.972656	56321.734375
1585.929688	56649.656250
1584.887695	56758.402344
1583.844727	57174.660156
1582.800781	57294.917969
1581.757813	57340.601563
1580.714844	57672.691406
1579.670898	57494.769531
1578.626953	57714.972656
1577.583008	58195.769531
1576.538086	58159.792969
1575.494141	58496.082031
1574.449219	58725.246094
1573.404297	58817.101563
1572.359375	59248.429688
1571.314453	59295.984375
1570.269531	59159.875000
1569.223633	58935.496094
1568.177734	59055.105469
1567.131836	59625.394531
1566.085938	58446.335938
1565.040039	58408.031250
1563.993164	58153.789063
1562.946289	57855.523438
1561.899414	57443.621094
1560.852539	57393.910156
1559.805664	56599.363281
1558.757813	56438.460938
1557.709961	56312.402344
1556.662109	56469.324219
1555.614258	56294.609375
1554.566406	56632.304688
1553.517578	55430.777344
1552.469727	55705.929688
1551.420898	56048.179688
1550.372070	55456.679688
1549.322266	55787.265625
1548.273438	55284.019531
1547.223633	55350.550781
1546.173828	54826.726563
1545.124023	55402.527344
1544.074219	55121.867188
1543.024414	54734.867188
1541.973633	54965.675781
1540.922852	54766.191406
1539.872070	54192.140625
1538.821289	54376.671875
1537.770508	54304.535156
1536.718750	54731.664063
1535.666992	53943.109375
1534.615234	54323.937500
1533.563477	54083.218750
1532.511719	54731.796875
1531.458984	54391.789063
1530.407227	54292.019531
1529.354492	53677.507813
1528.300781	53965.636719
1527.248047	54094.441406
1526.195313	53969.406250
1525.141602	53987.433594
1524.087891	53574.167969
1523.034180	53329.378906
1521.980469	53492.750000
1520.925781	53815.117188
1519.871094	53501.265625
1518.817383	53722.121094
1517.762695	53590.402344
1516.707031	53067.140625
1515.652344	53018.492188
1514.596680	53020.519531
1513.541016	52872.894531
1512.485352	53098.214844
1511.429688	53286.632813
1510.374023	52701.843750
1509.317383	52894.863281
1508.260742	52986.597656
1507.204102	52698.843750
1506.147461	52326.109375
1505.090820	52785.722656
1504.033203	52608.476563
1502.975586	52454.277344
1501.917969	52791.835938
1500.860352	52378.058594
1499.802734	52437.582031
1498.744141	52765.769531
1497.686523	52402.726563
1496.627930	52255.601563
1495.569336	52344.933594
1494.509766	52390.632813
1493.451172	52404.187500
1492.391602	52149.339844
1491.332031	52314.308594
1490.272461	52669.546875
1489.212891	52068.578125
1488.152344	52712.566406
1487.092773	52586.230469
1486.032227	52178.078125
1484.971680	52450.531250
1483.910156	52260.164063
1482.849609	52344.699219
1481.788086	52179.601563
1480.726563	52444.984375
1479.665039	52083.062500
1478.603516	52362.097656
1477.541992	52371.011719
1476.479492	52629.296875
1475.416992	52182.960938
1474.354492	52342.839844
1473.291992	52543.820313
1472.229492	52340.070313
1471.166016	52255.250000
1470.102539	52707.519531
1469.039063	52679.785156
1467.975586	52629.214844
1466.912109	52704.285156
1465.847656	52719.949219
1464.783203	52868.039063
1463.718750	53283.171875
1462.654297	53106.988281
1461.589844	53090.609375
1460.524414	53304.687500
1459.458984	53523.246094
1458.393555	53566.097656
1457.328125	53770.847656
1456.262695	54358.566406
1455.196289	53933.914063
1454.130859	54081.496094
1453.064453	53584.121094
1451.998047	53510.703125
1450.930664	54305.226563
1449.864258	53937.894531
1448.796875	54269.785156
1447.729492	54314.679688
1446.662109	54302.648438
1445.594727	54584.218750
1444.526367	54663.160156
1443.458008	55192.546875
1442.390625	55332.765625
1441.321289	55754.945313
1440.252930	55706.269531
1439.184570	56080.484375
1438.115234	56047.675781
1437.045898	56662.589844
1435.976563	56609.234375
1434.907227	57148.855469
1433.836914	56116.425781
1432.767578	56905.750000
1431.697266	57152.105469
1430.626953	57046.480469
1429.555664	56738.878906
1428.485352	57811.191406
1427.414063	57705.500000
1426.342773	57792.671875
1425.271484	57784.550781
1424.200195	58105.257813
1423.128906	58468.925781
1422.056641	58805.257813
1420.984375	58919.343750
1419.912109	58566.554688
1418.839844	58927.605469
1417.767578	58679.144531
1416.694336	59160.078125
1415.621094	58245.890625
1414.547852	58332.765625
1413.474609	57951.023438
1412.400391	57512.832031
1411.327148	57493.429688
1410.252930	57001.175781
1409.178711	57640.136719
1408.104492	57295.035156
1407.029297	57983.453125
1405.955078	57489.191406
1404.879883	57899.289063
1403.804688	58903.628906
1402.729492	58938.218750
1401.653320	59047.347656
1400.578125	59294.222656
1399.501953	59204.500000
1398.425781	59476.093750
1397.349609	58663.933594
1396.272461	58696.253906
1395.196289	58703.738281
1394.119141	59198.597656
1393.041992	58822.464844
1391.964844	58981.039063
1390.886719	58866.675781
1389.809570	59295.750000
1388.731445	59731.429688
1387.653320	59671.082031
1386.575195	59290.750000
1385.497070	59861.378906
1384.417969	59418.066406
1383.338867	60119.093750
1382.259766	60193.832031
1381.180664	60054.648438
1380.101563	60138.371094
1379.021484	59852.945313
1377.941406	59997.425781
1376.861328	59338.644531
1375.781250	59343.691406
1374.701172	59258.773438
1373.620117	59587.640625
1372.539063	58688.828125
1371.458008	58424.238281
1370.376953	58397.972656
1369.295898	57994.207031
1368.213867	59158.742188
1367.132813	58272.039063
1366.050781	57983.046875
1364.967773	57833.371094
1363.885742	57876.816406
1362.802734	58097.574219
1361.720703	58495.539063
1360.637695	58480.500000
1359.554688	58077.351563
1358.470703	57636.214844
1357.387695	57850.074219
1356.303711	57438.281250
1355.219727	57100.617188
1354.135742	57112.722656
1353.050781	56772.992188
1351.966797	56265.335938
1350.881836	56405.273438
1349.796875	56262.941406
1348.711914	56183.367188
1347.626953	55884.398438
1346.541016	55690.746094
1345.455078	55830.644531
1344.369141	56274.828125
1343.283203	56130.425781
1342.197266	56328.324219
1341.110352	55794.800781
1340.023438	55679.625000
1338.936523	56277.687500
1337.849609	55820.457031
1336.762695	55944.468750
1335.674805	55869.562500
1334.586914	56087.347656
1333.499023	56162.093750
1332.411133	56591.906250
1331.323242	56557.121094
1330.234375	56401.785156
1329.145508	56755.425781
1328.056641	56740.703125
1326.967773	56897.796875
1325.878906	56981.210938
1324.789063	57584.292969
1323.699219	57500.289063
1322.609375	57920.222656
1321.519531	58112.613281
1320.429688	57943.859375
1319.338867	58728.945313
1318.248047	58635.886719
1317.157227	59745.796875
1316.066406	59436.539063
1314.975586	59499.277344
1313.883789	60194.300781
1312.791992	60715.437500
1311.700195	60441.828125
1310.608398	60281.804688
1309.516602	60740.339844
1308.423828	60179.917969
1307.331055	59604.125000
1306.238281	59655.601563
1305.145508	59689.273438
1304.051758	59876.300781
1302.958984	60076.597656
1301.865234	60043.503906
1300.771484	60699.125000
1299.677734	61683.242188
1298.583008	62376.078125
1297.489258	62966.519531
1296.394531	63858.667969
1295.299805	64306.566406
1294.204102	64783.148438
1293.109375	64463.003906
1292.013672	63670.453125
1290.917969	63967.226563
1289.822266	63560.910156
1288.726563	62857.632813
1287.630859	62269.882813
1286.534180	62291.847656
1285.437500	61739.863281
1284.340820	61181.429688
1283.244141	60499.140625
1282.146484	60357.507813
1281.048828	60517.082031
1279.951172	60078.816406
1278.853516	59333.019531
1277.755859	59452.847656
1276.658203	59304.878906
1275.559570	59046.347656
1274.460938	58407.441406
1273.362305	58330.507813
1272.262695	58359.738281
1271.164063	58041.859375
1270.064453	57671.046875
1268.964844	58031.867188
1267.865234	57608.156250
1266.765625	57650.730469
1265.665039	57543.089844
1264.564453	57011.480469
1263.463867	56806.839844
1262.363281	57050.410156
1261.262695	56806.101563
1260.161133	56833.316406
1259.059570	56628.843750
1257.958008	56409.003906
1256.856445	56420.828125
1255.754883	56734.753906
1254.652344	56129.171875
1253.549805	56260.066406
1252.447266	55820.085938
1251.344727	56010.480469
1250.242188	55619.167969
1249.138672	55650.929688
1248.035156	55603.386719
1246.931641	55615.316406
1245.828125	55677.875000
1244.724609	55740.406250
1243.620117	55897.546875
1242.515625	55618.953125
1241.411133	55452.656250
1240.306641	55858.308594
1239.201172	55560.074219
1238.096680	56205.222656
1236.991211	55979.574219
1235.885742	55824.343750
1234.779297	55950.453125
1233.673828	55821.644531
1232.567383	56057.546875
1231.460938	56282.375000
1230.354492	55782.445313
1229.248047	56270.710938
1228.140625	56117.800781
1227.033203	56226.125000
1225.926758	57109.027344
1224.818359	57028.441406
1223.710938	57121.175781
1222.602539	57152.468750
1221.495117	56672.820313
1220.386719	56495.898438
1219.278320	56987.597656
1218.168945	56567.410156
1217.060547	56281.035156
1215.951172	56156.882813
1214.841797	56028.390625
1213.731445	56195.597656
1212.622070	55931.382813
1211.511719	55761.402344
1210.402344	55897.910156
1209.291992	56148.167969
1208.180664	55803.191406
1207.070313	55891.484375
1205.958984	55914.125000
1204.847656	56127.011719
1203.736328	55939.699219
1202.625000	56701.191406
1201.512695	56199.109375
1200.401367	56438.000000
1199.289063	57017.636719
1198.176758	56906.777344
1197.063477	56990.335938
1195.951172	57606.671875
1194.837891	57508.859375
1193.724609	57836.730469
1192.611328	57804.378906
1191.498047	58009.882813
1190.383789	57809.519531
1189.269531	57587.410156
1188.155273	57934.589844
1187.041016	58451.714844
1185.926758	58098.800781
1184.811523	58007.574219
1183.696289	57864.074219
1182.581055	58210.871094
1181.465820	57803.789063
1180.350586	57982.753906
1179.234375	57628.117188
1178.118164	57878.894531
1177.001953	57718.144531
1175.885742	57503.042969
1174.768555	57681.886719
1173.652344	57168.789063
1172.535156	57378.078125
1171.417969	56780.398438
1170.299805	56780.921875
1169.182617	57264.101563
1168.064453	57094.980469
1166.946289	57086.750000
1165.828125	56987.253906
1164.709961	57174.566406
1163.590820	57324.882813
1162.471680	57118.976563
1161.352539	57201.929688
1160.233398	57310.902344
1159.114258	57283.089844
1157.994141	57018.734375
1156.874023	57264.367188
1155.753906	57273.449219
1154.633789	57046.105469
1153.513672	57300.269531
1152.392578	56997.113281
1151.271484	57030.070313
1150.150391	57429.304688
1149.029297	57258.472656
1147.907227	57289.191406
1146.786133	57163.929688
1145.664063	57625.644531
1144.541992	58082.859375
1143.418945	58015.968750
1142.296875	57812.730469
1141.173828	58183.082031
1140.050781	58596.574219
1138.927734	59695.722656
1137.803711	59323.597656
1136.680664	58860.773438
1135.556641	59092.199219
1134.432617	58906.300781
1133.308594	58599.425781
1132.183594	58513.089844
1131.059570	58472.152344
1129.934570	58729.351563
1128.809570	58383.843750
1127.684570	58636.636719
1126.558594	58075.359375
1125.432617	58304.367188
1124.307617	57743.347656
1123.180664	57888.167969
1122.054688	58022.148438
1120.928711	57923.105469
1119.801758	57589.011719
1118.674805	57548.300781
1117.547852	57639.113281
1116.419922	57320.335938
1115.292969	57102.964844
1114.165039	57588.125000
1113.037109	56877.429688
1111.909180	57207.359375
1110.780273	57621.160156
1109.652344	57190.753906
1108.523438	57378.355469
1107.394531	57195.671875
1106.264648	57402.566406
1105.135742	57108.058594
1104.005859	57581.640625
1102.875977	57609.824219
1101.746094	57674.554688
1100.616211	57449.000000
1099.485352	57015.011719
1098.355469	57354.910156
1097.224609	57587.242188
1096.092773	57486.468750
1094.961914	57516.765625
1093.830078	57497.652344
1092.699219	57302.464844
1091.567383	57203.957031
1090.434570	57287.933594
1089.302734	57037.085938
1088.169922	56876.449219
1087.037109	56857.457031
1085.904297	56647.570313
1084.771484	56549.277344
1083.637695	56716.890625
1082.504883	56897.300781
1081.371094	56835.441406
1080.236328	57118.621094
1079.102539	57307.421875
1077.968750	56967.031250
1076.833984	57528.457031
1075.699219	57340.187500
1074.564453	57261.171875
1073.428711	58141.179688
1072.292969	57627.578125
1071.158203	58196.914063
1070.022461	57653.535156
1068.885742	57929.605469
1067.750000	58087.945313
1066.613281	57944.730469
1065.476563	58500.648438
1064.339844	57929.910156
1063.203125	58056.066406
1062.065430	58171.492188
1060.927734	57917.289063
1059.790039	57748.617188
1058.652344	58019.921875
1057.514648	57757.339844
1056.375977	57864.160156
1055.237305	58013.628906
1054.098633	57924.035156
1052.959961	57719.261719
1051.820313	57885.730469
1050.681641	57879.382813
1049.541992	57896.488281
1048.402344	57873.078125
1047.261719	58037.253906
1046.122070	57932.835938
1044.981445	58067.105469
1043.840820	57715.585938
1042.700195	58299.277344
1041.558594	58542.011719
1040.417969	57815.835938
1039.276367	58071.339844
1038.134766	58269.273438
1036.992188	58288.375000
1035.850586	58177.675781
1034.708008	57790.464844
1033.565430	58328.601563
1032.422852	57558.722656
1031.280273	58300.812500
1030.136719	57894.718750
1028.994141	58045.617188
1027.850586	58022.210938
1026.706055	58077.417969
1025.562500	58206.949219
1024.417969	58432.003906
1023.273438	58472.234375
1022.128906	58075.105469
1020.984375	58917.738281
1019.839844	58544.011719
1018.694336	58879.121094
1017.548828	59080.449219
1016.403320	59050.507813
1015.256836	58978.156250
1014.111328	59401.980469
1012.964844	59558.539063
1011.818359	59623.894531
1010.671875	59339.574219
1009.524414	59402.824219
1008.377930	60141.796875
1007.230469	59588.546875
1006.083008	59844.410156
1004.934570	60174.273438
1003.787109	60309.269531
1002.638672	61350.027344
1001.490234	61524.957031
1000.341797	62097.554688
999.193359	62519.757813
998.043945	62700.710938
996.894531	62560.199219
995.745117	62903.855469
994.595703	62710.511719
993.446289	62409.457031
992.295898	62533.203125
991.145508	62570.289063
989.995117	63040.339844
988.844727	62340.316406
987.693359	62628.660156
986.541992	62241.386719
985.390625	62573.953125
984.239258	62397.847656
983.087891	63266.144531
981.935547	62501.445313
980.783203	62802.074219
979.630859	63178.500000
978.478516	62644.031250
977.325195	63043.527344
976.172852	62827.496094
975.019531	62976.066406
973.865234	62635.828125
972.711914	62491.601563
971.557617	62564.328125
970.404297	62487.535156
969.250000	62549.707031
968.094727	62742.347656
966.940430	62861.261719
965.785156	62235.324219
964.629883	62657.195313
963.474609	62704.542969
962.319336	62507.945313
961.163086	62408.125000
960.007813	62995.703125
958.851563	62565.871094
957.694336	62648.898438
956.538086	62641.554688
955.380859	62928.277344
954.223633	62971.281250
953.066406	62735.003906
951.909180	62576.488281
950.751953	63127.464844
949.593750	62738.089844
948.435547	62560.769531
947.277344	62620.558594
946.118164	62172.753906
944.959961	62423.414063
943.800781	61889.847656
942.641602	62995.718750
941.482422	62611.042969
940.322266	62609.972656
939.162109	62103.988281
938.001953	62679.039063
936.841797	62261.183594
935.681641	62536.562500
934.520508	62866.269531
933.360352	62507.207031
932.198242	62717.503906
931.037109	63333.640625
929.875977	63020.707031
928.713867	63069.730469
927.551758	63296.488281
926.389648	63265.988281
925.227539	63070.351563
924.064453	62657.417969
922.901367	63105.574219
921.738281	63505.511719
920.575195	63385.164063
919.412109	63014.238281
918.248047	63654.093750
917.083984	64030.656250
915.919922	63663.980469
914.755859	64167.703125
913.590820	63667.589844
912.426758	64623.820313
911.261719	64595.195313
910.095703	64510.273438
908.930664	65119.695313
907.764648	65228.574219
906.598633	66054.390625
905.432617	65479.539063
904.266602	65544.531250
903.099609	65603.242188
901.933594	65001.707031
900.766602	64575.308594
899.599609	64444.699219
898.431641	64697.144531
897.264648	64350.113281
896.096680	64454.742188
894.928711	64284.714844
893.759766	63906.742188
892.591797	64441.871094
891.422852	64377.972656
890.253906	64388.933594
889.084961	63819.992188
887.916016	64265.371094
886.746094	64141.285156
885.576172	64322.613281
884.406250	64227.636719
883.236328	64716.207031
882.065430	64035.703125
880.895508	64177.464844
879.724609	64933.492188
878.552734	64882.050781
877.381836	64660.503906
876.209961	65710.562500
875.039063	65399.757813
873.866211	65667.578125
872.694336	65346.527344
871.522461	65896.140625
870.349609	65707.789063
869.176758	65886.242188
868.003906	65662.742188
866.830078	66356.859375
865.657227	66381.851563
864.483398	67030.023438
863.309570	67278.437500
862.135742	67566.070313
860.960938	67793.593750
859.786133	67950.687500
858.611328	68062.210938
857.436523	67757.992188
856.261719	68140.382813
855.085938	67466.203125
853.910156	67306.945313
852.734375	67637.523438
851.558594	67604.328125
850.382813	67821.109375
849.206055	67261.195313
848.029297	67321.007813
846.852539	67737.984375
845.674805	68208.468750
844.498047	67824.320313
843.320313	68038.734375
842.142578	67877.570313
840.963867	68665.343750
839.786133	69555.929688
838.607422	70105.960938
837.428711	70789.781250
836.250000	70931.250000
835.070313	71546.656250
833.891602	71005.898438
832.711914	70741.398438
831.532227	70258.664063
830.352539	69819.351563
829.171875	68908.695313
827.991211	68690.054688
826.810547	68063.968750
825.629883	67257.031250
824.449219	67139.617188
823.267578	66487.421875
822.085938	66425.726563
820.904297	66719.781250
819.722656	66043.343750
818.540039	66043.414063
817.357422	66002.382813
816.174805	66170.945313
814.992188	65675.882813
813.809570	65193.328125
812.625977	65421.492188
811.442383	65495.578125
810.258789	65144.695313
809.074219	65580.031250
807.890625	65539.125000
806.706055	65475.656250
805.521484	65127.078125
804.336914	65406.210938
803.151367	65404.312500
801.966797	65010.828125
800.781250	65537.843750
799.594727	64607.531250
798.409180	65001.230469
797.222656	64272.125000
796.037109	64282.710938
794.849609	64057.781250
793.663086	64015.164063
792.476563	63608.167969
791.289063	63350.734375
790.101563	63582.472656
788.914063	62920.031250
787.725586	63299.039063
786.538086	63097.066406
785.349609	62901.296875
784.161133	62877.332031
782.971680	62843.152344
781.783203	62539.214844
780.593750	62603.183594
779.404297	62491.433594
778.214844	62340.914063
777.024414	62004.609375
775.834961	62074.746094
774.644531	61842.722656
773.454102	62261.875000
772.262695	62176.824219
771.072266	62401.925781
769.880859	62129.203125
768.689453	62270.605469
767.497070	62858.519531
766.305664	62571.585938
765.113281	62588.476563
763.920898	62699.105469
762.728516	63107.179688
761.536133	63060.796875
760.342773	63049.054688
759.149414	63340.750000
757.956055	63972.363281
756.762695	63917.699219
755.568359	63970.925781
754.374023	64490.136719
753.179688	64486.261719
751.985352	63998.242188
750.791016	63819.546875
749.595703	64051.667969
748.400391	63464.375000
747.205078	63190.332031
746.009766	62922.484375
744.813477	62756.332031
743.617188	62978.265625
742.420898	62235.300781
741.224609	62051.082031
740.027344	61771.500000
738.830078	61567.132813
737.632813	61709.906250
736.435547	61560.410156
735.238281	61952.687500
734.040039	61456.316406
732.841797	61108.183594
731.643555	61506.394531
730.445313	61164.460938
729.246094	61181.429688
728.046875	61068.687500
726.847656	60647.988281
725.648438	61110.730469
724.449219	60979.828125
723.249023	60658.605469
722.048828	60606.792969
720.848633	61119.796875
719.647461	60922.183594
718.447266	60619.414063
717.246094	60964.187500
716.044922	60410.683594
714.842773	60670.421875
713.641602	60828.953125
712.439453	61219.921875
711.237305	61079.125000
710.035156	61526.480469
708.832031	60898.710938
707.629883	61063.101563
706.426758	61910.128906
705.223633	61646.132813
704.019531	61565.972656
702.815430	61829.019531
701.612305	62592.507813
700.408203	61951.214844
699.203125	62022.363281
697.999023	62547.351563
696.793945	62688.941406
695.588867	62927.269531
694.383789	62631.246094
693.177734	63564.902344
691.971680	63335.367188
690.766602	63825.250000
689.559570	64522.449219
688.353516	64470.105469
687.146484	64641.308594
685.939453	64230.566406
684.732422	64643.312500
683.525391	64407.820313
682.318359	64417.910156
681.110352	63985.375000
679.902344	64106.171875
678.693359	64259.097656
677.485352	63869.050781
676.276367	64241.093750
675.067383	64064.253906
673.858398	63778.957031
672.649414	63803.191406
671.439453	63994.156250
670.229492	63759.234375
669.019531	63950.128906
667.809570	63283.625000
666.598633	63026.875000
665.387695	62920.750000
664.176758	62730.378906
662.965820	62381.582031
661.754883	62046.953125
660.542969	61993.222656
659.331055	61522.433594
658.119141	61689.343750
656.906250	61463.320313
655.694336	61403.714844
654.481445	61219.902344
653.268555	60994.085938
652.054688	61459.355469
650.841797	61085.386719
649.627930	61628.546875
648.414063	60870.335938
647.200195	61641.484375
645.985352	61419.828125
644.770508	61688.414063
643.555664	62092.914063
642.340820	62295.273438
641.125977	61989.667969
639.910156	62607.785156
638.694336	62504.109375
637.478516	61764.972656
636.262695	62390.769531
635.045898	62063.445313
633.829102	61706.277344
632.612305	61684.726563
631.395508	61120.121094
630.177734	61463.976563
628.959961	61478.398438
627.742188	61059.804688
626.524414	60796.980469
625.306641	60785.578125
624.087891	60676.457031
622.869141	60784.710938
621.650391	60727.457031
620.430664	60795.792969
619.211914	60298.144531
617.992188	60561.785156
616.772461	60582.296875
615.551758	60337.902344
614.332031	60746.746094
613.111328	60687.562500
611.890625	60156.636719
610.669922	61054.863281
609.448242	60561.867188
608.226563	60582.332031
607.004883	61320.835938
605.783203	60762.433594
604.561523	60508.449219
603.338867	60181.007813
602.116211	60666.597656
600.893555	60690.976563
599.669922	61086.878906
598.447266	61129.039063
597.223633	61054.003906
596.000000	61372.164063
594.775391	60884.156250
593.551758	61196.265625
592.327148	61230.414063
591.102539	61597.894531
589.877930	61671.628906
588.652344	61483.511719
587.426758	61600.859375
586.201172	62491.417969
584.975586	62626.367188
583.750000	62900.003906
582.523438	63240.906250
581.296875	63149.769531
580.070313	63536.050781
578.842773	63769.683594
577.616211	64351.730469
576.388672	64294.097656
575.161133	64198.871094
573.932617	64626.136719
572.705078	64489.332031
571.476563	64227.941406
570.248047	64678.687500
569.018555	64272.996094
567.790039	64324.171875
566.560547	63699.277344
565.331055	63177.382813
564.101563	63048.910156
562.871094	62300.128906
561.641602	62395.070313
560.411133	61786.910156
559.179688	61797.000000
557.949219	61372.769531
556.717773	61228.972656
555.486328	61110.882813
554.254883	61034.269531
553.023438	60717.015625
551.791016	60782.503906
550.558594	60493.015625
549.326172	60481.625000
548.093750	60328.312500
546.860352	60117.898438
545.627930	60242.535156
544.393555	59592.886719
543.160156	60491.664063
541.926758	60224.257813
540.692383	60362.554688
539.458008	60166.132813
538.223633	60137.082031
536.988281	60438.640625
535.752930	60116.390625
534.517578	60014.574219
533.282227	60194.039063
532.046875	60489.449219
530.810547	60381.714844
529.574219	61048.472656
528.337891	60704.835938
527.101563	60846.656250
525.864258	60646.589844
524.626953	60792.289063
523.389648	60637.468750
522.152344	60639.781250
520.914063	60856.054688
519.675781	60887.757813
518.437500	61188.281250
517.199219	61367.046875
515.959961	61255.429688
514.721680	61500.789063
513.482422	61116.632813
512.242188	61501.113281
511.002930	61285.660156
509.762695	61234.902344
508.522461	61099.910156
507.282227	61329.332031
506.041016	61159.113281
504.800781	61245.480469
503.559570	60903.042969
502.318359	60889.589844
501.076172	61259.734375
499.833984	61361.660156
498.592773	61279.644531
497.349609	61303.281250
496.107422	61053.121094
494.864258	60591.878906
493.622070	61082.843750
492.377930	61040.035156
491.134766	61188.750000
489.891602	60944.691406
488.647461	61112.894531
487.403320	61376.730469
486.158203	60958.976563
484.914063	61410.156250
483.668945	61289.246094
482.423828	61201.550781
481.178711	61408.523438
479.932617	61433.984375
478.686523	61597.914063
477.440430	61360.058594
476.194336	61806.648438
474.948242	62028.890625
473.701172	61993.777344
472.454102	62169.125000
471.207031	62204.128906
469.958984	61980.046875
468.711914	62178.660156
467.463867	62548.542969
466.215820	62379.023438
464.966797	62554.082031
463.718750	62528.628906
462.469727	62937.066406
461.220703	63679.945313
459.970703	63152.484375
458.721680	63282.492188
457.471680	63490.214844
456.221680	63660.921875
454.970703	63821.843750
453.720703	64184.789063
452.469727	64221.207031
451.218750	64484.871094
449.966797	64552.285156
448.715820	65536.125000
447.463867	65566.429688
446.211914	66689.445313
444.959961	66364.390625
443.707031	66805.828125
442.454102	67183.078125
441.201172	66943.437500
439.948242	66645.718750
438.695313	65543.546875
437.441406	65451.660156
436.187500	64293.925781
434.933594	64196.492188
433.678711	63459.804688
432.424805	63190.179688
431.169922	62885.796875
429.914063	62252.382813
428.659180	62180.578125
427.403320	62459.101563
426.147461	61944.160156
424.891602	62048.496094
423.635742	62044.472656
422.378906	61508.617188
421.122070	61338.406250
419.865234	61467.898438
418.608398	61736.507813
417.350586	61456.187500
416.092773	61141.195313
414.834961	61873.316406
413.577148	61716.730469
412.318359	61838.265625
411.059570	61438.480469
409.800781	61768.480469
408.541992	61650.621094
407.282227	61061.992188
406.022461	61729.476563
404.762695	61312.714844
403.502930	60940.464844
402.242188	61092.785156
400.981445	61162.156250
