#Wave		#Intensity
2001.248047	34404.582031
2000.278320	34407.085938
1999.308594	34245.703125
1998.338867	34480.269531
1997.369141	34777.378906
1996.398438	33884.617188
1995.428711	34176.718750
1994.458008	34268.402344
1993.487305	34462.695313
1992.516602	34213.882813
1991.545898	33807.496094
1990.574219	34407.113281
1989.603516	34258.503906
1988.631836	34612.707031
1987.660156	34514.128906
1986.688477	34365.578125
1985.715820	34544.570313
1984.744141	34088.621094
1983.771484	34432.539063
1982.798828	34459.007813
1981.826172	34350.558594
1980.853516	34404.503906
1979.880859	34216.187500
1978.907227	34452.406250
1977.933594	33924.625000
1976.959961	34615.089844
1975.986328	34768.757813
1975.012695	34722.761719
1974.039063	34287.597656
1973.064453	34575.929688
1972.089844	34559.910156
1971.115234	34581.296875
1970.140625	34505.449219
1969.166016	34614.074219
1968.190430	34458.496094
1967.215820	34417.585938
1966.240234	34578.480469
1965.264648	35165.246094
1964.289063	34915.042969
1963.312500	34697.292969
1962.336914	34544.343750
1961.360352	34354.109375
1960.383789	34975.234375
1959.407227	34737.714844
1958.430664	34647.054688
1957.454102	34618.609375
1956.476563	34455.878906
1955.499023	34628.875000
1954.521484	34672.539063
1953.543945	34649.070313
1952.566406	34680.285156
1951.587891	34900.328125
1950.610352	34613.496094
1949.631836	34813.597656
1948.653320	34735.484375
1947.674805	35005.015625
1946.696289	34946.757813
1945.716797	34389.613281
1944.737305	34634.242188
1943.758789	35069.839844
1942.779297	35028.968750
1941.798828	34759.917969
1940.819336	35056.382813
1939.838867	35169.261719
1938.859375	35076.335938
1937.878906	35154.468750
1936.898438	34987.226563
1935.916992	35117.378906
1934.936523	35264.824219
1933.955078	34859.867188
1932.974609	35064.257813
1931.993164	34872.414063
1931.010742	35168.328125
1930.029297	35236.425781
1929.047852	35247.574219
1928.065430	34835.613281
1927.083008	35111.531250
1926.100586	34952.027344
1925.118164	34970.632813
1924.135742	35548.031250
1923.152344	35274.808594
1922.168945	35167.289063
1921.185547	34985.667969
1920.202148	35686.191406
1919.218750	35294.554688
1918.235352	35009.261719
1917.250977	35022.882813
1916.266602	35204.394531
1915.282227	35111.820313
1914.297852	35426.535156
1913.313477	34990.925781
1912.328125	35315.417969
1911.343750	35341.296875
1910.358398	35238.906250
1909.373047	35511.390625
1908.387695	35024.363281
1907.401367	35476.750000
1906.416016	35783.554688
1905.429688	34971.437500
1904.443359	35793.175781
1903.457031	35483.890625
1902.470703	35475.203125
1901.483398	35281.820313
1900.497070	35307.640625
1899.509766	35628.855469
1898.522461	35703.828125
1897.535156	35557.292969
1896.546875	35617.488281
1895.559570	35795.738281
1894.571289	35720.585938
1893.583008	35952.855469
1892.594727	35381.039063
1891.606445	35775.531250
1890.618164	35678.312500
1889.628906	35772.804688
1888.639648	35791.093750
1887.650391	35792.179688
1886.661133	35822.738281
1885.671875	35551.230469
1884.682617	35817.523438
1883.692383	36068.996094
1882.702148	35723.953125
1881.711914	35722.585938
1880.721680	36197.207031
1879.731445	36014.226563
1878.740234	36029.976563
1877.749023	35979.507813
1876.757813	36201.207031
1875.766602	36133.562500
1874.775391	36004.667969
1873.784180	36040.000000
1872.791992	36183.125000
1871.799805	36240.460938
1870.807617	36060.195313
1869.815430	35794.285156
1868.823242	36245.843750
1867.830078	36244.367188
1866.837891	36007.933594
1865.844727	36128.851563
1864.851563	36230.156250
1863.858398	36360.777344
1862.864258	36525.589844
1861.871094	36279.523438
1860.876953	35991.976563
1859.882813	36029.652344
1858.888672	36402.148438
1857.894531	36637.671875
1856.899414	36787.593750
1855.905273	36717.613281
1854.910156	36146.968750
1853.915039	36653.417969
1852.919922	36644.531250
1851.923828	36931.015625
1850.928711	36714.625000
1849.932617	36681.324219
1848.936523	36335.742188
1847.940430	36997.734375
1846.944336	36705.871094
1845.947266	36809.144531
1844.951172	36758.785156
1843.954102	37254.468750
1842.957031	37031.003906
1841.959961	36992.808594
1840.962891	36961.937500
1839.964844	36711.839844
1838.966797	37243.621094
1837.969727	37507.359375
1836.970703	37142.867188
1835.972656	37321.328125
1834.974609	37399.941406
1833.975586	37675.625000
1832.976563	37484.089844
1831.978516	37691.550781
1830.978516	37504.941406
1829.979492	37415.664063
1828.980469	37469.855469
1827.980469	37820.582031
1826.980469	37536.859375
1825.980469	37991.937500
1824.980469	37526.070313
1823.979492	37920.257813
1822.979492	37590.570313
1821.978516	37457.679688
1820.977539	37803.109375
1819.976563	37891.117188
1818.975586	37952.398438
1817.973633	37965.121094
1816.972656	37897.781250
1815.970703	37864.421875
1814.968750	38095.421875
1813.966797	38095.984375
1812.963867	38520.808594
1811.961914	38179.515625
1810.958984	37940.128906
1809.956055	38432.597656
1808.953125	38588.140625
1807.950195	38198.625000
1806.946289	38293.609375
1805.943359	38422.453125
1804.939453	38330.945313
1803.935547	38423.429688
1802.930664	38457.796875
1801.926758	38547.804688
1800.922852	38990.984375
1799.917969	38933.312500
1798.913086	38870.824219
1797.908203	38273.984375
1796.903320	38736.238281
1795.897461	39091.972656
1794.891602	38722.574219
1793.886719	38870.382813
1792.880859	39160.675781
1791.874023	39052.316406
1790.868164	39451.144531
1789.862305	39156.851563
1788.855469	39248.921875
1787.848633	39529.226563
1786.841797	39324.363281
1785.833984	39380.156250
1784.827148	39390.093750
1783.819336	39226.363281
1782.812500	39764.453125
1781.804688	39711.625000
1780.795898	39179.078125
1779.788086	39593.960938
1778.779297	39497.808594
1777.771484	39777.558594
1776.762695	39886.167969
1775.753906	39407.039063
1774.744141	40139.390625
1773.735352	40028.769531
1772.725586	39968.738281
1771.715820	39752.281250
1770.706055	40520.144531
1769.696289	39897.039063
1768.686523	40120.933594
1767.675781	40092.199219
1766.666016	40568.476563
1765.655273	40003.500000
1764.644531	40438.753906
1763.632813	40941.152344
1762.622070	40575.859375
1761.610352	40739.277344
1760.598633	40965.093750
1759.586914	40789.730469
1758.575195	40698.472656
1757.563477	41301.121094
1756.550781	41233.808594
1755.538086	41204.921875
1754.525391	41423.207031
1753.512695	41367.898438
1752.500000	41295.816406
1751.486328	41398.843750
1750.473633	41487.445313
1749.459961	41448.941406
1748.446289	41571.054688
1747.432617	41829.742188
1746.417969	41506.035156
1745.404297	41592.132813
1744.389648	41659.035156
1743.375000	42173.781250
1742.360352	41953.203125
1741.344727	41943.386719
1740.330078	42132.253906
1739.314453	42378.492188
1738.298828	42868.718750
1737.283203	42315.652344
1736.267578	42616.738281
1735.251953	43187.972656
1734.235352	42697.308594
1733.218750	42811.679688
1732.202148	43315.640625
1731.185547	43355.773438
1730.168945	44146.199219
1729.151367	44085.824219
1728.133789	43734.054688
1727.117188	44387.855469
1726.098633	44497.000000
1725.081055	44775.609375
1724.063477	44774.843750
1723.044922	45315.824219
1722.026367	45412.789063
1721.007813	45996.406250
1719.989258	46062.203125
1718.970703	46251.988281
1717.951172	46522.777344
1716.931641	46445.402344
1715.912109	46298.929688
1714.892578	46950.867188
1713.873047	46756.695313
1712.853516	46807.972656
1711.833008	47159.347656
1710.812500	47129.558594
1709.791992	47290.265625
1708.771484	47384.253906
1707.750000	47256.847656
1706.729492	47405.539063
1705.708008	47235.339844
1704.686523	47419.664063
1703.665039	47596.785156
1702.642578	48004.519531
1701.621094	47463.410156
1700.598633	47571.484375
1699.576172	47983.753906
1698.553711	47894.449219
1697.531250	47745.773438
1696.507813	47860.839844
1695.485352	48042.363281
1694.461914	48238.074219
1693.438477	47989.714844
1692.415039	48166.367188
1691.390625	48509.101563
1690.367188	48588.300781
1689.342773	48983.031250
1688.318359	49135.656250
1687.293945	49316.683594
1686.269531	49103.996094
1685.244141	49379.800781
1684.218750	49480.085938
1683.194336	49810.230469
1682.168945	49507.554688
1681.142578	50091.085938
1680.117188	49876.109375
1679.090820	50056.730469
1678.064453	50400.683594
1677.038086	50076.847656
1676.011719	50721.300781
1674.985352	50489.824219
1673.958008	49773.328125
1672.931641	50810.226563
1671.904297	51257.746094
1670.876953	51201.343750
1669.848633	50965.246094
1668.821289	51017.667969
1667.792969	51332.453125
1666.764648	51252.437500
1665.736328	51529.253906
1664.708008	51442.140625
1663.679688	51158.996094
1662.650391	50975.144531
1661.621094	51398.207031
1660.591797	51521.285156
1659.562500	51937.015625
1658.533203	51654.027344
1657.502930	51432.484375
1656.472656	51510.636719
1655.442383	51574.609375
1654.412109	51280.082031
1653.381836	51660.031250
1652.351563	51860.671875
1651.320313	51747.742188
1650.289063	52125.042969
1649.257813	51880.152344
1648.226563	52049.972656
1647.194336	51423.601563
1646.163086	52168.062500
1645.130859	51798.539063
1644.098633	51746.953125
1643.066406	51417.644531
1642.033203	51966.242188
1641.000977	52564.054688
1639.967773	51886.601563
1638.934570	52641.796875
1637.901367	52049.226563
1636.868164	52162.234375
1635.833984	52355.128906
1634.800781	52872.304688
1633.766602	52766.550781
1632.732422	52832.351563
1631.697266	52954.507813
1630.663086	52886.367188
1629.627930	53095.351563
1628.593750	53337.132813
1627.558594	53475.531250
1626.522461	53951.859375
1625.487305	53796.765625
1624.451172	54000.699219
1623.416016	54263.203125
1622.379883	54586.589844
1621.343750	55022.421875
1620.306641	55863.699219
1619.270508	56395.253906
1618.233398	56919.582031
1617.196289	57504.648438
1616.159180	58241.789063
1615.122070	59100.476563
1614.083984	60926.121094
1613.046875	61390.625000
1612.008789	62395.781250
1610.970703	62941.781250
1609.932617	62495.261719
1608.893555	62519.230469
1607.855469	62133.769531
1606.816406	61565.988281
1605.777344	60264.050781
1604.738281	60180.828125
1603.698242	59188.195313
1602.659180	58457.710938
1601.619141	57334.859375
1600.579102	57600.367188
1599.539063	57118.187500
1598.499023	56823.042969
1597.458008	56376.199219
1596.417969	55738.046875
1595.376953	55356.917969
1594.335938	55225.675781
1593.294922	54968.457031
1592.252930	54459.332031
1591.210938	54440.292969
1590.169922	54472.574219
1589.127930	53924.156250
1588.084961	54443.824219
1587.042969	54051.796875
1586.000000	54524.636719
1584.958008	55116.156250
1583.915039	54808.089844
1582.872070	55005.644531
1581.828125	55005.152344
1580.785156	56250.527344
1579.741211	56606.042969
1578.697266	56626.207031
1577.653320	56932.644531
1576.609375	57406.519531
1575.564453	57324.152344
1574.520508	57830.347656
1573.475586	57657.222656
1572.430664	58030.628906
1571.384766	58103.972656
1570.339844	57803.031250
1569.293945	57244.210938
1568.249023	57127.101563
1567.202148	56663.855469
1566.156250	55822.136719
1565.110352	55217.609375
1564.063477	54929.101563
1563.017578	54257.617188
1561.970703	53983.304688
1560.922852	53685.882813
1559.875977	53727.347656
1558.829102	53258.390625
1557.781250	52998.363281
1556.733398	53485.203125
1555.685547	52879.726563
1554.636719	52976.925781
1553.588867	51989.289063
1552.540039	52795.777344
1551.491211	52318.285156
1550.442383	52207.007813
1549.393555	52042.488281
1548.344727	52230.039063
1547.294922	52074.832031
1546.245117	52090.996094
1545.195313	51998.359375
1544.145508	51741.445313
1543.094727	52086.210938
1542.044922	52197.199219
1540.994141	52160.117188
1539.943359	52465.300781
1538.892578	52437.425781
1537.840820	52404.937500
1536.790039	52252.265625
1535.738281	52529.476563
1534.686523	52658.718750
1533.634766	53053.566406
1532.583008	52926.289063
1531.530273	52812.906250
1530.477539	52847.332031
1529.424805	53013.320313
1528.372070	52842.277344
1527.319336	53195.125000
1526.265625	53040.253906
1525.212891	53192.242188
1524.159180	52912.882813
1523.105469	52451.445313
1522.051758	52591.925781
1520.997070	52273.625000
1519.942383	52317.281250
1518.888672	51837.839844
1517.833984	51757.144531
1516.778320	51869.968750
1515.723633	51275.703125
1514.667969	51549.753906
1513.612305	51222.816406
1512.556641	50684.226563
1511.500977	51006.558594
1510.445313	50997.425781
1509.388672	50765.140625
1508.332031	51236.789063
1507.275391	50797.558594
1506.218750	50878.136719
1505.162109	50620.742188
1504.104492	50912.785156
1503.047852	50657.769531
1501.990234	51030.117188
1500.931641	50945.167969
1499.874023	51030.214844
1498.816406	50446.953125
1497.757813	51009.640625
1496.699219	50867.351563
1495.640625	50658.554688
1494.582031	50695.375000
1493.522461	50823.957031
1492.462891	50764.382813
1491.403320	50502.988281
1490.343750	50704.914063
1489.284180	50766.902344
1488.224609	50948.070313
1487.164063	50652.445313
1486.103516	50723.570313
1485.042969	50691.566406
1483.982422	50971.113281
1482.920898	50998.621094
1481.860352	51330.671875
1480.798828	50829.226563
1479.737305	51282.511719
1478.675781	51522.781250
1477.613281	51213.781250
1476.550781	51300.687500
1475.489258	51316.648438
1474.426758	51595.609375
1473.363281	51604.648438
1472.300781	51833.160156
1471.237305	50952.968750
1470.174805	51336.917969
1469.111328	51926.375000
1468.046875	52118.101563
1466.983398	51679.328125
1465.919922	53022.039063
1464.855469	52190.519531
1463.791016	52781.570313
1462.726563	53007.199219
1461.661133	52892.707031
1460.596680	52472.507813
1459.531250	53560.394531
1458.465820	53044.421875
1457.400391	53089.632813
1456.334961	52799.652344
1455.268555	52847.164063
1454.202148	53414.328125
1453.135742	53653.132813
1452.069336	53625.269531
1451.002930	53797.882813
1449.935547	53785.945313
1448.869141	54054.105469
1447.801758	54379.085938
1446.734375	54519.562500
1445.666016	54452.871094
1444.598633	54918.683594
1443.530273	55229.617188
1442.461914	55872.550781
1441.393555	56465.214844
1440.325195	56343.644531
1439.256836	56622.261719
1438.187500	56930.324219
1437.118164	57315.546875
1436.048828	58191.445313
1434.979492	57774.316406
1433.909180	58016.066406
1432.839844	57971.574219
1431.769531	58145.078125
1430.699219	58350.300781
1429.627930	58121.906250
1428.557617	58179.539063
1427.486328	58813.488281
1426.416016	58911.808594
1425.343750	59128.039063
1424.272461	59831.765625
1423.201172	59823.273438
1422.128906	59710.500000
1421.056641	59643.097656
1419.984375	60142.261719
1418.912109	60541.550781
1417.839844	60485.351563
1416.766602	60315.925781
1415.693359	59958.597656
1414.620117	60174.226563
1413.546875	59699.332031
1412.473633	59131.812500
1411.399414	58661.796875
1410.325195	59413.710938
1409.250977	59108.941406
1408.176758	59319.953125
1407.102539	59960.527344
1406.027344	60334.089844
1404.952148	61062.406250
1403.876953	61578.011719
1402.801758	61948.808594
1401.726563	62468.585938
1400.650391	62507.031250
1399.574219	62418.992188
1398.498047	62385.171875
1397.421875	61870.484375
1396.345703	61583.960938
1395.268555	60577.613281
1394.191406	60302.703125
1393.114258	60118.128906
1392.037109	60087.000000
1390.959961	59593.562500
1389.881836	59745.171875
1388.804688	59605.910156
1387.726563	59955.808594
1386.647461	60195.152344
1385.569336	60770.128906
1384.491211	60772.695313
1383.412109	60845.082031
1382.333008	61093.089844
1381.253906	61462.589844
1380.173828	60956.261719
1379.094727	61769.042969
1378.014648	61604.886719
1376.934570	61017.804688
1375.854492	60919.070313
1374.773438	60341.312500
1373.693359	60173.027344
1372.612305	60069.996094
1371.531250	59724.230469
1370.450195	59228.003906
1369.369141	59024.074219
1368.287109	58838.187500
1367.205078	58257.023438
1366.123047	58093.796875
1365.041016	57836.316406
1363.958984	57749.550781
1362.875977	57445.085938
1361.793945	57656.902344
1360.710938	57509.625000
1359.626953	57283.878906
1358.543945	57179.335938
1357.460938	56931.300781
1356.376953	56743.890625
1355.292969	56890.578125
1354.208984	56822.035156
1353.124023	56318.757813
1352.040039	56687.253906
1350.955078	56670.300781
1349.870117	56402.492188
1348.785156	56790.921875
1347.700195	56735.890625
1346.614258	56618.195313
1345.528320	56693.023438
1344.442383	56432.156250
1343.356445	56793.367188
1342.270508	56554.941406
1341.183594	56880.210938
1340.096680	57232.195313
1339.009766	56721.050781
1337.922852	57171.285156
1336.835938	57505.140625
1335.748047	57713.738281
1334.661133	57350.316406
1333.573242	57896.152344
1332.484375	58651.726563
1331.396484	58154.351563
1330.307617	58748.855469
1329.219727	58459.222656
1328.130859	58399.558594
1327.041992	58460.406250
1325.952148	58780.015625
1324.863281	58885.378906
1323.773438	59236.011719
1322.683594	58917.601563
1321.593750	58835.613281
1320.502930	59221.718750
1319.413086	58829.941406
1318.322266	58649.968750
1317.231445	59156.187500
1316.140625	59203.777344
1315.048828	59251.414063
1313.958008	59299.003906
1312.866211	59346.640625
1311.774414	59394.273438
1310.682617	59063.089844
1309.589844	59281.566406
1308.498047	59867.000000
1307.405273	59889.527344
1306.312500	60396.804688
1305.218750	60932.800781
1304.125977	61324.109375
1303.032227	62490.910156
1301.939453	62986.230469
1300.845703	64703.273438
1299.750977	65655.585938
1298.657227	66794.093750
1297.562500	68385.164063
1296.467773	70015.617188
1295.373047	70675.492188
1294.278320	70591.679688
1293.183594	70969.414063
1292.087891	70069.187500
1290.992188	69120.492188
1289.896484	68799.726563
1288.800781	67343.851563
1287.704102	66442.703125
1286.608398	65386.738281
1285.511719	64978.226563
1284.415039	63962.777344
1283.317383	63904.671875
1282.220703	63135.628906
1281.123047	62167.562500
1280.025391	61538.585938
1278.927734	61768.718750
1277.830078	61184.304688
1276.731445	60739.507813
1275.633789	61044.875000
1274.535156	60463.113281
1273.436523	59830.691406
1272.336914	60071.925781
1271.238281	59685.199219
1270.138672	59203.562500
1269.039063	59407.199219
1267.939453	58830.769531
1266.839844	58707.433594
1265.739258	58944.175781
1264.638672	58646.394531
1263.538086	58361.968750
1262.437500	58289.570313
1261.336914	58142.152344
1260.235352	58120.574219
1259.134766	58390.246094
1258.033203	57883.304688
1256.930664	58203.644531
1255.829102	58201.906250
1254.726563	58224.417969
1253.625000	57766.363281
1252.522461	58079.867188
1251.418945	57595.554688
1250.316406	57494.773438
1249.212891	57530.597656
1248.110352	57929.804688
1247.006836	57518.527344
1245.902344	57307.738281
1244.798828	56901.121094
1243.694336	56796.156250
1242.589844	56508.597656
1241.485352	56914.136719
1240.380859	57002.785156
1239.276367	56944.054688
1238.170898	56845.761719
1237.065430	57022.304688
1235.959961	57044.917969
1234.854492	56680.746094
1233.748047	56936.312500
1232.642578	57286.246094
1231.536133	57185.789063
1230.429688	57434.531250
1229.322266	57573.398438
1228.215820	57995.398438
1227.108398	58035.339844
1226.000977	58228.878906
1224.893555	58687.816406
1223.786133	59464.660156
1222.677734	59133.644531
1221.569336	59016.679688
1220.460938	58899.714844
1219.352539	58782.750000
1218.244141	58665.789063
1217.134766	58548.718750
1216.025391	58431.652344
1214.916016	57965.417969
1213.806641	58018.390625
1212.697266	57749.464844
1211.586914	57938.187500
1210.476563	57559.925781
1209.366211	57974.015625
1208.255859	58363.882813
1207.145508	57690.414063
1206.034180	58193.921875
1204.922852	58231.449219
1203.811523	58153.074219
1202.700195	58232.125000
1201.587891	57952.695313
1200.476563	58849.035156
1199.364258	58744.375000
1198.251953	58722.765625
1197.138672	58537.355469
1196.026367	58515.781250
1194.913086	59114.265625
1193.799805	59125.335938
1192.686523	58911.605469
1191.573242	58887.789063
1190.458984	59202.140625
1189.344727	59483.656250
1188.230469	58548.128906
1187.116211	58701.003906
1186.001953	58842.925781
1184.886719	58296.003906
1183.772461	57982.464844
1182.657227	57716.976563
1181.541016	57414.542969
1180.425781	57857.132813
1179.309570	57631.000000
1178.193359	57246.003906
1177.077148	57198.570313
1175.960938	57386.214844
1174.844727	57382.289063
1173.727539	57221.707031
1172.610352	56826.246094
1171.493164	57129.082031
1170.375977	56501.101563
1169.257813	56256.000000
1168.139648	56495.726563
1167.022461	56772.312500
1165.903320	56727.199219
1164.785156	56293.207031
1163.666992	56808.609375
1162.547852	56700.523438
1161.428711	56559.906250
1160.309570	56126.253906
1159.189453	56339.589844
1158.070313	55940.851563
1156.950195	56253.949219
1155.830078	56360.839844
1154.709961	55921.097656
1153.588867	56043.183594
1152.468750	56204.250000
1151.347656	55953.371094
1150.226563	55735.089844
1149.104492	56004.468750
1147.983398	56297.578125
1146.861328	56315.468750
1145.739258	56348.507813
1144.617188	56286.257813
1143.495117	56107.113281
1142.372070	56770.078125
1141.250000	57331.082031
1140.126953	56781.816406
1139.003906	56907.750000
1137.879883	56970.906250
1136.756836	57611.472656
1135.632813	57583.656250
1134.508789	57421.808594
1133.384766	57413.488281
1132.259766	57227.957031
1131.135742	56919.328125
1130.010742	57159.531250
1128.885742	57274.367188
1127.759766	57309.257813
1126.634766	58218.574219
1125.508789	57201.972656
1124.382813	56796.550781
1123.256836	57416.292969
1122.130859	56842.683594
1121.003906	57252.941406
1119.877930	57201.503906
1118.750977	57106.953125
1117.624023	57253.902344
1116.496094	57163.683594
1115.369141	57019.617188
1114.241211	57256.996094
1113.113281	57399.492188
1111.985352	57460.082031
1110.856445	57303.132813
1109.728516	57322.804688
1108.599609	57340.308594
1107.470703	57760.312500
1106.340820	57420.488281
1105.211914	57252.921875
1104.082031	57638.281250
1102.952148	58292.351563
1101.822266	57718.273438
1100.692383	57879.722656
1099.561523	57879.882813
1098.431641	57611.382813
1097.300781	57948.960938
1096.169922	57255.140625
1095.038086	57566.882813
1093.907227	57375.941406
1092.775391	57116.355469
1091.643555	57090.875000
1090.511719	57106.187500
1089.378906	56765.230469
1088.246094	57156.093750
1087.114258	56793.796875
1085.980469	56783.402344
1084.847656	56517.804688
1083.714844	56833.371094
1082.581055	57048.066406
1081.447266	56396.750000
1080.313477	56343.562500
1079.179688	56796.046875
1078.044922	56481.453125
1076.910156	56683.148438
1075.775391	56621.375000
1074.640625	57114.148438
1073.505859	56829.683594
1072.370117	57579.062500
1071.234375	58002.906250
1070.098633	57818.984375
1068.962891	58148.503906
1067.826172	58129.296875
1066.690430	57541.308594
1065.553711	58475.714844
1064.416992	58251.250000
1063.279297	58345.292969
1062.142578	58873.050781
1061.004883	58392.269531
1059.867188	58449.917969
1058.729492	57851.929688
1057.590820	58496.816406
1056.453125	58125.316406
1055.314453	57728.339844
1054.175781	58227.777344
1053.037109	57807.449219
1051.897461	57894.976563
1050.757813	57628.425781
1049.618164	57666.902344
1048.478516	58195.726563
1047.338867	57409.140625
1046.199219	58082.738281
1045.058594	57639.519531
1043.917969	57533.078125
1042.777344	57586.425781
1041.635742	58170.039063
1040.495117	57554.648438
1039.353516	57580.281250
1038.211914	57788.949219
1037.069336	57650.660156
1035.927734	57635.824219
1034.785156	56993.425781
1033.642578	57640.191406
1032.500000	57455.234375
1031.357422	57531.859375
1030.213867	57370.367188
1029.071289	57606.378906
1027.927734	57240.929688
1026.783203	57944.285156
1025.639648	57570.406250
1024.495117	57770.093750
1023.351563	57292.328125
1022.207031	57525.957031
1021.061523	57504.777344
1019.916992	57587.593750
1018.771484	58075.656250
1017.625977	57893.148438
1016.480469	57774.335938
1015.334961	58092.433594
1014.188477	57812.480469
1013.041992	58403.914063
1011.895508	57623.792969
1010.749023	58145.109375
1009.602539	58253.074219
1008.455078	58295.328125
1007.307617	58229.542969
1006.160156	57945.671875
1005.012695	58237.781250
1003.864258	58451.457031
1002.716797	59452.359375
1001.568359	59699.585938
1000.419922	59422.035156
999.270508	59768.589844
998.122070	59742.792969
996.972656	59767.753906
995.823242	60219.746094
994.673828	59830.320313
993.523438	59483.296875
992.373047	59865.359375
991.222656	60010.675781
990.072266	59678.589844
988.921875	59933.691406
987.771484	60034.566406
986.620117	60116.402344
985.468750	60010.363281
984.317383	59902.250000
983.165039	60060.011719
982.013672	60169.195313
980.861328	60723.343750
979.708984	60581.429688
978.555664	60665.148438
977.403320	60476.921875
976.250000	60923.109375
975.096680	60458.871094
973.943359	60498.296875
972.790039	60548.242188
971.635742	60185.402344
970.481445	59875.332031
969.327148	59830.621094
968.172852	59362.867188
967.018555	59455.046875
965.863281	59515.632813
964.708008	59483.632813
963.552734	59657.757813
962.397461	59419.660156
961.241211	60396.863281
960.084961	59511.277344
958.929688	59622.210938
957.772461	59249.800781
956.616211	59589.730469
955.458984	59414.910156
954.301758	59406.058594
953.144531	59422.406250
951.987305	59659.175781
950.830078	59308.144531
949.671875	59620.390625
948.513672	59699.621094
947.355469	59474.640625
946.196289	58964.488281
945.038086	59695.960938
943.878906	59127.246094
942.719727	59441.261719
941.560547	59851.566406
940.400391	59343.898438
939.241211	59768.730469
938.081055	60463.621094
936.919922	60067.113281
935.759766	60520.882813
934.599609	60122.410156
933.438477	60477.621094
932.277344	60700.851563
931.116211	60354.867188
929.954102	60745.394531
928.791992	60428.808594
927.630859	60735.519531
926.467773	60847.667969
925.305664	60708.917969
924.143555	60620.378906
922.980469	60569.484375
921.817383	60604.265625
920.654297	60655.742188
919.490234	61154.144531
918.327148	61230.550781
917.163086	61319.457031
915.999023	61191.238281
914.833984	61129.851563
913.669922	62109.695313
912.504883	62144.117188
911.339844	62111.777344
910.174805	62655.031250
909.008789	63210.593750
907.843750	63344.839844
906.677734	63145.550781
905.511719	63371.445313
904.345703	63616.007813
903.178711	62856.406250
902.011719	62453.234375
900.844727	62123.089844
899.677734	62386.425781
898.510742	61923.187500
897.342773	61514.230469
896.174805	61590.253906
895.006836	61684.968750
893.838867	61946.046875
892.670898	61672.554688
891.501953	61727.687500
890.333008	61579.066406
889.164063	61172.757813
887.994141	61363.023438
886.825195	61476.335938
885.655273	61234.378906
884.485352	60953.042969
883.315430	61836.777344
882.144531	61690.382813
880.973633	61811.824219
879.803711	61650.953125
878.631836	61859.500000
877.460938	61945.562500
876.289063	62290.875000
875.118164	62638.132813
873.945313	62578.847656
872.773438	62585.921875
871.601563	62866.593750
870.428711	62769.988281
869.255859	62779.085938
868.083008	63250.148438
866.910156	62759.984375
865.736328	63332.335938
864.562500	63929.320313
863.388672	63826.398438
862.214844	64145.726563
861.040039	64467.003906
859.866211	64225.414063
858.691406	64664.457031
857.516602	64791.042969
856.340820	65062.324219
855.166016	64306.007813
853.990234	64320.964844
852.814453	64505.375000
851.637695	64014.054688
850.461914	64237.699219
849.285156	63932.496094
848.108398	64094.113281
846.931641	64602.539063
845.754883	64582.304688
844.577148	65133.789063
843.399414	65158.859375
842.221680	66174.234375
841.043945	66624.031250
839.865234	67533.578125
838.687500	68189.148438
837.508789	68770.257813
836.329102	69386.187500
835.150391	69115.710938
833.970703	69933.265625
832.791992	69123.031250
831.611328	68790.953125
830.431641	68444.570313
829.251953	67044.132813
828.071289	66272.070313
826.890625	65481.773438
825.709961	65346.152344
824.528320	65072.730469
823.347656	64159.664063
822.166016	64485.050781
820.984375	63529.242188
819.801758	63836.113281
818.620117	63090.441406
817.437500	63810.359375
816.254883	63036.195313
815.072266	62816.996094
813.888672	62942.953125
812.706055	63146.894531
811.522461	63026.343750
810.338867	62885.308594
809.154297	63009.093750
807.970703	63003.546875
806.786133	62195.777344
805.601563	62393.460938
804.416992	62289.574219
803.231445	62796.796875
802.045898	62063.464844
800.861328	62388.101563
799.674805	62476.929688
798.489258	62252.218750
797.302734	62240.648438
796.117188	62501.503906
794.930664	62330.148438
793.743164	62355.417969
792.556641	61682.597656
791.369141	61781.656250
790.181641	61680.128906
788.994141	61529.535156
787.805664	61368.761719
786.618164	61336.898438
785.429688	61364.343750
784.241211	60966.523438
783.052734	61331.300781
781.863281	61017.421875
780.673828	60679.136719
779.484375	60939.566406
778.294922	60844.480469
777.105469	60898.511719
775.915039	60335.890625
774.724609	60867.687500
773.534180	60750.226563
772.343750	60591.992188
771.152344	60935.726563
769.960938	60702.035156
768.769531	60943.640625
767.578125	60940.453125
766.385742	61387.835938
765.194336	61798.359375
764.001953	61646.230469
762.808594	61742.746094
761.616211	61706.804688
760.422852	62546.734375
759.230469	62553.414063
758.037109	62718.910156
756.842773	62686.871094
755.649414	62888.906250
754.455078	63294.367188
753.260742	63699.671875
752.066406	63248.410156
750.871094	62835.960938
749.676758	62797.816406
748.481445	62586.871094
747.286133	62672.781250
746.089844	62325.765625
744.894531	61470.886719
743.698242	61981.546875
742.501953	61573.910156
741.304688	61237.500000
740.108398	61339.789063
738.911133	61425.800781
737.713867	61245.882813
736.516602	61096.472656
735.319336	60699.582031
734.121094	60663.921875
732.922852	60687.085938
731.724609	60637.242188
730.526367	60557.000000
729.327148	60490.976563
728.127930	60718.839844
726.928711	60604.171875
725.729492	60497.648438
724.530273	59955.675781
723.330078	60416.347656
722.129883	60403.050781
720.929688	60039.535156
719.728516	60398.726563
718.528320	60261.988281
717.327148	60562.324219
716.125977	60348.734375
714.923828	60307.132813
713.722656	60206.898438
712.520508	60464.554688
711.318359	60437.093750
710.116211	60597.593750
708.913086	60269.042969
707.710938	60473.957031
706.507813	60852.496094
705.304688	60802.761719
704.100586	61128.597656
702.897461	61446.234375
701.693359	61378.242188
700.489258	61548.398438
699.284180	61601.460938
698.080078	61898.589844
696.875000	61832.570313
695.669922	62109.371094
694.464844	62329.617188
693.258789	62346.191406
692.053711	62892.789063
690.847656	63412.984375
689.641602	64142.503906
688.434570	63987.503906
687.228516	64565.597656
686.021484	64100.500000
684.814453	63826.812500
683.607422	62868.910156
682.399414	62726.351563
681.191406	62770.957031
679.983398	62024.992188
678.775391	62319.097656
677.567383	62371.789063
676.358398	61811.269531
675.149414	61671.062500
673.940430	61643.449219
672.730469	62134.250000
671.521484	62152.757813
670.311523	61996.511719
669.101563	61830.281250
667.890625	61186.250000
666.680664	61445.804688
665.469727	61705.257813
664.258789	61344.546875
663.047852	61168.546875
661.835938	61203.234375
660.625000	61053.394531
659.413086	61276.570313
658.201172	60561.410156
656.988281	60960.980469
655.776367	61230.136719
654.563477	61122.492188
653.350586	60646.277344
652.136719	60749.089844
650.923828	60719.687500
649.709961	60904.531250
648.496094	60754.996094
647.282227	60861.699219
646.067383	60324.019531
644.852539	60564.804688
643.637695	60413.437500
642.422852	61182.093750
641.208008	61226.617188
639.992188	61193.152344
638.776367	61465.515625
637.560547	61254.152344
636.344727	60946.957031
635.127930	61820.507813
633.911133	61559.253906
632.694336	61316.070313
631.477539	61100.925781
630.259766	61249.164063
629.042969	61277.597656
627.825195	60725.339844
626.606445	60835.652344
625.388672	60880.093750
624.169922	60948.449219
622.951172	61000.824219
621.732422	61035.234375
620.513672	60684.941406
619.293945	60892.765625
618.074219	60861.417969
616.854492	60511.347656
615.634766	61031.777344
614.414063	60863.007813
613.193359	60620.636719
611.972656	60589.355469
610.751953	60595.894531
609.530273	60928.761719
608.309570	61398.773438
607.087891	61065.015625
605.866211	61035.656250
604.643555	61374.144531
603.420898	60873.582031
602.198242	61325.257813
600.975586	61371.375000
599.752930	62148.628906
598.529297	61833.023438
597.305664	61741.968750
596.082031	61921.000000
594.858398	62522.843750
593.633789	62717.539063
592.410156	62412.031250
591.185547	63168.207031
589.959961	63535.257813
588.735352	63840.675781
587.509766	64122.179688
586.284180	64242.976563
585.058594	64577.816406
583.832031	65136.496094
582.606445	66039.765625
581.379883	66510.781250
580.153320	66383.382813
578.925781	67216.578125
577.699219	68142.531250
576.471680	68157.437500
575.244141	67956.578125
574.015625	68796.757813
572.788086	68267.390625
571.559570	68664.054688
570.331055	68012.273438
569.101563	67700.875000
567.873047	67008.000000
566.643555	66258.046875
565.414063	65498.496094
564.184570	64909.167969
562.954102	64353.644531
561.724609	63930.671875
560.494141	63219.515625
559.263672	63422.843750
558.032227	62796.937500
556.800781	62769.324219
555.570313	62550.300781
554.337891	62246.507813
553.106445	61877.730469
551.874023	61864.109375
550.642578	61152.417969
549.409180	61582.539063
548.176758	61815.371094
546.944336	61033.132813
545.710938	61183.214844
544.477539	61282.019531
543.243164	60565.312500
542.009766	60831.582031
540.775391	61056.402344
539.541016	61170.890625
538.306641	61149.527344
537.071289	60992.382813
535.836914	60723.144531
534.601563	61093.328125
533.366211	61022.812500
532.129883	61316.101563
530.894531	60789.445313
529.658203	61153.429688
528.421875	61244.093750
527.184570	60886.726563
525.948242	61048.125000
524.710938	60958.050781
523.473633	61286.292969
522.235352	61239.394531
520.998047	61292.628906
519.759766	61983.710938
518.521484	61644.312500
517.283203	62578.347656
516.043945	62119.304688
514.804688	62248.792969
513.565430	63027.265625
512.326172	62721.304688
511.085938	63085.812500
509.846680	62172.433594
508.606445	62098.000000
507.366211	62107.832031
506.125000	62049.101563
504.883789	61825.902344
503.643555	61910.167969
502.401367	61755.582031
501.160156	61873.097656
499.917969	61914.250000
498.675781	61542.582031
497.433594	61456.632813
496.191406	61163.414063
494.948242	61656.328125
493.705078	61349.492188
492.461914	61666.269531
491.218750	61283.328125
489.975586	61738.714844
488.731445	61518.035156
487.487305	61309.152344
486.242188	61342.480469
484.998047	61766.265625
483.752930	61633.570313
482.507813	61737.070313
481.262695	62152.722656
480.016602	61762.507813
478.771484	62111.679688
477.525391	62587.472656
476.278320	62766.718750
475.032227	62458.546875
473.785156	62329.796875
472.538086	62175.761719
471.291016	62808.886719
470.043945	62793.117188
468.795898	63231.125000
467.547852	62971.878906
466.299805	62806.167969
465.051758	63308.152344
463.802734	63568.628906
462.553711	63507.960938
461.304688	64126.238281
460.055664	64296.933594
458.805664	64609.519531
457.555664	64235.667969
456.305664	64380.964844
455.055664	65157.843750
453.804688	65827.554688
452.553711	65513.964844
451.302734	66043.492188
450.051758	66366.968750
448.799805	66777.687500
447.548828	67531.859375
446.296875	68485.656250
445.043945	68992.757813
443.791992	69379.375000
442.539063	69645.570313
441.286133	69508.257813
440.033203	69318.632813
438.779297	67649.835938
437.526367	67462.570313
436.272461	66050.562500
435.017578	65065.363281
433.763672	64896.121094
432.508789	64273.707031
431.253906	64255.718750
429.999023	63922.140625
428.744141	63863.570313
427.488281	63098.589844
426.232422	62976.332031
424.976563	62794.144531
423.720703	62501.765625
422.463867	62605.953125
421.207031	62584.417969
419.950195	62120.179688
418.693359	62446.652344
417.435547	61969.082031
416.177734	61694.562500
414.919922	62314.546875
413.662109	61868.167969
412.403320	61968.433594
411.144531	62111.132813
409.885742	62408.195313
408.626953	62008.441406
407.367188	61971.593750
406.107422	62141.179688
404.847656	61950.011719
403.587891	62420.371094
402.327148	61974.703125
401.067383	62483.429688
