#Wave		#Intensity
2001.242188	32873.058594
2000.272461	33023.449219
1999.302734	32987.613281
1998.333008	33470.453125
1997.363281	33304.277344
1996.392578	33551.445313
1995.422852	33302.667969
1994.452148	33311.875000
1993.481445	33040.691406
1992.510742	33120.027344
1991.540039	33119.246094
1990.568359	33453.753906
1989.596680	33187.734375
1988.625977	33251.972656
1987.654297	33596.285156
1986.681641	33300.367188
1985.709961	33144.554688
1984.738281	32661.353516
1983.765625	33540.328125
1982.792969	33342.070313
1981.820313	33441.171875
1980.847656	33502.769531
1979.874023	32830.121094
1978.901367	33024.136719
1977.927734	33412.808594
1976.954102	33609.148438
1975.980469	33428.585938
1975.006836	33263.050781
1974.032227	33307.132813
1973.058594	33553.234375
1972.083984	33340.378906
1971.109375	33551.476563
1970.134766	33373.597656
1969.160156	33634.464844
1968.184570	33576.250000
1967.209961	33660.078125
1966.234375	33519.667969
1965.258789	33376.812500
1964.283203	33577.675781
1963.306641	33454.777344
1962.331055	33433.988281
1961.354492	33567.527344
1960.377930	33696.042969
1959.401367	33647.851563
1958.424805	33517.578125
1957.447266	33471.914063
1956.470703	33660.039063
1955.493164	33298.585938
1954.515625	33312.648438
1953.538086	33774.109375
1952.560547	33616.605469
1951.582031	33685.265625
1950.604492	33736.507813
1949.625977	33467.316406
1948.647461	33779.335938
1947.668945	33549.957031
1946.689453	33668.210938
1945.710938	33684.656250
1944.731445	33524.898438
1943.751953	34290.691406
1942.772461	33791.011719
1941.792969	33539.539063
1940.813477	33910.617188
1939.833008	33810.457031
1938.852539	33990.468750
1937.873047	33803.574219
1936.891602	33316.886719
1935.911133	33962.703125
1934.930664	33766.000000
1933.949219	33888.886719
1932.967773	33773.984375
1931.986328	33725.976563
1931.004883	34012.191406
1930.023438	33761.191406
1929.041016	33978.000000
1928.059570	33759.257813
1927.077148	33896.828125
1926.094727	34014.562500
1925.112305	34100.101563
1924.128906	33916.101563
1923.146484	33633.281250
1922.163086	34119.253906
1921.179688	33841.433594
1920.196289	34349.437500
1919.212891	34360.707031
1918.228516	34371.976563
1917.245117	34274.578125
1916.260742	33999.437500
1915.276367	34114.441406
1914.291992	34286.175781
1913.307617	33998.832031
1912.322266	34017.546875
1911.336914	34211.402344
1910.352539	33978.484375
1909.367188	34083.500000
1908.380859	33954.242188
1907.395508	34433.929688
1906.409180	33947.261719
1905.423828	33857.519531
1904.437500	33984.632813
1903.451172	33717.542969
1902.463867	34068.769531
1901.477539	34193.312500
1900.490234	34315.343750
1899.503906	34201.007813
1898.516602	34165.472656
1897.528320	34157.015625
1896.541016	34003.394531
1895.553711	34334.449219
1894.565430	34129.199219
1893.577148	34174.851563
1892.588867	33945.109375
1891.600586	34155.480469
1890.611328	34038.882813
1889.623047	34335.167969
1888.633789	34132.582031
1887.644531	33927.609375
1886.655273	34513.582031
1885.666016	33817.468750
1884.675781	33644.574219
1883.686523	33660.757813
1882.696289	34319.992188
1881.706055	34193.718750
1880.715820	33981.617188
1879.724609	33919.226563
1878.734375	34107.031250
1877.743164	34184.417969
1876.751953	33960.203125
1875.760742	34106.222656
1874.769531	34261.996094
1873.778320	34104.042969
1872.786133	34147.050781
1871.793945	34043.066406
1870.801758	34752.261719
1869.809570	34621.265625
1868.817383	34556.421875
1867.824219	34285.968750
1866.832031	34461.062500
1865.838867	34016.976563
1864.845703	34329.062500
1863.851563	34667.945313
1862.858398	34314.550781
1861.865234	33909.921875
1860.871094	34361.164063
1859.876953	34452.906250
1858.882813	34307.535156
1857.887695	34487.218750
1856.893555	34341.890625
1855.898438	34682.730469
1854.904297	34251.660156
1853.909180	34353.082031
1852.913086	34933.000000
1851.917969	34279.972656
1850.922852	34622.953125
1849.926758	34475.332031
1848.930664	34620.535156
1847.934570	34785.199219
1846.938477	34849.808594
1845.941406	34448.640625
1844.945313	34998.460938
1843.948242	34380.453125
1842.951172	34764.359375
1841.954102	34690.011719
1840.956055	34557.214844
1839.958984	34731.394531
1838.960938	34800.781250
1837.962891	34823.875000
1836.964844	34949.218750
1835.966797	34857.867188
1834.968750	35056.171875
1833.969727	35215.468750
1832.970703	35201.968750
1831.971680	34940.359375
1830.972656	35211.460938
1829.973633	35411.953125
1828.973633	35325.488281
1827.974609	35205.019531
1826.974609	35424.843750
1825.974609	35311.687500
1824.974609	35218.007813
1823.973633	35126.785156
1822.973633	35460.609375
1821.972656	35483.500000
1820.971680	35363.144531
1819.970703	35410.316406
1818.968750	35406.503906
1817.967773	35514.312500
1816.965820	35631.785156
1815.964844	35649.761719
1814.961914	35662.882813
1813.959961	35564.457031
1812.958008	35337.570313
1811.955078	35464.660156
1810.953125	35969.769531
1809.950195	35670.238281
1808.947266	35828.691406
1807.943359	35778.777344
1806.940430	35891.136719
1805.936523	35846.066406
1804.932617	35912.375000
1803.928711	35855.214844
1802.924805	36255.468750
1801.920898	35786.917969
1800.916016	35986.242188
1799.911133	35979.898438
1798.907227	35767.988281
1797.901367	35662.542969
1796.896484	36021.300781
1795.891602	35949.687500
1794.885742	35692.011719
1793.879883	36123.054688
1792.874023	36244.722656
1791.868164	36438.808594
1790.862305	36188.464844
1789.855469	36148.277344
1788.848633	36042.917969
1787.842773	36188.621094
1786.834961	36722.808594
1785.828125	36462.980469
1784.821289	36591.640625
1783.813477	36843.265625
1782.805664	36368.917969
1781.797852	36516.812500
1780.790039	36898.492188
1779.782227	36691.925781
1778.773438	37179.468750
1777.764648	36823.535156
1776.755859	36874.851563
1775.747070	36885.199219
1774.738281	36726.972656
1773.729492	37247.785156
1772.719727	37103.988281
1771.709961	37407.925781
1770.700195	37362.816406
1769.690430	37462.082031
1768.680664	37352.023438
1767.669922	37205.925781
1766.659180	37276.304688
1765.648438	37284.144531
1764.637695	37001.109375
1763.626953	37285.394531
1762.615234	37670.503906
1761.604492	37661.445313
1760.592773	37407.363281
1759.581055	37508.832031
1758.569336	37545.429688
1757.556641	37608.421875
1756.544922	38007.464844
1755.532227	37755.933594
1754.519531	37758.859375
1753.506836	37637.023438
1752.494141	37875.046875
1751.480469	38172.949219
1750.466797	38149.414063
1749.454102	37890.925781
1748.440430	38478.714844
1747.425781	38366.457031
1746.412109	38306.953125
1745.397461	38300.179688
1744.383789	38473.062500
1743.369141	38344.113281
1742.353516	39206.566406
1741.338867	38627.425781
1740.324219	39312.382813
1739.308594	39080.457031
1738.292969	39463.585938
1737.277344	39403.968750
1736.261719	39243.906250
1735.245117	39798.996094
1734.229492	39500.226563
1733.212891	39526.707031
1732.196289	40117.300781
1731.179688	40110.203125
1730.162109	40337.273438
1729.145508	40994.300781
1728.127930	40886.722656
1727.110352	40841.273438
1726.092773	40752.855469
1725.075195	41776.996094
1724.056641	41886.562500
1723.039063	41533.097656
1722.020508	42241.582031
1721.001953	41947.816406
1719.983398	42014.332031
1718.963867	42772.433594
1717.945313	42764.855469
1716.925781	42540.339844
1715.906250	43340.839844
1714.886719	42720.691406
1713.867188	43680.519531
1712.846680	43251.109375
1711.826172	43241.066406
1710.806641	43185.773438
1709.786133	43147.171875
1708.764648	43477.574219
1707.744141	43412.746094
1706.722656	43262.265625
1705.701172	43411.640625
1704.679688	43786.957031
1703.658203	43510.421875
1702.636719	43578.812500
1701.614258	43587.730469
1700.592773	43461.140625
1699.570313	43505.726563
1698.547852	43341.171875
1697.524414	43666.128906
1696.501953	43444.585938
1695.478516	43911.914063
1694.456055	43735.523438
1693.432617	43806.117188
1692.408203	43985.886719
1691.384766	44343.601563
1690.360352	44179.117188
1689.336914	43934.019531
1688.312500	44025.859375
1687.288086	44271.832031
1686.262695	43996.015625
1685.238281	44448.171875
1684.212891	44409.472656
1683.187500	44688.375000
1682.162109	44488.503906
1681.136719	45203.234375
1680.110352	45038.871094
1679.084961	44983.511719
1678.058594	45442.023438
1677.032227	45237.449219
1676.005859	45513.480469
1674.978516	45630.839844
1673.952148	45416.871094
1672.924805	45463.226563
1671.897461	45507.195313
1670.870117	45586.625000
1669.842773	45528.875000
1668.814453	45939.257813
1667.787109	46514.960938
1666.758789	45904.039063
1665.730469	46307.042969
1664.701172	46296.457031
1663.672852	46189.027344
1662.643555	46242.226563
1661.615234	46489.035156
1660.585938	46683.812500
1659.555664	46885.597656
1658.526367	46773.429688
1657.497070	46857.144531
1656.466797	47139.000000
1655.436523	46899.464844
1654.406250	46683.597656
1653.375977	47420.410156
1652.344727	46912.191406
1651.313477	47075.921875
1650.282227	47576.597656
1649.250977	47264.183594
1648.219727	47269.917969
1647.188477	47657.226563
1646.156250	47846.578125
1645.124023	47503.722656
1644.091797	47740.109375
1643.059570	47844.601563
1642.027344	47711.371094
1640.994141	47829.945313
1639.961914	48675.394531
1638.928711	48596.175781
1637.895508	48832.105469
1636.861328	49401.824219
1635.828125	49237.886719
1634.793945	49158.617188
1633.759766	49250.921875
1632.725586	49282.105469
1631.691406	49956.937500
1630.656250	49593.394531
1629.622070	50570.863281
1628.586914	50688.652344
1627.551758	50792.308594
1626.516602	50630.714844
1625.480469	51651.878906
1624.445313	52069.699219
1623.409180	53137.156250
1622.373047	53744.539063
1621.336914	53943.675781
1620.300781	54771.078125
1619.263672	55488.011719
1618.227539	56570.304688
1617.190430	57528.019531
1616.153320	58970.363281
1615.115234	59992.890625
1614.078125	61094.683594
1613.040039	61980.648438
1612.001953	62735.191406
1610.963867	62705.292969
1609.925781	63302.625000
1608.887695	62926.316406
1607.848633	62603.949219
1606.809570	61862.988281
1605.770508	60299.062500
1604.731445	59420.812500
1603.692383	58781.339844
1602.652344	58142.089844
1601.613281	57283.382813
1600.573242	56354.878906
1599.533203	55835.542969
1598.492188	55211.277344
1597.452148	55105.687500
1596.411133	55205.613281
1595.370117	55543.621094
1594.329102	55218.613281
1593.288086	55409.472656
1592.247070	54893.269531
1591.205078	54934.804688
1590.163086	54922.679688
1589.121094	54346.199219
1588.079102	54191.949219
1587.036133	54186.949219
1585.994141	53892.929688
1584.951172	53969.542969
1583.908203	53906.328125
1582.865234	53908.363281
1581.822266	53735.707031
1580.778320	53632.976563
1579.734375	53965.671875
1578.691406	54037.523438
1577.646484	53881.250000
1576.602539	54509.253906
1575.558594	54655.417969
1574.513672	55155.109375
1573.468750	55059.214844
1572.423828	55642.371094
1571.378906	55658.015625
1570.333008	55531.855469
1569.288086	56068.121094
1568.242188	55614.281250
1567.196289	55234.945313
1566.150391	54655.968750
1565.103516	54191.003906
1564.057617	53826.046875
1563.010742	53326.566406
1561.963867	53310.082031
1560.916992	52952.437500
1559.869141	52439.449219
1558.822266	52339.605469
1557.774414	51801.386719
1556.726563	52037.972656
1555.678711	52054.183594
1554.630859	51423.566406
1553.582031	51546.503906
1552.534180	51388.976563
1551.485352	51727.363281
1550.436523	51528.152344
1549.386719	50951.457031
1548.337891	50347.175781
1547.288086	50391.433594
1546.238281	49979.613281
1545.188477	50320.191406
1544.138672	49670.160156
1543.088867	49594.183594
1542.038086	49728.750000
1540.987305	49187.875000
1539.936523	49338.652344
1538.885742	49521.742188
1537.834961	48477.230469
1536.783203	49256.726563
1535.731445	48681.746094
1534.679688	48800.121094
1533.627930	48796.015625
1532.576172	48565.562500
1531.523438	48829.371094
1530.471680	48356.558594
1529.418945	48592.605469
1528.366211	48593.148438
1527.312500	47919.863281
1526.259766	48063.570313
1525.206055	48082.652344
1524.152344	48249.335938
1523.098633	48148.464844
1522.044922	48013.046875
1520.990234	47778.554688
1519.936523	47564.886719
1518.881836	47865.152344
1517.827148	47669.972656
1516.772461	47525.535156
1515.716797	47579.210938
1514.662109	47531.550781
1513.606445	46839.277344
1512.550781	47972.605469
1511.495117	47648.722656
1510.438477	47081.046875
1509.382813	47443.015625
1508.326172	47390.816406
1507.269531	47439.828125
1506.212891	47707.257813
1505.155273	47300.996094
1504.098633	47340.792969
1503.041016	47244.988281
1501.983398	47608.757813
1500.925781	47345.230469
1499.867188	47495.234375
1498.809570	47555.621094
1497.750977	47450.667969
1496.692383	47547.769531
1495.633789	47413.011719
1494.575195	47335.671875
1493.515625	46916.488281
1492.457031	47481.585938
1491.397461	46828.574219
1490.337891	47324.687500
1489.277344	47738.078125
1488.217773	47128.921875
1487.157227	47278.617188
1486.096680	47485.550781
1485.036133	47376.230469
1483.975586	47686.148438
1482.915039	47285.953125
1481.853516	47588.906250
1480.791992	47497.949219
1479.730469	47505.457031
1478.668945	47554.156250
1477.606445	47481.558594
1476.544922	47898.585938
1475.482422	47702.425781
1474.419922	47677.859375
1473.357422	48197.519531
1472.293945	48074.562500
1471.231445	47947.078125
1470.167969	47565.957031
1469.104492	47865.898438
1468.041016	48094.906250
1466.976563	48200.484375
1465.913086	47851.558594
1464.848633	48103.273438
1463.784180	48106.054688
1462.719727	48227.527344
1461.655273	48520.109375
1460.589844	48374.500000
1459.524414	48105.750000
1458.458984	48224.843750
1457.393555	48195.664063
1456.328125	48225.773438
1455.261719	48094.011719
1454.196289	48493.363281
1453.129883	48420.902344
1452.063477	48348.437500
1450.996094	48275.910156
1449.929688	48203.449219
1448.862305	48349.644531
1447.794922	48466.183594
1446.727539	48676.011719
1445.660156	48737.824219
1444.591797	48783.683594
1443.524414	48708.941406
1442.456055	49152.867188
1441.387695	49057.613281
1440.318359	49446.738281
1439.250000	49535.613281
1438.180664	49578.996094
1437.111328	50365.535156
1436.041992	49988.371094
1434.972656	50320.171875
1433.903320	50297.496094
1432.833008	50654.101563
1431.762695	50449.718750
1430.692383	51049.078125
1429.622070	51153.394531
1428.550781	51216.820313
1427.480469	51634.191406
1426.409180	51792.785156
1425.337891	52157.730469
1424.266602	52849.105469
1423.194336	52760.242188
1422.122070	52945.714844
1421.050781	53498.308594
1419.978516	53796.886719
1418.905273	53247.957031
1417.833008	53159.089844
1416.759766	53453.031250
1415.687500	52759.523438
1414.614258	52650.406250
1413.540039	52545.859375
1412.466797	52169.742188
1411.392578	51671.566406
1410.319336	51691.679688
1409.245117	50981.125000
1408.169922	50847.554688
1407.095703	50392.929688
1406.020508	51077.953125
1404.946289	51579.625000
1403.871094	51170.308594
1402.794922	51072.968750
1401.719727	51441.070313
1400.643555	51908.429688
1399.568359	51896.824219
1398.492188	51587.160156
1397.415039	51390.488281
1396.338867	51609.210938
1395.261719	51868.480469
1394.185547	52125.394531
1393.108398	52425.078125
1392.031250	52366.011719
1390.953125	53177.472656
1389.875977	53253.574219
1388.797852	53331.902344
1387.719727	53270.449219
1386.641602	53506.492188
1385.562500	53787.507813
1384.484375	53484.960938
1383.405273	53387.480469
1382.326172	53445.417969
1381.247070	53095.800781
1380.166992	53430.656250
1379.087891	52982.132813
1378.007813	52923.078125
1376.927734	52479.300781
1375.847656	52627.308594
1374.767578	52210.730469
1373.686523	52711.773438
1372.605469	51967.078125
1371.524414	51957.707031
1370.443359	51746.062500
1369.362305	51707.519531
1368.280273	51882.421875
1367.199219	52304.347656
1366.117188	51780.613281
1365.034180	52274.253906
1363.952148	52942.832031
1362.870117	52948.992188
1361.787109	53513.968750
1360.704102	53410.070313
1359.621094	54205.828125
1358.537109	53848.375000
1357.454102	53939.578125
1356.370117	53418.617188
1355.286133	52837.316406
1354.202148	52664.156250
1353.118164	52544.843750
1352.033203	51168.589844
1350.948242	51618.593750
1349.863281	50872.386719
1348.778320	50845.285156
1347.693359	50164.414063
1346.607422	50224.750000
1345.521484	50443.976563
1344.435547	50349.832031
1343.349609	50365.351563
1342.263672	50034.132813
1341.176758	49839.464844
1340.090820	49703.000000
1339.003906	50004.792969
1337.916016	49329.628906
1336.829102	50174.464844
1335.741211	50020.156250
1334.654297	49921.753906
1333.566406	49716.164063
1332.478516	50102.480469
1331.389648	50459.628906
1330.301758	50093.304688
1329.212891	50251.664063
1328.124023	50171.164063
1327.035156	50806.945313
1325.945313	51098.937500
1324.856445	51183.382813
1323.766602	51852.078125
1322.676758	52208.375000
1321.586914	52448.617188
1320.496094	53261.597656
1319.406250	53757.835938
1318.315430	54962.421875
1317.224609	55596.281250
1316.133789	57056.234375
1315.041992	57431.164063
1313.951172	58251.253906
1312.859375	58848.433594
1311.767578	58722.054688
1310.675781	58911.707031
1309.583008	58391.554688
1308.491211	57953.894531
1307.398438	56675.699219
1306.305664	55904.953125
1305.212891	55516.882813
1304.119141	54504.332031
1303.026367	54305.558594
1301.932617	54160.187500
1300.838867	53586.085938
1299.744141	53636.363281
1298.650391	54355.089844
1297.555664	54405.203125
1296.461914	54535.214844
1295.366211	54465.414063
1294.271484	54462.210938
1293.176758	54918.304688
1292.081055	54966.039063
1290.985352	54663.308594
1289.889648	54116.742188
1288.793945	53783.226563
1287.697266	53713.632813
1286.601563	52985.785156
1285.504883	53463.710938
1284.408203	52838.085938
1283.311523	52407.621094
1282.213867	52309.535156
1281.116211	51947.964844
1280.018555	51894.273438
1278.920898	51973.414063
1277.823242	51430.613281
1276.725586	51292.949219
1275.626953	50473.914063
1274.528320	50929.289063
1273.429688	50462.253906
1272.330078	50364.660156
1271.231445	50068.125000
1270.131836	50231.460938
1269.032227	49656.593750
1267.932617	49718.296875
1266.833008	49795.441406
1265.732422	49247.464844
1264.632813	49576.421875
1263.532227	49284.808594
1262.430664	49033.035156
1261.330078	48695.269531
1260.228516	48942.425781
1259.127930	48765.863281
1258.026367	48267.285156
1256.924805	48719.500000
1255.822266	48278.441406
1254.720703	48282.910156
1253.618164	48077.960938
1252.515625	48216.906250
1251.413086	47771.843750
1250.309570	47963.664063
1249.207031	47730.277344
1248.103516	47860.363281
1247.000000	47726.164063
1245.895508	47065.828125
1244.791992	47365.453125
1243.687500	47312.839844
1242.583008	47684.917969
1241.478516	47480.460938
1240.374023	47579.621094
1239.269531	47669.949219
1238.164063	47665.687500
1237.058594	47663.628906
1235.953125	47569.250000
1234.847656	47652.910156
1233.741211	47675.015625
1232.635742	47969.519531
1231.529297	47495.164063
1230.422852	47517.281250
1229.315430	47462.542969
1228.208984	47620.753906
1227.101563	47702.089844
1225.994141	47847.031250
1224.886719	47052.882813
1223.779297	47371.179688
1222.670898	47445.914063
1221.562500	47553.511719
1220.454102	47244.503906
1219.345703	46795.320313
1218.237305	46927.078125
1217.127930	46655.601563
1216.018555	46671.218750
1214.909180	46373.597656
1213.799805	46411.156250
1212.690430	46194.703125
1211.580078	46440.253906
1210.469727	46486.531250
1209.359375	46861.054688
1208.249023	46699.371094
1207.138672	46914.015625
1206.027344	46828.929688
1204.916016	47332.132813
1203.804688	47483.132813
1202.693359	47028.542969
1201.581055	46912.890625
1200.469727	47531.523438
1199.357422	47190.777344
1198.245117	47778.546875
1197.131836	47811.351563
1196.019531	47859.425781
1194.906250	47883.464844
1193.792969	48012.269531
1192.679688	48023.171875
1191.566406	47471.093750
1190.452148	47261.738281
1189.337891	47637.039063
1188.223633	47397.195313
1187.109375	47126.906250
1185.995117	46529.699219
1184.879883	46551.742188
1183.764648	46706.714844
1182.649414	46685.132813
1181.534180	46672.273438
1180.418945	47103.753906
1179.302734	46670.519531
1178.186523	47003.855469
1177.070313	46836.378906
1175.954102	46692.902344
1174.837891	46788.851563
1173.720703	46843.421875
1172.603516	46362.839844
1171.486328	46691.507813
1170.369141	46548.175781
1169.250977	46491.863281
1168.132813	46642.074219
1167.015625	47035.640625
1165.896484	46414.296875
1164.778320	46781.687500
1163.660156	46790.535156
1162.541016	46862.363281
1161.421875	46515.085938
1160.302734	46282.992188
1159.182617	46300.601563
1158.063477	46218.371094
1156.943359	46251.171875
1155.823242	46294.800781
1154.703125	46427.343750
1153.582031	46293.097656
1152.461914	45981.105469
1151.340820	46447.468750
1150.219727	46178.906250
1149.097656	46070.796875
1147.976563	46157.722656
1146.854492	46500.230469
1145.732422	46095.398438
1144.610352	46288.375000
1143.488281	46485.605469
1142.365234	46713.066406
1141.243164	46566.031250
1140.120117	46947.027344
1138.996094	47040.140625
1137.873047	47005.597656
1136.750000	46577.457031
1135.625977	46530.031250
1134.501953	46934.457031
1133.377930	46601.664063
1132.252930	46279.796875
1131.127930	46102.812500
1130.003906	45986.378906
1128.878906	46250.128906
1127.752930	46077.558594
1126.627930	46306.644531
1125.501953	46131.964844
1124.375977	45812.738281
1123.250000	45728.839844
1122.124023	45608.296875
1120.997070	45904.121094
1119.871094	45997.101563
1118.744141	45596.238281
1117.617188	45495.199219
1116.489258	45672.265625
1115.362305	45582.023438
1114.234375	45666.347656
1113.106445	45216.351563
1111.978516	45341.632813
1110.849609	45255.812500
1109.721680	45040.832031
1108.592773	45346.910156
1107.463867	45228.843750
1106.333984	45265.769531
1105.205078	45145.605469
1104.075195	45384.742188
1102.945313	45369.992188
1101.815430	45213.312500
1100.685547	45230.843750
1099.554688	45295.660156
1098.424805	45164.867188
1097.293945	45253.304688
1096.162109	45208.500000
1095.031250	45473.039063
1093.899414	45202.699219
1092.768555	44938.898438
1091.636719	45029.433594
1090.503906	45006.167969
1089.372070	44549.390625
1088.239258	44762.246094
1087.106445	44586.718750
1085.973633	44865.980469
1084.840820	45050.777344
1083.708008	44519.355469
1082.574219	44777.031250
1081.440430	44865.285156
1080.306641	44606.339844
1079.171875	44313.207031
1078.038086	45326.925781
1076.903320	44301.265625
1075.768555	45010.527344
1074.633789	44786.039063
1073.498047	45066.824219
1072.363281	44990.082031
1071.227539	44690.820313
1070.091797	44997.132813
1068.956055	44426.312500
1067.819336	44809.550781
1066.682617	44844.109375
1065.546875	44964.164063
1064.409180	44776.375000
1063.272461	45368.699219
1062.135742	44621.078125
1060.998047	44508.218750
1059.860352	45078.902344
1058.722656	44968.132813
1057.583984	44588.371094
1056.446289	44537.503906
1055.307617	44732.101563
1054.168945	44542.511719
1053.029297	44920.523438
1051.890625	44752.296875
1050.750977	44722.765625
1049.611328	44494.921875
1048.471680	44561.382813
1047.332031	44890.007813
1046.191406	45030.960938
1045.051758	44896.980469
1043.911133	45242.402344
1042.769531	45004.054688
1041.628906	45283.304688
1040.487305	45202.601563
1039.346680	45138.953125
1038.205078	45019.988281
1037.062500	44943.628906
1035.920898	44963.039063
1034.778320	44971.808594
1033.635742	44799.777344
1032.493164	44746.898438
1031.350586	44375.109375
1030.207031	44855.890625
1029.063477	44749.886719
1027.919922	45007.296875
1026.776367	44814.191406
1025.632813	45496.332031
1024.488281	45349.929688
1023.343750	45008.222656
1022.199219	45267.460938
1021.054688	45246.410156
1019.910156	45233.855469
1018.764648	45004.871094
1017.619141	45505.757813
1016.473633	45134.691406
1015.327148	45484.796875
1014.181641	45474.320313
1013.035156	45552.882813
1011.888672	45398.265625
1010.742188	45377.207031
1009.594727	45199.367188
1008.448242	45212.246094
1007.300781	45331.011719
1006.153320	45807.609375
1005.005859	45564.179688
1003.857422	45771.714844
1002.708984	46398.226563
1001.560547	46664.781250
1000.412109	47007.398438
999.263672	47669.289063
998.114258	47660.523438
996.965820	47518.546875
995.816406	48135.574219
994.666016	47619.433594
993.516602	47707.886719
992.366211	48313.972656
991.215820	47671.324219
990.065430	47172.539063
988.915039	47296.902344
987.763672	47512.003906
986.613281	47294.273438
985.461914	46884.562500
984.309570	47266.320313
983.158203	47131.031250
982.005859	46767.976563
980.854492	46915.437500
979.701172	46769.738281
978.548828	46799.078125
977.396484	46651.343750
976.243164	46623.789063
975.089844	46431.886719
973.936523	46530.781250
972.783203	46330.539063
971.628906	46936.937500
970.474609	46168.191406
969.320313	45759.710938
968.166016	46064.894531
967.010742	45902.789063
965.856445	45824.902344
964.701172	46304.496094
963.545898	46039.375000
962.390625	46501.925781
961.234375	46524.894531
960.078125	46095.910156
958.921875	46686.390625
957.765625	46242.824219
956.609375	46454.894531
955.452148	46311.902344
954.294922	46494.476563
953.137695	46380.921875
951.980469	46212.820313
950.822266	46239.984375
949.665039	46325.894531
948.506836	46319.453125
947.347656	45908.132813
946.189453	45805.285156
945.030273	46071.550781
943.872070	46161.593750
942.712891	45729.640625
941.552734	46087.980469
940.393555	45957.941406
939.233398	46148.500000
938.073242	46194.449219
936.913086	46148.226563
935.752930	46290.476563
934.591797	45783.671875
933.430664	45961.515625
932.269531	46225.093750
931.108398	46015.695313
929.947266	46300.082031
928.785156	46638.746094
927.623047	46299.722656
926.460938	46355.996094
925.298828	46295.175781
924.135742	46157.046875
922.972656	46827.671875
921.810547	46351.023438
920.646484	46540.910156
919.483398	46634.656250
918.319336	46216.769531
917.155273	46861.699219
915.991211	46951.152344
914.827148	46859.000000
913.662109	46954.675781
912.498047	47244.328125
911.333008	46964.445313
910.167969	47155.972656
909.001953	47414.144531
907.836914	47478.347656
906.670898	47382.035156
905.504883	47712.957031
904.337891	47581.210938
903.171875	47199.539063
902.004883	47040.855469
900.837891	46992.597656
899.670898	46977.664063
898.503906	46771.230469
897.335938	46512.839844
896.167969	46537.531250
895.000000	46585.101563
893.832031	46495.363281
892.663086	46624.023438
891.495117	46330.542969
890.326172	46417.601563
889.156250	46571.140625
887.987305	46620.714844
886.817383	46686.890625
885.648438	46460.132813
884.478516	46846.164063
883.307617	46540.542969
882.137695	46828.832031
880.966797	46890.742188
879.795898	47143.570313
878.625000	47122.398438
877.454102	47279.652344
876.282227	47001.242188
875.110352	47461.246094
873.938477	47765.562500
872.766602	47852.085938
871.593750	47857.738281
870.421875	47363.941406
869.249023	47332.382813
868.076172	47764.867188
866.902344	47909.292969
865.729492	47685.054688
864.555664	48106.878906
863.381836	48176.632813
862.207031	48660.292969
861.033203	49048.585938
859.858398	49473.972656
858.683594	49077.992188
857.508789	49176.445313
856.333984	48687.613281
855.158203	48854.320313
853.982422	48985.824219
852.806641	48865.148438
851.630859	48525.496094
850.454102	48937.937500
849.278320	48600.457031
848.101563	48465.476563
846.924805	48514.308594
845.747070	48674.585938
844.570313	48684.140625
843.392578	48803.054688
842.214844	48666.089844
841.036133	49362.539063
839.858398	49318.324219
838.679688	49898.917969
837.500977	50522.589844
836.322266	50267.929688
835.143555	50590.406250
833.963867	50589.265625
832.784180	50345.027344
831.604492	50006.132813
830.424805	49636.468750
829.244141	49390.476563
828.063477	48963.421875
826.882813	48649.722656
825.702148	48268.230469
824.521484	48397.121094
823.339844	47892.386719
822.158203	47533.863281
820.976563	47259.777344
819.794922	47341.464844
818.612305	47151.792969
817.430664	47262.238281
816.248047	47189.765625
815.064453	47271.394531
813.881836	47470.074219
812.698242	46919.101563
811.514648	47128.031250
810.331055	47234.238281
809.147461	47282.937500
807.962891	47602.488281
806.778320	47636.734375
805.593750	47787.886719
804.409180	47963.597656
803.224609	47981.343750
802.039063	47517.285156
800.853516	47246.078125
799.667969	47282.386719
798.482422	47040.011719
797.295898	46523.199219
796.109375	46727.574219
794.922852	46348.218750
793.736328	46188.085938
792.548828	45970.691406
791.362305	46093.136719
790.174805	45669.152344
788.986328	45550.175781
787.798828	45750.359375
786.610352	45665.410156
785.421875	45580.460938
784.233398	45495.511719
783.044922	45410.562500
781.856445	45325.613281
780.666992	45240.593750
779.477539	45155.574219
778.288086	45284.027344
777.097656	45210.253906
775.907227	44852.691406
774.717773	44601.414063
773.526367	44944.175781
772.335938	44935.812500
771.144531	45064.148438
769.954102	45194.476563
768.762695	45367.585938
767.570313	45436.628906
766.378906	45124.390625
765.186523	45894.660156
763.994141	45476.472656
762.801758	45822.558594
761.609375	46044.238281
760.416016	46092.695313
759.222656	46112.625000
758.029297	46342.261719
756.835938	46172.808594
755.641602	46082.792969
754.447266	46902.449219
753.252930	46456.273438
752.058594	46335.734375
750.864258	46162.359375
749.668945	46180.195313
748.473633	46043.503906
747.278320	46195.511719
746.083008	45550.781250
744.886719	45509.781250
743.690430	45692.265625
742.494141	45444.070313
741.297852	45232.515625
740.100586	45325.605469
738.904297	45284.675781
737.707031	44738.367188
736.509766	44592.031250
735.311523	45166.019531
734.113281	44879.687500
732.916016	44855.093750
731.716797	44481.726563
730.518555	44390.304688
729.320313	44748.917969
728.121094	44440.628906
726.921875	44395.863281
725.721680	44476.722656
724.522461	44851.250000
723.322266	44585.687500
722.122070	44864.886719
720.921875	44550.832031
719.721680	44801.589844
718.520508	44263.039063
717.319336	44710.011719
716.118164	44363.843750
714.916992	44491.070313
713.714844	44917.523438
712.513672	44894.984375
711.311523	45153.425781
710.108398	45219.773438
708.906250	45189.101563
707.703125	45461.476563
706.500000	45170.207031
705.296875	45192.062500
704.093750	45322.941406
702.889648	45455.789063
701.685547	45564.363281
700.481445	45218.847656
699.277344	45674.449219
698.072266	45056.714844
696.868164	45645.285156
695.663086	45713.382813
694.457031	45757.257813
693.251953	45920.042969
692.045898	45834.878906
690.839844	45949.226563
689.633789	45674.710938
688.427734	46155.628906
687.220703	46471.226563
686.013672	46009.511719
684.806641	45851.941406
683.599609	45819.218750
682.391602	46158.781250
681.184570	45627.042969
679.976563	45471.667969
678.767578	44950.308594
677.559570	45334.011719
676.350586	45518.535156
675.141602	45471.828125
673.932617	45672.332031
672.723633	45509.070313
671.513672	45572.878906
670.303711	45869.652344
669.093750	45567.875000
667.883789	45382.660156
666.672852	45713.425781
665.462891	45498.144531
664.251953	45495.648438
663.040039	45041.730469
661.829102	45292.066406
660.617188	45277.570313
659.405273	44898.136719
658.193359	44655.167969
656.981445	44963.507813
655.768555	44814.804688
654.555664	45153.050781
653.342773	45324.894531
652.129883	45490.660156
650.916016	45556.234375
649.702148	45713.882813
648.488281	46135.710938
647.274414	46497.332031
646.059570	47056.925781
644.845703	47194.156250
643.630859	47851.417969
642.416016	47864.453125
641.200195	47845.484375
639.984375	48258.347656
638.769531	47733.609375
637.552734	47121.136719
636.336914	47162.257813
635.120117	46366.328125
633.904297	46821.011719
632.687500	45983.503906
631.469727	46138.601563
630.252930	45217.691406
629.035156	45708.167969
627.817383	45434.203125
626.599609	45427.679688
625.380859	44772.878906
624.163086	44969.898438
622.944336	45202.730469
621.724609	45126.468750
620.505859	44735.308594
619.286133	45165.339844
618.066406	45174.796875
616.846680	45220.105469
615.626953	44944.734375
614.406250	45430.148438
613.186523	45320.085938
611.965820	45048.824219
610.744141	45273.222656
609.523438	45027.933594
608.301758	45186.597656
607.080078	44744.496094
605.858398	45241.226563
604.635742	44624.300781
603.414063	45427.011719
602.191406	44999.101563
600.968750	45008.535156
599.745117	44888.820313
598.522461	45255.835938
597.298828	45340.679688
596.075195	45101.820313
594.850586	45516.230469
593.626953	45898.718750
592.402344	45836.511719
591.177734	45446.925781
589.953125	45686.371094
588.727539	46090.351563
587.501953	45556.164063
586.276367	45969.929688
585.050781	46498.511719
583.825195	46422.382813
582.598633	46582.097656
581.372070	46838.828125
580.145508	47026.132813
578.917969	46951.933594
577.691406	47541.105469
576.463867	47193.628906
575.236328	47875.562500
574.007813	47587.519531
572.780273	47384.660156
571.551758	47808.992188
570.323242	48118.441406
569.094727	47579.414063
567.865234	47204.687500
566.635742	47029.757813
565.406250	47022.886719
564.176758	46765.058594
562.947266	46501.394531
561.716797	46802.769531
560.486328	46786.062500
559.255859	46400.117188
558.024414	46152.507813
556.793945	45932.621094
555.562500	46071.984375
554.331055	45942.953125
553.098633	45798.187500
551.867188	45444.410156
550.634766	45431.910156
549.402344	45782.183594
548.168945	45462.109375
546.936523	45668.371094
545.703125	45468.632813
544.469727	45519.171875
543.236328	45439.687500
542.001953	45456.730469
540.767578	45652.941406
539.533203	45508.507813
538.298828	45549.140625
537.064453	45741.281250
535.829102	45193.566406
534.593750	45688.636719
533.358398	45880.636719
532.122070	46070.593750
530.886719	45906.593750
529.650391	46318.593750
528.414063	46598.757813
527.176758	46574.253906
525.940430	46097.914063
524.703125	46682.398438
523.465820	46351.535156
522.227539	46230.878906
520.990234	46349.761719
519.751953	45954.371094
518.513672	46214.539063
517.275391	46439.296875
516.036133	45995.066406
514.796875	46672.812500
513.557617	46281.644531
512.318359	46306.238281
511.079102	46350.425781
509.838867	46073.199219
508.598633	46311.382813
507.358398	46034.261719
506.117188	46121.546875
504.876953	46261.667969
503.635742	46452.640625
502.394531	46531.960938
501.152344	45941.906250
499.911133	45946.929688
498.668945	45901.082031
497.425781	45851.339844
496.183594	46267.062500
494.941406	46500.781250
493.698242	46630.796875
492.455078	46233.035156
491.210938	46159.816406
489.967773	46381.648438
488.723633	46427.582031
487.479492	46799.660156
486.235352	46458.859375
484.990234	46547.699219
483.745117	46581.847656
482.500000	46826.753906
481.254883	46983.761719
480.008789	47357.250000
478.763672	47153.250000
477.517578	47224.292969
476.271484	47402.542969
475.024414	47498.851563
473.777344	47700.363281
472.530273	47712.781250
471.283203	47255.656250
470.036133	47932.386719
468.788086	47736.359375
467.540039	47941.519531
466.291992	47763.082031
465.043945	47740.421875
463.794922	48025.250000
462.545898	47500.554688
461.296875	47857.292969
460.047852	48225.562500
458.797852	48510.074219
457.547852	47841.800781
456.297852	48083.503906
455.047852	48787.671875
453.796875	48591.898438
452.545898	48654.582031
451.294922	48717.242188
450.043945	48927.472656
448.792969	49360.906250
447.541016	50038.781250
446.289063	49590.660156
445.036133	50149.855469
443.784180	50483.773438
442.531250	50289.929688
441.278320	50476.289063
440.025391	50191.378906
438.771484	50030.656250
437.518555	49145.042969
436.264648	48866.351563
435.010742	48217.679688
433.755859	48303.472656
432.500977	48123.875000
431.246094	47762.308594
429.991211	47757.132813
428.736328	47461.585938
427.480469	47320.984375
426.224609	47670.000000
424.968750	47622.269531
423.712891	47431.417969
422.456055	47445.636719
421.199219	47239.414063
419.942383	47311.652344
418.685547	47225.371094
417.427734	47539.140625
416.169922	47230.648438
414.912109	47148.285156
413.654297	47768.976563
412.395508	47275.230469
411.136719	47343.488281
409.877930	47249.574219
408.619141	47379.566406
407.359375	47507.578125
406.099609	46458.730469
404.839844	47152.007813
403.580078	47042.781250
402.319336	47030.000000
401.059570	47260.109375
