#Wave		#Intensity
2001.182617	34845.320313
2000.212891	34905.476563
1999.243164	34668.824219
1998.273438	34404.695313
1997.303711	35024.984375
1996.333008	34447.785156
1995.363281	34389.183594
1994.392578	34633.566406
1993.421875	34427.242188
1992.451172	34331.121094
1991.479492	34863.179688
1990.508789	34794.535156
1989.537109	34680.886719
1988.566406	34564.773438
1987.594727	34388.683594
1986.622070	34185.144531
1985.650391	34694.164063
1984.677734	34588.121094
1983.706055	34906.957031
1982.733398	34830.898438
1981.760742	34929.734375
1980.788086	34186.792969
1979.814453	34590.382813
1978.841797	34821.542969
1977.868164	35144.988281
1976.894531	34884.253906
1975.920898	34715.941406
1974.947266	34704.886719
1973.972656	34496.750000
1972.999023	34727.675781
1972.024414	34796.417969
1971.049805	34660.679688
1970.075195	34739.378906
1969.099609	34765.710938
1968.125000	34767.109375
1967.149414	34952.886719
1966.173828	34844.636719
1965.198242	34788.726563
1964.222656	34902.179688
1963.247070	34751.660156
1962.270508	34929.804688
1961.294922	34923.695313
1960.318359	34930.031250
1959.341797	34699.984375
1958.364258	34982.492188
1957.387695	34787.335938
1956.410156	34567.382813
1955.433594	34809.976563
1954.456055	34905.812500
1953.478516	34720.746094
1952.500000	35219.148438
1951.522461	35322.312500
1950.543945	35196.886719
1949.565430	34753.578125
1948.586914	35194.503906
1947.608398	34974.808594
1946.629883	35256.660156
1945.650391	34902.996094
1944.671875	34934.113281
1943.692383	34771.679688
1942.712891	34939.246094
1941.733398	34776.871094
1940.752930	34887.335938
1939.773438	34963.050781
1938.792969	35075.921875
1937.812500	35372.171875
1936.832031	34612.613281
1935.851563	34851.847656
1934.870117	35110.812500
1933.888672	35094.757813
1932.908203	35309.011719
1931.926758	34847.246094
1930.945313	34836.187500
1929.962891	35236.007813
1928.981445	35254.582031
1927.999023	34850.050781
1927.016602	35192.753906
1926.034180	34939.250000
1925.051758	35316.437500
1924.069336	35065.464844
1923.085938	35170.566406
1922.102539	35028.460938
1921.119141	35150.828125
1920.135742	35055.714844
1919.152344	35284.257813
1918.168945	35090.359375
1917.184570	35138.535156
1916.200195	35413.851563
1915.215820	35439.734375
1914.231445	35334.792969
1913.247070	35141.046875
1912.261719	34957.238281
1911.276367	34975.777344
1910.291992	35063.371094
1909.306641	35303.824219
1908.320313	35526.933594
1907.334961	35449.214844
1906.348633	35376.449219
1905.363281	35500.851563
1904.376953	35344.328125
1903.390625	35042.515625
1902.403320	35058.535156
1901.416992	35269.089844
1900.429688	35605.144531
1899.443359	35308.414063
1898.456055	35272.683594
1897.467773	35273.875000
1896.480469	35154.507813
1895.493164	36001.953125
1894.504883	35144.628906
1893.516602	35359.781250
1892.528320	35299.484375
1891.540039	35155.625000
1890.550781	35564.828125
1889.562500	35691.285156
1888.573242	35267.335938
1887.583984	35887.562500
1886.594727	35141.972656
1885.605469	35197.195313
1884.615234	35483.187500
1883.625000	35425.406250
1882.635742	35593.449219
1881.645508	35690.261719
1880.654297	35598.121094
1879.664063	35878.882813
1878.673828	35440.910156
1877.682617	35775.546875
1876.691406	35595.183594
1875.700195	35807.105469
1874.708984	35499.347656
1873.716797	35747.964844
1872.725586	35572.628906
1871.733398	35622.718750
1870.741211	36084.261719
1869.749023	35975.070313
1868.755859	35748.398438
1867.763672	35433.675781
1866.770508	35508.218750
1865.777344	35932.660156
1864.784180	35581.371094
1863.791016	35915.136719
1862.797852	35407.441406
1861.803711	35506.367188
1860.809570	35649.265625
1859.815430	35386.324219
1858.821289	35807.812500
1857.827148	35843.058594
1856.832031	35531.359375
1855.837891	36062.519531
1854.842773	35777.750000
1853.847656	35688.433594
1852.852539	35772.492188
1851.856445	35793.050781
1850.861328	36182.136719
1849.865234	36390.507813
1848.869141	36337.750000
1847.873047	35726.406250
1846.876953	35583.542969
1845.879883	36043.031250
1844.883789	36124.457031
1843.886719	36169.292969
1842.889648	36484.636719
1841.892578	36056.656250
1840.895508	36223.292969
1839.897461	36216.917969
1838.899414	36001.093750
1837.901367	36118.941406
1836.903320	36217.273438
1835.905273	36485.960938
1834.907227	36362.718750
1833.908203	36582.617188
1832.909180	36259.898438
1831.910156	36360.542969
1830.911133	36947.558594
1829.912109	36476.617188
1828.912109	36550.421875
1827.913086	36845.402344
1826.913086	36678.511719
1825.913086	36378.031250
1824.913086	36529.542969
1823.912109	36683.425781
1822.912109	36757.109375
1821.911133	36456.820313
1820.910156	36846.125000
1819.909180	36397.859375
1818.908203	36609.867188
1817.906250	36702.902344
1816.904297	37091.882813
1815.903320	36820.953125
1814.900391	36770.812500
1813.898438	36829.800781
1812.896484	36774.824219
1811.893555	36637.453125
1810.891602	37190.820313
1809.888672	37198.804688
1808.885742	36874.882813
1807.881836	36902.292969
1806.878906	37387.410156
1805.875000	37128.996094
1804.871094	36904.566406
1803.867188	37033.609375
1802.863281	36920.597656
1801.859375	37013.292969
1800.854492	37118.046875
1799.849609	37196.160156
1798.844727	37194.437500
1797.839844	37395.820313
1796.834961	37490.757813
1795.830078	37162.675781
1794.824219	36834.703125
1793.818359	37468.507813
1792.812500	37415.996094
1791.806641	37503.597656
1790.799805	37419.699219
1789.793945	37502.437500
1788.787109	37464.437500
1787.780273	37506.097656
1786.773438	37849.402344
1785.766602	37789.640625
1784.758789	37399.398438
1783.751953	37448.273438
1782.744141	37721.402344
1781.736328	37806.367188
1780.728516	37522.464844
1779.719727	37831.585938
1778.711914	37791.167969
1777.703125	37941.109375
1776.694336	37674.238281
1775.685547	37592.921875
1774.676758	38325.582031
1773.666992	38013.035156
1772.657227	38068.910156
1771.648438	37835.941406
1770.638672	37838.886719
1769.627930	38337.468750
1768.618164	38027.589844
1767.607422	38485.070313
1766.597656	38124.777344
1765.586914	37990.613281
1764.576172	38608.910156
1763.564453	38599.687500
1762.553711	38691.390625
1761.541992	38482.734375
1760.530273	38708.949219
1759.518555	38860.625000
1758.506836	38981.027344
1757.495117	38647.613281
1756.482422	39053.667969
1755.469727	39089.968750
1754.457031	39186.242188
1753.444336	39148.125000
1752.431641	39134.007813
1751.417969	39611.562500
1750.405273	39350.375000
1749.391602	39005.367188
1748.377930	39573.773438
1747.364258	39789.667969
1746.349609	39737.105469
1745.335938	39698.929688
1744.321289	39672.746094
1743.306641	40156.703125
1742.291992	39620.402344
1741.276367	39804.925781
1740.261719	39824.214844
1739.246094	40056.496094
1738.230469	40506.449219
1737.214844	40518.421875
1736.199219	40355.773438
1735.182617	40980.011719
1734.166992	40721.687500
1733.150391	40800.550781
1732.133789	40767.035156
1731.117188	41032.269531
1730.099609	41459.894531
1729.083008	41466.890625
1728.065430	41700.804688
1727.047852	41796.113281
1726.030273	42089.578125
1725.012695	42554.824219
1723.994141	42382.593750
1722.976563	42050.523438
1721.958008	42503.593750
1720.939453	42989.902344
1719.920898	43239.898438
1718.901367	43146.386719
1717.882813	43539.328125
1716.863281	43333.746094
1715.843750	43204.507813
1714.824219	43587.691406
1713.803711	44063.664063
1712.784180	43629.425781
1711.763672	43786.046875
1710.743164	43578.246094
1709.722656	43877.679688
1708.702148	43867.523438
1707.681641	43757.402344
1706.660156	43782.968750
1705.638672	43887.039063
1704.617188	43524.800781
1703.595703	43754.937500
1702.574219	43635.414063
1701.551758	44091.320313
1700.529297	44154.824219
1699.507813	44132.734375
1698.484375	43476.156250
1697.461914	43506.464844
1696.439453	43714.925781
1695.416016	43683.425781
1694.392578	43222.109375
1693.369141	43508.859375
1692.345703	43534.375000
1691.322266	43856.566406
1690.297852	43459.609375
1689.273438	44227.746094
1688.249023	43992.171875
1687.224609	43849.175781
1686.200195	44099.875000
1685.174805	43800.429688
1684.150391	44169.570313
1683.125000	43666.386719
1682.099609	44511.714844
1681.073242	44089.203125
1680.047852	44325.367188
1679.021484	44443.027344
1677.995117	44598.531250
1676.968750	44204.703125
1675.942383	44440.671875
1674.916016	44797.261719
1673.888672	44829.535156
1672.862305	44736.406250
1671.834961	44584.171875
1670.806641	44994.871094
1669.779297	44750.417969
1668.751953	45217.679688
1667.723633	44890.539063
1666.695313	45241.800781
1665.666992	45162.878906
1664.638672	45407.648438
1663.609375	44990.937500
1662.581055	45287.605469
1661.551758	45378.257813
1660.522461	45468.910156
1659.493164	45559.562500
1658.462891	45650.304688
1657.433594	45740.957031
1656.403320	45831.695313
1655.373047	45922.433594
1654.342773	46100.582031
1653.312500	45481.695313
1652.281250	45452.394531
1651.250977	46389.503906
1650.219727	46065.468750
1649.188477	45725.050781
1648.156250	45992.554688
1647.125000	46196.363281
1646.092773	46065.695313
1645.060547	46304.734375
1644.028320	46294.148438
1642.996094	46281.210938
1641.963867	46256.507813
1640.930664	46365.929688
1639.898438	46461.195313
1638.865234	46521.140625
1637.832031	46729.218750
1636.797852	46706.800781
1635.764648	46928.871094
1634.730469	46683.136719
1633.696289	46585.535156
1632.662109	47352.597656
1631.627930	47055.230469
1630.592773	47161.945313
1629.558594	47339.070313
1628.523438	47278.996094
1627.488281	47730.683594
1626.453125	48135.269531
1625.416992	48178.328125
1624.381836	48437.222656
1623.345703	48229.210938
1622.309570	48774.132813
1621.273438	49436.105469
1620.237305	50587.847656
1619.200195	50843.726563
1618.163086	51699.496094
1617.125977	52749.453125
1616.088867	53679.550781
1615.051758	54431.285156
1614.014648	56124.246094
1612.976563	56561.500000
1611.938477	57780.550781
1610.900391	57945.820313
1609.862305	57813.800781
1608.823242	57946.242188
1607.785156	57110.070313
1606.746094	56178.289063
1605.707031	54846.925781
1604.667969	53644.636719
1603.628906	52664.867188
1602.588867	51970.617188
1601.548828	51276.609375
1600.508789	50624.906250
1599.468750	49835.597656
1598.428711	49742.632813
1597.387695	49306.394531
1596.347656	49229.894531
1595.306641	48544.109375
1594.265625	48838.890625
1593.224609	48417.125000
1592.182617	47955.835938
1591.140625	48161.910156
1590.099609	48125.335938
1589.057617	47645.687500
1588.014648	47343.410156
1586.972656	47106.511719
1585.929688	47459.382813
1584.887695	47469.562500
1583.844727	47435.468750
1582.800781	47247.632813
1581.757813	47083.156250
1580.714844	47223.796875
1579.670898	47559.960938
1578.626953	47432.753906
1577.583008	47156.636719
1576.538086	47127.281250
1575.494141	47509.746094
1574.449219	47745.519531
1573.404297	47648.621094
1572.359375	47744.761719
1571.314453	47589.769531
1570.269531	47197.726563
1569.223633	47781.957031
1568.177734	47417.898438
1567.131836	47507.015625
1566.085938	46729.656250
1565.040039	46763.121094
1563.993164	46318.226563
1562.946289	46049.933594
1561.899414	46492.031250
1560.852539	46003.320313
1559.805664	46438.304688
1558.757813	46153.933594
1557.709961	46231.515625
1556.662109	46060.917969
1555.614258	45978.492188
1554.566406	46053.738281
1553.517578	46029.289063
1552.469727	45826.394531
1551.420898	45996.625000
1550.372070	45763.691406
1549.322266	45526.207031
1548.273438	45555.125000
1547.223633	46174.468750
1546.173828	46140.753906
1545.124023	45454.328125
1544.074219	45786.394531
1543.024414	45782.839844
1541.973633	45661.300781
1540.922852	45398.714844
1539.872070	45742.109375
1538.821289	45911.964844
1537.770508	46167.292969
1536.718750	45835.457031
1535.666992	45755.625000
1534.615234	45717.410156
1533.563477	45605.281250
1532.511719	45594.820313
1531.458984	45722.910156
1530.407227	45315.308594
1529.354492	45131.765625
1528.300781	45492.972656
1527.248047	45367.148438
1526.195313	45437.480469
1525.141602	44961.078125
1524.087891	45241.328125
1523.034180	45092.574219
1521.980469	45040.703125
1520.925781	45528.242188
1519.871094	44565.953125
1518.817383	45422.085938
1517.762695	45238.863281
1516.707031	44991.207031
1515.652344	44856.488281
1514.596680	45431.027344
1513.541016	45132.816406
1512.485352	44719.617188
1511.429688	45365.210938
1510.374023	45147.699219
1509.317383	45319.062500
1508.260742	44926.820313
1507.204102	45358.031250
1506.147461	44892.339844
1505.090820	45652.144531
1504.033203	45184.265625
1502.975586	45226.730469
1501.917969	45241.609375
1500.860352	44937.156250
1499.802734	45429.828125
1498.744141	45116.261719
1497.686523	44894.644531
1496.627930	45038.117188
1495.569336	45023.160156
1494.509766	45244.578125
1493.451172	45399.371094
1492.391602	45317.832031
1491.332031	44830.351563
1490.272461	45040.167969
1489.212891	44867.019531
1488.152344	44916.285156
1487.092773	45107.636719
1486.032227	44973.515625
1484.971680	45057.097656
1483.910156	45023.824219
1482.849609	45350.136719
1481.788086	45836.621094
1480.726563	45542.218750
1479.665039	45348.640625
1478.603516	45477.828125
1477.541992	45627.562500
1476.479492	44921.589844
1475.416992	45306.968750
1474.354492	45632.750000
1473.291992	45507.945313
1472.229492	45170.574219
1471.166016	45331.617188
1470.102539	45682.289063
1469.039063	45404.468750
1467.975586	45535.679688
1466.912109	45497.816406
1465.847656	45747.714844
1464.783203	46282.937500
1463.718750	46391.058594
1462.654297	46270.890625
1461.589844	45997.867188
1460.524414	46190.398438
1459.458984	45764.632813
1458.393555	46716.664063
1457.328125	46236.222656
1456.262695	46813.894531
1455.196289	46511.417969
1454.130859	46489.390625
1453.064453	46054.906250
1451.998047	46014.738281
1450.930664	46407.402344
1449.864258	46829.535156
1448.796875	47203.691406
1447.729492	46956.152344
1446.662109	46833.902344
1445.594727	46955.218750
1444.526367	47106.070313
1443.458008	47263.695313
1442.390625	47610.062500
1441.321289	47724.320313
1440.252930	47722.570313
1439.184570	47923.156250
1438.115234	48260.054688
1437.045898	48690.011719
1435.976563	48592.640625
1434.907227	48715.679688
1433.836914	48650.136719
1432.767578	49447.613281
1431.697266	48925.562500
1430.626953	50006.480469
1429.555664	49824.984375
1428.485352	50106.511719
1427.414063	49861.527344
1426.342773	50040.855469
1425.271484	50689.632813
1424.200195	50741.750000
1423.128906	50315.425781
1422.056641	50578.414063
1420.984375	50367.593750
1419.912109	50467.312500
1418.839844	50503.546875
1417.767578	50227.152344
1416.694336	50496.707031
1415.621094	50612.171875
1414.547852	50329.105469
1413.474609	49946.539063
1412.400391	50014.503906
1411.327148	49670.593750
1410.252930	49700.121094
1409.178711	49625.574219
1408.104492	49447.019531
1407.029297	49557.964844
1405.955078	49775.132813
1404.879883	49723.226563
1403.804688	49601.273438
1402.729492	49797.968750
1401.653320	49626.339844
1400.578125	50258.910156
1399.501953	50148.234375
1398.425781	50331.136719
1397.349609	50419.148438
1396.272461	50392.011719
1395.196289	50892.972656
1394.119141	50868.011719
1393.041992	51023.535156
1391.964844	51409.074219
1390.886719	51629.839844
1389.809570	52130.113281
1388.731445	52350.667969
1387.653320	52300.664063
1386.575195	52859.136719
1385.497070	52608.523438
1384.417969	52738.714844
1383.338867	52648.128906
1382.259766	52406.691406
1381.180664	52752.988281
1380.101563	53092.402344
1379.021484	53170.609375
1377.941406	52710.964844
1376.861328	52980.449219
1375.781250	52786.441406
1374.701172	52718.449219
1373.620117	52531.296875
1372.539063	52726.417969
1371.458008	52163.937500
1370.376953	51999.457031
1369.295898	51879.972656
1368.213867	51416.792969
1367.132813	51261.515625
1366.050781	51270.234375
1364.967773	50798.429688
1363.885742	51319.089844
1362.802734	50840.707031
1361.720703	51744.933594
1360.637695	51544.871094
1359.554688	51383.019531
1358.470703	51239.167969
1357.387695	51167.128906
1356.303711	51079.421875
1355.219727	50585.976563
1354.135742	50435.640625
1353.050781	50399.644531
1351.966797	50377.105469
1350.881836	50099.191406
1349.796875	49368.941406
1348.711914	49295.085938
1347.626953	49516.800781
1346.541016	48809.429688
1345.455078	49299.726563
1344.369141	49324.390625
1343.283203	49666.746094
1342.197266	49103.015625
1341.110352	49156.769531
1340.023438	49494.492188
1338.936523	49362.585938
1337.849609	48980.371094
1336.762695	49248.652344
1335.674805	49561.527344
1334.586914	49125.859375
1333.499023	49659.773438
1332.411133	49635.167969
1331.323242	49786.968750
1330.234375	49659.648438
1329.145508	49918.523438
1328.056641	49565.824219
1326.967773	49776.601563
1325.878906	49987.378906
1324.789063	50198.343750
1323.699219	50409.308594
1322.609375	50620.273438
1321.519531	51224.167969
1320.429688	51502.433594
1319.338867	51635.742188
1318.248047	52479.753906
1317.157227	52107.156250
1316.066406	52774.816406
1314.975586	53224.003906
1313.883789	53263.359375
1312.791992	53983.871094
1311.700195	53909.562500
1310.608398	53581.601563
1309.516602	53318.277344
1308.423828	53121.777344
1307.331055	52787.457031
1306.238281	52844.617188
1305.145508	51870.171875
1304.051758	52114.187500
1302.958984	51918.074219
1301.865234	51495.382813
1300.771484	51979.261719
1299.677734	52478.515625
1298.583008	52278.023438
1297.489258	52199.730469
1296.394531	52294.621094
1295.299805	52411.671875
1294.204102	52779.445313
1293.109375	53120.460938
1292.013672	53115.281250
1290.917969	53041.339844
1289.822266	52960.773438
1288.726563	52518.828125
1287.630859	52553.652344
1286.534180	52395.636719
1285.437500	52301.937500
1284.340820	52108.570313
1283.244141	52176.660156
1282.146484	51843.847656
1281.048828	51728.164063
1279.951172	51455.328125
1278.853516	51709.421875
1277.755859	51025.031250
1276.658203	50905.144531
1275.559570	50871.582031
1274.460938	50486.328125
1273.362305	50452.847656
1272.262695	50947.851563
1271.164063	50390.343750
1270.064453	50020.917969
1268.964844	49896.929688
1267.865234	49788.453125
1266.765625	49660.132813
1265.665039	49147.527344
1264.564453	48884.648438
1263.463867	49012.679688
1262.363281	49350.382813
1261.262695	48443.109375
1260.161133	48690.308594
1259.059570	48599.843750
1257.958008	48685.882813
1256.856445	48471.933594
1255.754883	48474.167969
1254.652344	48191.980469
1253.549805	48306.683594
1252.447266	48262.652344
1251.344727	48535.953125
1250.242188	48410.378906
1249.138672	47855.304688
1248.035156	48238.640625
1246.931641	47961.246094
1245.828125	48452.296875
1244.724609	48166.156250
1243.620117	48274.054688
1242.515625	48100.261719
1241.411133	48216.925781
1240.306641	48804.257813
1239.201172	48263.195313
1238.096680	48368.769531
1236.991211	48461.113281
1235.885742	48245.699219
1234.779297	48645.687500
1233.673828	48625.867188
1232.567383	48830.125000
1231.460938	48906.914063
1230.354492	48584.003906
1229.248047	48570.785156
1228.140625	48544.402344
1227.033203	48476.320313
1225.926758	48311.710938
1224.818359	48465.289063
1223.710938	48493.773438
1222.602539	48570.496094
1221.495117	48041.976563
1220.386719	48445.414063
1219.278320	48298.511719
1218.168945	48432.187500
1217.060547	48228.367188
1215.951172	48285.324219
1214.841797	48182.359375
1213.731445	47724.644531
1212.622070	47875.808594
1211.511719	47956.863281
1210.402344	47849.644531
1209.291992	47900.031250
1208.180664	48394.562500
1207.070313	48291.695313
1205.958984	48171.363281
1204.847656	48643.699219
1203.736328	48282.839844
1202.625000	48571.355469
1201.512695	48704.582031
1200.401367	48654.203125
1199.289063	48890.050781
1198.176758	49494.984375
1197.063477	49311.253906
1195.951172	49201.832031
1194.837891	49644.808594
1193.724609	50161.839844
1192.611328	49539.441406
1191.498047	49964.652344
1190.383789	49857.382813
1189.269531	49750.148438
1188.155273	49278.750000
1187.041016	49167.296875
1185.926758	48632.945313
1184.811523	49025.152344
1183.696289	48626.132813
1182.581055	48610.742188
1181.465820	48693.382813
1180.350586	48418.789063
1179.234375	48118.160156
1178.118164	47856.832031
1177.001953	47978.726563
1175.885742	48111.457031
1174.768555	48107.046875
1173.652344	48539.949219
1172.535156	48233.085938
1171.417969	48006.808594
1170.299805	47843.667969
1169.182617	47547.964844
1168.064453	47491.476563
1166.946289	47691.460938
1165.828125	47634.964844
1164.709961	47639.316406
1163.590820	47795.714844
1162.471680	47654.523438
1161.352539	47734.863281
1160.233398	47526.433594
1159.114258	47283.347656
1157.994141	47298.597656
1156.874023	47856.277344
1155.753906	47162.031250
1154.633789	47214.160156
1153.513672	47524.332031
1152.392578	47448.449219
1151.271484	46880.503906
1150.150391	46982.492188
1149.029297	47394.316406
1147.907227	47309.839844
1146.786133	47420.347656
1145.664063	47626.109375
1144.541992	47859.945313
1143.418945	48240.914063
1142.296875	47669.308594
1141.173828	48013.378906
1140.050781	48569.375000
1138.927734	48958.582031
1137.803711	48449.984375
1136.680664	48374.097656
1135.556641	48613.925781
1134.432617	48953.109375
1133.308594	48533.492188
1132.183594	48496.535156
1131.059570	48195.988281
1129.934570	48465.863281
1128.809570	48988.343750
1127.684570	48396.335938
1126.558594	48685.453125
1125.432617	48579.417969
1124.307617	48529.535156
1123.180664	48600.511719
1122.054688	48237.800781
1120.928711	48233.300781
1119.801758	47931.171875
1118.674805	47989.261719
1117.547852	47846.824219
1116.419922	47960.945313
1115.292969	47687.097656
1114.165039	48193.371094
1113.037109	47906.648438
1111.909180	47768.652344
1110.780273	47710.386719
1109.652344	47824.398438
1108.523438	48018.015625
1107.394531	47787.542969
1106.264648	47729.308594
1105.135742	47518.328125
1104.005859	47625.804688
1102.875977	47589.132813
1101.746094	47855.687500
1100.616211	47778.132813
1099.485352	48111.187500
1098.355469	47919.699219
1097.224609	48001.187500
1096.092773	47622.867188
1094.961914	48097.472656
1093.830078	47779.406250
1092.699219	47686.921875
1091.567383	47684.636719
1090.434570	47607.222656
1089.302734	47126.363281
1088.169922	47426.722656
1087.037109	47351.539063
1085.904297	47302.117188
1084.771484	47377.093750
1083.637695	46991.054688
1082.504883	47518.386719
1081.371094	47428.242188
1080.236328	47451.703125
1079.102539	47085.203125
1077.968750	47532.867188
1076.833984	47451.339844
1075.699219	46945.847656
1074.564453	47080.695313
1073.428711	47125.585938
1072.292969	47437.988281
1071.158203	47416.460938
1070.022461	47523.304688
1068.885742	47497.484375
1067.750000	47311.273438
1066.613281	47890.628906
1065.476563	47751.441406
1064.339844	47033.050781
1063.203125	47441.160156
1062.065430	47270.078125
1060.927734	47319.093750
1059.790039	47438.578125
1058.652344	47419.203125
1057.514648	47540.753906
1056.375977	47021.835938
1055.237305	47036.695313
1054.098633	47525.281250
1052.959961	47145.328125
1051.820313	47175.078125
1050.681641	47516.203125
1049.541992	47294.250000
1048.402344	47422.023438
1047.261719	47579.593750
1046.122070	47728.574219
1044.981445	47713.429688
1043.840820	47841.023438
1042.700195	47612.851563
1041.558594	47572.171875
1040.417969	47190.824219
1039.276367	47175.777344
1038.134766	47507.675781
1036.992188	47266.996094
1035.850586	47200.875000
1034.708008	46724.203125
1033.565430	47060.187500
1032.422852	47077.070313
1031.280273	46928.101563
1030.136719	47112.929688
1028.994141	47000.136719
1027.850586	47053.132813
1026.706055	46959.511719
1025.562500	47063.468750
1024.417969	46772.363281
1023.273438	46923.027344
1022.128906	46944.132813
1020.984375	46854.851563
1019.839844	47304.648438
1018.694336	46614.847656
1017.548828	46563.855469
1016.403320	47026.175781
1015.256836	46964.519531
1014.111328	46938.929688
1012.964844	46900.625000
1011.818359	47034.015625
1010.671875	46762.601563
1009.524414	47027.324219
1008.377930	46734.824219
1007.230469	46558.914063
1006.083008	46793.875000
1004.934570	46675.179688
1003.787109	46926.964844
1002.638672	46643.207031
1001.490234	46660.023438
1000.341797	47034.371094
999.193359	47366.273438
998.043945	47342.761719
996.894531	46995.742188
995.745117	47211.187500
994.595703	47050.320313
993.446289	46936.003906
992.295898	46910.468750
991.145508	47007.460938
989.995117	47055.843750
988.844727	47406.179688
987.693359	46890.734375
986.541992	47173.417969
985.390625	47289.261719
984.239258	47077.980469
983.087891	47740.230469
981.935547	47332.769531
980.783203	47334.601563
979.630859	47633.746094
978.478516	47740.933594
977.325195	47401.210938
976.172852	47645.378906
975.019531	47982.167969
973.865234	47214.925781
972.711914	47823.378906
971.557617	47418.660156
970.404297	47532.046875
969.250000	48072.734375
968.094727	47329.324219
966.940430	47712.015625
965.785156	47781.074219
964.629883	47521.945313
963.474609	47490.058594
962.319336	48049.066406
961.163086	47895.144531
960.007813	47795.933594
958.851563	47667.332031
957.694336	48410.796875
956.538086	47979.601563
955.380859	48010.667969
954.223633	48058.523438
953.066406	48005.570313
951.909180	47847.667969
950.751953	47221.761719
949.593750	47681.031250
948.435547	48060.398438
947.277344	47659.253906
946.118164	47459.605469
944.959961	47234.863281
943.800781	47437.910156
942.641602	47414.488281
941.482422	47755.746094
940.322266	47371.855469
939.162109	47861.742188
938.001953	47653.917969
936.841797	47626.277344
935.681641	47257.339844
934.520508	47707.101563
933.360352	47620.851563
932.198242	47875.750000
931.037109	47994.550781
929.875977	48111.210938
928.713867	48397.246094
927.551758	48233.562500
926.389648	48293.656250
925.227539	48261.746094
924.064453	48775.347656
922.901367	48129.000000
921.738281	48832.554688
920.575195	48491.406250
919.412109	49117.355469
918.248047	48978.820313
917.083984	49055.375000
915.919922	48921.074219
914.755859	49398.300781
913.590820	49647.910156
912.426758	49799.375000
911.261719	50142.675781
910.095703	50252.281250
908.930664	50326.398438
907.764648	50832.007813
906.598633	50572.503906
905.432617	50702.777344
904.266602	50389.218750
903.099609	50048.691406
901.933594	49949.886719
900.766602	49915.664063
899.599609	49423.425781
898.431641	49274.824219
897.264648	49128.355469
896.096680	49797.613281
894.928711	48925.035156
893.759766	49022.070313
892.591797	49177.296875
891.422852	48918.691406
890.253906	49165.347656
889.084961	49108.449219
887.916016	49246.910156
886.746094	49177.550781
885.576172	49268.164063
884.406250	49234.125000
883.236328	49686.015625
882.065430	49732.878906
880.895508	49837.847656
879.724609	50195.972656
878.552734	49929.378906
877.381836	50216.816406
876.209961	50361.015625
875.039063	50451.242188
873.866211	50676.207031
872.694336	50304.035156
871.522461	50184.867188
870.349609	50219.093750
869.176758	50804.449219
868.003906	50397.300781
866.830078	50696.578125
865.657227	50852.855469
864.483398	51147.789063
863.309570	51192.136719
862.135742	51431.015625
860.960938	51887.074219
859.786133	51786.433594
858.611328	52720.082031
857.436523	51636.957031
856.261719	51780.402344
855.085938	51605.421875
853.910156	51382.960938
852.734375	51185.378906
851.558594	51163.496094
850.382813	51412.242188
849.206055	51497.722656
848.029297	51188.746094
846.852539	51232.937500
845.674805	51904.660156
844.498047	51996.167969
843.320313	52578.761719
842.142578	53070.359375
840.963867	53258.542969
839.786133	54401.539063
838.607422	55069.851563
837.428711	55490.515625
836.250000	55733.757813
835.070313	56477.691406
833.891602	55665.691406
832.711914	55575.023438
831.532227	55416.414063
830.352539	54714.199219
829.171875	53843.410156
827.991211	53090.281250
826.810547	52668.792969
825.629883	52144.570313
824.449219	51737.812500
823.267578	51510.164063
822.085938	50795.171875
820.904297	51153.816406
819.722656	50743.421875
818.540039	50427.734375
817.357422	50473.859375
816.174805	50248.742188
814.992188	50161.343750
813.809570	50006.199219
812.625977	49943.519531
811.442383	49749.453125
810.258789	49966.027344
809.074219	49515.468750
807.890625	49770.988281
806.706055	49735.074219
805.521484	49537.113281
804.336914	50233.429688
803.151367	50127.722656
801.966797	49722.726563
800.781250	49604.847656
799.594727	49421.429688
798.409180	49399.953125
797.222656	49204.343750
796.037109	49086.640625
794.849609	49206.535156
793.663086	48820.648438
792.476563	48739.921875
791.289063	48558.937500
790.101563	48592.882813
788.914063	48860.054688
787.725586	49039.164063
786.538086	48381.710938
785.349609	48806.218750
784.161133	48095.894531
782.971680	47537.089844
781.783203	48202.671875
780.593750	48722.921875
779.404297	48182.695313
778.214844	48235.007813
777.024414	47934.003906
775.834961	47906.710938
774.644531	48346.906250
773.454102	47880.718750
772.262695	48035.062500
771.072266	47922.066406
769.880859	47811.152344
768.689453	48252.988281
767.497070	48166.519531
766.305664	48493.949219
765.113281	48358.542969
763.920898	48557.414063
762.728516	48680.820313
761.536133	48879.554688
760.342773	49650.570313
759.149414	49574.121094
757.956055	49957.855469
756.762695	49612.656250
755.568359	49760.136719
754.374023	49982.855469
753.179688	50380.464844
751.985352	50326.324219
750.791016	50024.078125
749.595703	50079.828125
748.400391	49460.574219
747.205078	49266.382813
746.009766	49179.976563
744.813477	48937.136719
743.617188	48621.250000
742.420898	48535.003906
741.224609	47973.582031
740.027344	48376.812500
738.830078	47760.812500
737.632813	48198.433594
736.435547	48144.804688
735.238281	48141.914063
734.040039	47988.910156
732.841797	47773.089844
731.643555	47679.015625
730.445313	47465.355469
729.246094	47671.367188
728.046875	47755.699219
726.847656	47495.535156
725.648438	47199.000000
724.449219	47119.300781
723.249023	47392.003906
722.048828	47508.695313
720.848633	46961.347656
719.647461	47104.382813
718.447266	47172.492188
717.246094	47119.175781
716.044922	47577.660156
714.842773	46812.371094
713.641602	47280.851563
712.439453	47411.523438
711.237305	47485.546875
710.035156	47244.269531
708.832031	47603.195313
707.629883	47487.238281
706.426758	47494.527344
705.223633	47631.058594
704.019531	47531.304688
702.815430	47587.027344
701.612305	47675.015625
700.408203	47056.691406
699.203125	47388.871094
697.999023	47472.808594
696.793945	47082.757813
695.588867	47551.859375
694.383789	47341.367188
693.177734	47554.246094
691.971680	47299.492188
690.766602	47467.964844
689.559570	47475.210938
688.353516	47490.507813
687.146484	47441.351563
685.939453	47484.832031
684.732422	47331.015625
683.525391	47392.609375
682.318359	47232.824219
681.110352	47431.222656
679.902344	47112.574219
678.693359	47377.285156
677.485352	47137.179688
676.276367	47017.789063
675.067383	46874.324219
673.858398	47175.042969
672.649414	47517.847656
671.439453	47115.207031
670.229492	47142.546875
669.019531	47029.300781
667.809570	46920.109375
666.598633	47186.347656
665.387695	47149.417969
664.176758	46735.246094
662.965820	47051.519531
661.754883	47130.972656
660.542969	47250.503906
659.331055	46999.035156
658.119141	47122.550781
656.906250	47125.753906
655.694336	47096.890625
654.481445	46921.769531
653.268555	47315.640625
652.054688	47178.593750
650.841797	47251.863281
649.627930	47120.878906
648.414063	47468.371094
647.200195	47377.421875
645.985352	47438.582031
644.770508	47803.820313
643.555664	48122.910156
642.340820	48279.886719
641.125977	48146.867188
639.910156	48373.746094
638.694336	47956.929688
637.478516	48109.812500
636.262695	48114.781250
635.045898	47788.132813
633.829102	47411.671875
632.612305	47822.136719
631.395508	47647.457031
630.177734	46981.785156
628.959961	47036.843750
627.742188	47167.703125
626.524414	47148.882813
625.306641	46675.281250
624.087891	46915.812500
622.869141	47295.828125
621.650391	47344.769531
620.430664	46977.117188
619.211914	47327.007813
617.992188	46957.500000
616.772461	47281.363281
615.551758	47079.296875
614.332031	47369.160156
613.111328	46627.605469
611.890625	47126.449219
610.669922	47065.859375
609.448242	46885.902344
608.226563	47265.039063
607.004883	46679.339844
605.783203	47203.546875
604.561523	47425.328125
603.338867	47285.218750
602.116211	47129.261719
600.893555	47416.503906
599.669922	46849.300781
598.447266	47349.031250
597.223633	47252.753906
596.000000	47430.535156
594.775391	47058.308594
593.551758	47192.386719
592.327148	47455.406250
591.102539	47474.269531
589.877930	47643.894531
588.652344	47271.968750
587.426758	47195.660156
586.201172	47264.117188
584.975586	47824.167969
583.750000	47472.296875
582.523438	47806.191406
581.296875	47951.742188
580.070313	47663.425781
578.842773	47454.437500
577.616211	47900.941406
576.388672	48272.046875
575.161133	48344.121094
573.932617	48238.062500
572.705078	48248.773438
571.476563	48132.875000
570.248047	48519.398438
569.018555	48122.679688
567.790039	48135.375000
566.560547	48096.667969
565.331055	47803.019531
564.101563	47250.621094
562.871094	47387.925781
561.641602	47643.699219
560.411133	47593.257813
559.179688	47453.984375
557.949219	47636.546875
556.717773	47501.257813
555.486328	46904.238281
554.254883	47570.191406
553.023438	47018.746094
551.791016	47009.894531
550.558594	47072.035156
549.326172	47412.136719
548.093750	46908.441406
546.860352	46899.605469
545.627930	47237.574219
544.393555	46960.746094
543.160156	47154.781250
541.926758	47218.761719
540.692383	47046.445313
539.458008	47309.246094
538.223633	47095.636719
536.988281	47008.050781
535.752930	47115.273438
534.517578	47139.835938
533.282227	47093.585938
532.046875	47361.968750
530.810547	47280.300781
529.574219	47269.917969
528.337891	47259.539063
527.101563	47249.156250
525.864258	47238.765625
524.626953	47149.328125
523.389648	47517.484375
522.152344	47649.886719
520.914063	47521.156250
519.675781	47319.855469
518.437500	47577.800781
517.199219	47329.472656
515.959961	47326.429688
514.721680	47472.437500
513.482422	47424.265625
512.242188	47421.199219
511.002930	47661.179688
509.762695	47244.570313
508.522461	47556.984375
507.282227	47258.085938
506.041016	47204.117188
504.800781	46856.433594
503.559570	47687.511719
502.318359	47296.800781
501.076172	47430.742188
499.833984	47850.316406
498.592773	47710.203125
497.349609	47126.128906
496.107422	47447.734375
494.864258	47358.609375
493.622070	47410.265625
492.377930	47631.945313
491.134766	47542.828125
489.891602	47696.015625
488.647461	47817.882813
487.403320	47859.628906
486.158203	47387.800781
484.914063	47960.640625
483.668945	48023.800781
482.423828	48028.386719
481.178711	47433.945313
479.932617	47791.742188
478.686523	48047.972656
477.440430	48089.593750
476.194336	48187.738281
474.948242	48239.062500
473.701172	48670.414063
472.454102	48388.406250
471.207031	48718.253906
469.958984	48502.566406
468.711914	48769.941406
467.463867	48926.226563
466.215820	48782.648438
464.966797	49141.292969
463.718750	49112.539063
462.469727	48935.917969
461.220703	49202.898438
459.970703	49543.679688
458.721680	49831.828125
457.471680	49629.921875
456.221680	50009.300781
454.970703	50347.718750
453.720703	50351.792969
452.469727	50598.703125
451.218750	51074.722656
449.966797	51529.191406
448.715820	51711.660156
447.463867	52278.429688
446.211914	53126.410156
444.959961	53655.820313
443.707031	54119.062500
442.454102	54246.542969
441.201172	53883.292969
439.948242	53320.453125
438.695313	52810.167969
437.441406	52224.484375
436.187500	51379.328125
434.933594	50148.906250
433.678711	50023.171875
432.424805	49926.539063
431.169922	49328.382813
429.914063	49164.144531
428.659180	49414.222656
427.403320	48804.882813
426.147461	48704.687500
424.891602	48592.917969
423.635742	48761.664063
422.378906	48634.453125
421.122070	48489.882813
419.865234	48735.871094
418.608398	48152.582031
417.350586	48626.566406
416.092773	48387.425781
414.834961	48304.843750
413.577148	48645.261719
412.318359	48178.386719
411.059570	48030.246094
409.800781	48046.226563
408.541992	48343.968750
407.282227	48247.968750
406.022461	48296.687500
404.762695	48464.972656
403.502930	48395.996094
402.242188	48041.687500
400.981445	48261.968750
