#Wave		#Intensity
2001.242188	30709.927734
2000.272461	30832.748047
1999.302734	30669.482422
1998.333008	30669.138672
1997.363281	30651.259766
1996.392578	30570.765625
1995.422852	30602.992188
1994.452148	30372.298828
1993.481445	30830.134766
1992.510742	30747.158203
1991.540039	31074.632813
1990.568359	30651.347656
1989.596680	30828.619141
1988.625977	30640.640625
1987.654297	30467.732422
1986.681641	31020.001953
1985.709961	30814.585938
1984.738281	31016.664063
1983.765625	30536.417969
1982.792969	30920.873047
1981.820313	30488.275391
1980.847656	31019.970703
1979.874023	30809.767578
1978.901367	30734.470703
1977.927734	30729.099609
1976.954102	30581.455078
1975.980469	30765.777344
1975.006836	30852.720703
1974.032227	30899.718750
1973.058594	30949.191406
1972.083984	30936.298828
1971.109375	30861.076172
1970.134766	30716.074219
1969.160156	30728.152344
1968.184570	30979.466797
1967.209961	31081.193359
1966.234375	31108.144531
1965.258789	31179.919922
1964.283203	30880.603516
1963.306641	31071.908203
1962.331055	31093.857422
1961.354492	31021.214844
1960.377930	31277.095703
1959.401367	30885.955078
1958.424805	31121.865234
1957.447266	30763.220703
1956.470703	30852.339844
1955.493164	31013.535156
1954.515625	31241.794922
1953.538086	30900.775391
1952.560547	30935.130859
1951.582031	31265.154297
1950.604492	31267.134766
1949.625977	31130.019531
1948.647461	31089.804688
1947.668945	31166.300781
1946.689453	31093.816406
1945.710938	31214.962891
1944.731445	31467.591797
1943.751953	31303.283203
1942.772461	30821.490234
1941.792969	31049.248047
1940.813477	31262.046875
1939.833008	31313.601563
1938.852539	31037.900391
1937.873047	31327.421875
1936.891602	31634.189453
1935.911133	31098.408203
1934.930664	30857.615234
1933.949219	30941.378906
1932.967773	31220.753906
1931.986328	30769.599609
1931.004883	31120.695313
1930.023438	31345.433594
1929.041016	31181.560547
1928.059570	31035.062500
1927.077148	30831.716797
1926.094727	31204.748047
1925.112305	30684.898438
1924.128906	30904.525391
1923.146484	30782.917969
1922.163086	30910.996094
1921.179688	30589.257813
1920.196289	31157.126953
1919.212891	31033.087891
1918.228516	30867.101563
1917.245117	30797.482422
1916.260742	30972.328125
1915.276367	31011.333984
1914.291992	30754.136719
1913.307617	30820.312500
1912.322266	30726.082031
1911.336914	30478.935547
1910.352539	30966.890625
1909.367188	30717.320313
1908.380859	30780.970703
1907.395508	30827.341797
1906.409180	30703.626953
1905.423828	30786.957031
1904.437500	31072.296875
1903.451172	30687.472656
1902.463867	30549.085938
1901.477539	30718.570313
1900.490234	30560.527344
1899.503906	30821.033203
1898.516602	30562.111328
1897.528320	30509.990234
1896.541016	30989.345703
1895.553711	30669.025391
1894.565430	30484.093750
1893.577148	30677.935547
1892.588867	30864.330078
1891.600586	30649.958984
1890.611328	30796.966797
1889.623047	30860.367188
1888.633789	30746.841797
1887.644531	30856.904297
1886.655273	30984.117188
1885.666016	30733.107422
1884.675781	31068.994141
1883.686523	30555.386719
1882.696289	30893.638672
1881.706055	30812.138672
1880.715820	30433.789063
1879.724609	30771.880859
1878.734375	30641.388672
1877.743164	30748.810547
1876.751953	30767.927734
1875.760742	30684.078125
1874.769531	30399.279297
1873.778320	30763.968750
1872.786133	30709.560547
1871.793945	30505.742188
1870.801758	31117.589844
1869.809570	31006.824219
1868.817383	30616.980469
1867.824219	30587.119141
1866.832031	31213.205078
1865.838867	30918.962891
1864.845703	30593.015625
1863.851563	30864.062500
1862.858398	31338.013672
1861.865234	30750.505859
1860.871094	30952.919922
1859.876953	30759.251953
1858.882813	30846.718750
1857.887695	30902.386719
1856.893555	30767.462891
1855.898438	31130.914063
1854.904297	30746.873047
1853.909180	30858.679688
1852.913086	30999.742188
1851.917969	31060.199219
1850.922852	31135.277344
1849.926758	30778.410156
1848.930664	31522.009766
1847.934570	31160.318359
1846.938477	31286.539063
1845.941406	31254.210938
1844.945313	30995.152344
1843.948242	31299.279297
1842.951172	31081.734375
1841.954102	31405.230469
1840.956055	31548.322266
1839.958984	31411.230469
1838.960938	30979.490234
1837.962891	31563.324219
1836.964844	31197.441406
1835.966797	31549.779297
1834.968750	31368.994141
1833.969727	31796.607422
1832.970703	31263.066406
1831.971680	31425.404297
1830.972656	31397.982422
1829.973633	31737.746094
1828.973633	31583.853516
1827.974609	31641.492188
1826.974609	31633.490234
1825.974609	31309.599609
1824.974609	31493.585938
1823.973633	31245.130859
1822.973633	31334.345703
1821.972656	31530.367188
1820.971680	31296.601563
1819.970703	31647.910156
1818.968750	31290.429688
1817.967773	31447.492188
1816.965820	31386.150391
1815.964844	31613.482422
1814.961914	31515.753906
1813.959961	31512.625000
1812.958008	31604.046875
1811.955078	31908.740234
1810.953125	31612.294922
1809.950195	31679.416016
1808.947266	31976.664063
1807.943359	31905.626953
1806.940430	31708.681641
1805.936523	32071.140625
1804.932617	31891.177734
1803.928711	31982.375000
1802.924805	31674.224609
1801.920898	31596.048828
1800.916016	31612.251953
1799.911133	31405.914063
1798.907227	32099.291016
1797.901367	32047.687500
1796.896484	31715.667969
1795.891602	32176.576172
1794.885742	32030.732422
1793.879883	31969.509766
1792.874023	32094.324219
1791.868164	32310.878906
1790.862305	32341.404297
1789.855469	31802.080078
1788.848633	32204.457031
1787.842773	32119.123047
1786.834961	32489.925781
1785.828125	32385.265625
1784.821289	32244.453125
1783.813477	32233.939453
1782.805664	32435.644531
1781.797852	32420.275391
1780.790039	32648.392578
1779.782227	32551.037109
1778.773438	32579.029297
1777.764648	32847.953125
1776.755859	32577.162109
1775.747070	32450.980469
1774.738281	32493.414063
1773.729492	32506.937500
1772.719727	32710.634766
1771.709961	32298.091797
1770.700195	32804.964844
1769.690430	33061.429688
1768.680664	32632.201172
1767.669922	32874.171875
1766.659180	32815.460938
1765.648438	32800.046875
1764.637695	32849.542969
1763.626953	32694.720703
1762.615234	32590.417969
1761.604492	32709.597656
1760.592773	32708.621094
1759.581055	32825.332031
1758.569336	32769.105469
1757.556641	33077.835938
1756.544922	32956.765625
1755.532227	32833.335938
1754.519531	32983.511719
1753.506836	32980.078125
1752.494141	33125.375000
1751.480469	33064.355469
1750.466797	32888.253906
1749.454102	32666.658203
1748.440430	33142.707031
1747.425781	33048.167969
1746.412109	33257.988281
1745.397461	33611.484375
1744.383789	33708.546875
1743.369141	33685.820313
1742.353516	33619.996094
1741.338867	33518.281250
1740.324219	33531.503906
1739.308594	33851.062500
1738.292969	33404.781250
1737.277344	33779.273438
1736.261719	34043.601563
1735.245117	33860.597656
1734.229492	34548.050781
1733.212891	34123.554688
1732.196289	34179.664063
1731.179688	34610.972656
1730.162109	34561.835938
1729.145508	34923.636719
1728.127930	34905.511719
1727.110352	35298.167969
1726.092773	35365.945313
1725.075195	35314.324219
1724.056641	35312.843750
1723.039063	35738.558594
1722.020508	36292.968750
1721.001953	36114.773438
1719.983398	36435.160156
1718.963867	36440.632813
1717.945313	36043.132813
1716.925781	36258.460938
1715.906250	36364.070313
1714.886719	36717.488281
1713.867188	36606.140625
1712.846680	36668.746094
1711.826172	36864.710938
1710.806641	37432.117188
1709.786133	37513.585938
1708.764648	37097.468750
1707.744141	36612.472656
1706.722656	36772.570313
1705.701172	37208.617188
1704.679688	37497.011719
1703.658203	37254.894531
1702.636719	37103.226563
1701.614258	37453.300781
1700.592773	37073.433594
1699.570313	37026.457031
1698.547852	37671.031250
1697.524414	37467.144531
1696.501953	37332.222656
1695.478516	37392.105469
1694.456055	37399.726563
1693.432617	37535.550781
1692.408203	37585.871094
1691.384766	37678.890625
1690.360352	37669.835938
1689.336914	37665.527344
1688.312500	37820.156250
1687.288086	38126.523438
1686.262695	37896.851563
1685.238281	38632.238281
1684.212891	38530.562500
1683.187500	38037.855469
1682.162109	38206.460938
1681.136719	38531.378906
1680.110352	38787.484375
1679.084961	38669.285156
1678.058594	38567.703125
1677.032227	39010.699219
1676.005859	38842.808594
1674.978516	38887.984375
1673.952148	38954.437500
1672.924805	39231.433594
1671.897461	39808.742188
1670.870117	38995.187500
1669.842773	39177.437500
1668.814453	39539.300781
1667.787109	39766.296875
1666.758789	39825.410156
1665.730469	39619.851563
1664.701172	39747.480469
1663.672852	39749.867188
1662.643555	39773.511719
1661.615234	40297.738281
1660.585938	40096.988281
1659.555664	39690.949219
1658.526367	39740.539063
1657.497070	39990.679688
1656.466797	40073.222656
1655.436523	39903.347656
1654.406250	40252.367188
1653.375977	40141.468750
1652.344727	40367.730469
1651.313477	40412.410156
1650.282227	40405.230469
1649.250977	40471.093750
1648.219727	40579.335938
1647.188477	40402.531250
1646.156250	40927.582031
1645.124023	40809.640625
1644.091797	40783.550781
1643.059570	40802.191406
1642.027344	40797.292969
1640.994141	41258.265625
1639.961914	41382.671875
1638.928711	41027.207031
1637.895508	41436.152344
1636.861328	42296.390625
1635.828125	41816.351563
1634.793945	42278.996094
1633.759766	42330.226563
1632.725586	42679.828125
1631.691406	42249.390625
1630.656250	43122.648438
1629.622070	43058.617188
1628.586914	43173.046875
1627.551758	43613.734375
1626.516602	43882.925781
1625.480469	44391.378906
1624.445313	44622.792969
1623.409180	44844.738281
1622.373047	44939.957031
1621.336914	45623.722656
1620.300781	46612.039063
1619.263672	47381.992188
1618.227539	47755.585938
1617.190430	48396.175781
1616.153320	49209.914063
1615.115234	50138.136719
1614.078125	50564.832031
1613.040039	51405.839844
1612.001953	51487.996094
1610.963867	52059.343750
1609.925781	51951.777344
1608.887695	51659.390625
1607.848633	51523.851563
1606.809570	50901.824219
1605.770508	50417.996094
1604.731445	49618.671875
1603.692383	48985.617188
1602.652344	48313.050781
1601.613281	47778.609375
1600.573242	47653.261719
1599.533203	47011.656250
1598.492188	46800.066406
1597.452148	46495.132813
1596.411133	46718.007813
1595.370117	46319.812500
1594.329102	46087.480469
1593.288086	45927.574219
1592.247070	45823.722656
1591.205078	46090.835938
1590.163086	45553.148438
1589.121094	45974.125000
1588.079102	45399.339844
1587.036133	45657.003906
1585.994141	45450.742188
1584.951172	45230.574219
1583.908203	45546.375000
1582.865234	45610.468750
1581.822266	45844.566406
1580.778320	45617.488281
1579.734375	45776.988281
1578.691406	46162.238281
1577.646484	46123.746094
1576.602539	46438.980469
1575.558594	46358.570313
1574.513672	46436.371094
1573.468750	46735.093750
1572.423828	47045.335938
1571.378906	47501.937500
1570.333008	47161.046875
1569.288086	47324.617188
1568.242188	47262.726563
1567.196289	47491.269531
1566.150391	47259.792969
1565.103516	46900.660156
1564.057617	46639.179688
1563.010742	46609.957031
1561.963867	46494.859375
1560.916992	45412.007813
1559.869141	45575.609375
1558.822266	45075.628906
1557.774414	44728.917969
1556.726563	45006.187500
1555.678711	44608.597656
1554.630859	44686.410156
1553.582031	44168.480469
1552.534180	44570.792969
1551.485352	44120.261719
1550.436523	44038.246094
1549.386719	43882.632813
1548.337891	43727.164063
1547.288086	43571.550781
1546.238281	43415.937500
1545.188477	43260.324219
1544.138672	43104.710938
1543.088867	43284.425781
1542.038086	43006.023438
1540.987305	42935.886719
1539.936523	42801.019531
1538.885742	43052.332031
1537.834961	42485.195313
1536.783203	42972.222656
1535.731445	42578.617188
1534.679688	42772.019531
1533.627930	43011.550781
1532.576172	42890.687500
1531.523438	42691.347656
1530.471680	42704.496094
1529.418945	42419.843750
1528.366211	42795.390625
1527.312500	42406.980469
1526.259766	42106.382813
1525.206055	42347.980469
1524.152344	41966.773438
1523.098633	42418.152344
1522.044922	41781.148438
1520.990234	41886.625000
1519.936523	42072.730469
1518.881836	42062.894531
1517.827148	41693.656250
1516.772461	41755.300781
1515.716797	41816.921875
1514.662109	41675.882813
1513.606445	41758.210938
1512.550781	41585.003906
1511.495117	41379.636719
1510.438477	41606.933594
1509.382813	41505.160156
1508.326172	41431.023438
1507.269531	41989.351563
1506.212891	41820.878906
1505.155273	41599.585938
1504.098633	41661.093750
1503.041016	41313.511719
1501.983398	41712.808594
1500.925781	41581.281250
1499.867188	41566.945313
1498.809570	41531.941406
1497.750977	41513.019531
1496.692383	41544.609375
1495.633789	41342.070313
1494.575195	41538.906250
1493.515625	41336.437500
1492.457031	41370.320313
1491.397461	41225.292969
1490.337891	41133.058594
1489.277344	41354.964844
1488.217773	40957.847656
1487.157227	41317.222656
1486.096680	40906.503906
1485.036133	40940.410156
1483.975586	41258.355469
1482.915039	41285.316406
1481.853516	41117.621094
1480.791992	41332.328125
1479.730469	41407.324219
1478.668945	41420.500000
1477.606445	41239.164063
1476.544922	40973.242188
1475.482422	41270.121094
1474.419922	41509.722656
1473.357422	41717.218750
1472.293945	41709.738281
1471.231445	41953.695313
1470.167969	41971.308594
1469.104492	41666.730469
1468.041016	42008.792969
1466.976563	41914.457031
1465.913086	42123.894531
1464.848633	41723.601563
1463.784180	41894.183594
1462.719727	42258.714844
1461.655273	42191.796875
1460.589844	42181.941406
1459.524414	42416.191406
1458.458984	42137.152344
1457.393555	42686.023438
1456.328125	42108.343750
1455.261719	42014.156250
1454.196289	42697.226563
1453.129883	42240.628906
1452.063477	42251.273438
1450.996094	42300.636719
1449.929688	42267.984375
1448.862305	42392.472656
1447.794922	42473.652344
1446.727539	42684.558594
1445.660156	42583.578125
1444.591797	42705.636719
1443.524414	42941.406250
1442.456055	43099.750000
1441.387695	43069.261719
1440.318359	42863.691406
1439.250000	42951.476563
1438.180664	43268.816406
1437.111328	43274.675781
1436.041992	43285.078125
1434.972656	43547.656250
1433.903320	43880.550781
1432.833008	43913.542969
1431.762695	43907.921875
1430.692383	44038.515625
1429.622070	44259.851563
1428.550781	44851.031250
1427.480469	44502.609375
1426.409180	45184.273438
1425.337891	45450.601563
1424.266602	45333.574219
1423.194336	45767.566406
1422.122070	45417.019531
1421.050781	45862.167969
1419.978516	46105.464844
1418.905273	46591.113281
1417.833008	46159.109375
1416.759766	46549.437500
1415.687500	46090.417969
1414.614258	45688.164063
1413.540039	45707.109375
1412.466797	45366.175781
1411.392578	45075.148438
1410.319336	44940.335938
1409.245117	44805.570313
1408.169922	44725.132813
1407.095703	45074.367188
1406.020508	45102.429688
1404.946289	45031.015625
1403.871094	44573.156250
1402.794922	45046.441406
1401.719727	45228.109375
1400.643555	45091.210938
1399.568359	45365.398438
1398.492188	45682.386719
1397.415039	45507.097656
1396.338867	45225.777344
1395.261719	45276.308594
1394.185547	45333.593750
1393.108398	45778.882813
1392.031250	46140.558594
1390.953125	46382.570313
1389.875977	46265.988281
1388.797852	46746.851563
1387.719727	46767.734375
1386.641602	46975.648438
1385.562500	47028.019531
1384.484375	46740.203125
1383.405273	46709.257813
1382.326172	46768.398438
1381.247070	46883.804688
1380.166992	46440.886719
1379.087891	46641.832031
1378.007813	46442.148438
1376.927734	46042.292969
1375.847656	46310.679688
1374.767578	45935.726563
1373.686523	45482.203125
1372.605469	45701.082031
1371.524414	44885.847656
1370.443359	45412.656250
1369.362305	45593.218750
1368.280273	45593.984375
1367.199219	45504.894531
1366.117188	45905.433594
1365.034180	46141.910156
1363.952148	46095.421875
1362.870117	46091.593750
1361.787109	46684.738281
1360.704102	46678.558594
1359.621094	46674.621094
1358.537109	46771.621094
1357.454102	46852.886719
1356.370117	46510.343750
1355.286133	46053.585938
1354.202148	45563.371094
1353.118164	45557.390625
1352.033203	45013.664063
1350.948242	44884.566406
1349.863281	44544.976563
1348.778320	44366.738281
1347.693359	44287.082031
1346.607422	44158.203125
1345.521484	44235.281250
1344.435547	43558.199219
1343.349609	43977.671875
1342.263672	44036.839844
1341.176758	43825.359375
1340.090820	44029.878906
1339.003906	43992.859375
1337.916016	43665.257813
1336.829102	43959.089844
1335.741211	44458.386719
1334.654297	43985.656250
1333.566406	44167.574219
1332.478516	44561.593750
1331.389648	44330.250000
1330.301758	44759.812500
1329.212891	44660.207031
1328.124023	44868.613281
1327.035156	44983.226563
1325.945313	45514.976563
1324.856445	45261.390625
1323.766602	45844.187500
1322.676758	46402.242188
1321.586914	46228.886719
1320.496094	46846.847656
1319.406250	47259.562500
1318.315430	48222.460938
1317.224609	48717.199219
1316.133789	49632.710938
1315.041992	49986.714844
1313.951172	50416.289063
1312.859375	50778.925781
1311.767578	50876.570313
1310.675781	50546.929688
1309.583008	50373.144531
1308.491211	49523.187500
1307.398438	48838.113281
1306.305664	48996.050781
1305.212891	48482.507813
1304.119141	48113.632813
1303.026367	47375.960938
1301.932617	47707.363281
1300.838867	47636.519531
1299.744141	47656.777344
1298.650391	48114.527344
1297.555664	48352.285156
1296.461914	48687.636719
1295.366211	49200.437500
1294.271484	49122.734375
1293.176758	48914.144531
1292.081055	49295.734375
1290.985352	48776.660156
1289.889648	48275.515625
1288.793945	48275.640625
1287.697266	48098.417969
1286.601563	48038.730469
1285.504883	47258.851563
1284.408203	47239.214844
1283.311523	47060.085938
1282.213867	46965.183594
1281.116211	46387.570313
1280.018555	46620.492188
1278.920898	46483.656250
1277.823242	46129.972656
1276.725586	45982.207031
1275.626953	45513.691406
1274.528320	45498.804688
1273.429688	45324.691406
1272.330078	45267.828125
1271.231445	44782.089844
1270.131836	44930.910156
1269.032227	44790.164063
1267.932617	44401.992188
1266.833008	44173.019531
1265.732422	43939.714844
1264.632813	44148.167969
1263.532227	43859.746094
1262.430664	43617.789063
1261.330078	43614.292969
1260.228516	43352.601563
1259.127930	43344.738281
1258.026367	43482.468750
1256.924805	43320.191406
1255.822266	43279.253906
1254.720703	43145.726563
1253.618164	42992.410156
1252.515625	42684.867188
1251.413086	43100.210938
1250.309570	42541.589844
1249.207031	42544.882813
1248.103516	42572.402344
1247.000000	42375.300781
1245.895508	42625.199219
1244.791992	42665.886719
1243.687500	42710.960938
1242.583008	42692.207031
1241.478516	42770.257813
1240.374023	42634.914063
1239.269531	42649.164063
1238.164063	43017.417969
1237.058594	42908.476563
1235.953125	43124.882813
1234.847656	42758.839844
1233.741211	43058.683594
1232.635742	43075.027344
1231.529297	42452.207031
1230.422852	42729.980469
1229.315430	42867.125000
1228.208984	43032.761719
1227.101563	43071.035156
1225.994141	43006.152344
1224.886719	42781.128906
1223.779297	42981.750000
1222.670898	43085.792969
1221.562500	42924.464844
1220.454102	42842.121094
1219.345703	42654.589844
1218.237305	42613.960938
1217.127930	42728.925781
1216.018555	42615.996094
1214.909180	42391.394531
1213.799805	42497.570313
1212.690430	42336.570313
1211.580078	41950.132813
1210.469727	42073.835938
1209.359375	41989.589844
1208.249023	42417.371094
1207.138672	41843.058594
1206.027344	42594.421875
1204.916016	42720.070313
1203.804688	42458.671875
1202.693359	42544.949219
1201.581055	43044.281250
1200.469727	42726.140625
1199.357422	43279.878906
1198.245117	43167.148438
1197.131836	43021.695313
1196.019531	43313.031250
1194.906250	43436.144531
1193.792969	43460.980469
1192.679688	43466.164063
1191.566406	43595.722656
1190.452148	43291.082031
1189.337891	43025.808594
1188.223633	43201.167969
1187.109375	43077.738281
1185.995117	42688.378906
1184.879883	43059.871094
1183.764648	42858.074219
1182.649414	42893.847656
1181.534180	42689.968750
1180.418945	42614.671875
1179.302734	42613.445313
1178.186523	42549.070313
1177.070313	42604.453125
1175.954102	42494.394531
1174.837891	42173.289063
1173.720703	42159.078125
1172.603516	42162.273438
1171.486328	41606.507813
1170.369141	41727.222656
1169.250977	41865.289063
1168.132813	41825.050781
1167.015625	41941.308594
1165.896484	42024.929688
1164.778320	42088.960938
1163.660156	41712.023438
1162.541016	41791.289063
1161.421875	41898.753906
1160.302734	41793.417969
1159.182617	41822.699219
1158.063477	42147.109375
1156.943359	42024.425781
1155.823242	41663.152344
1154.703125	41742.312500
1153.582031	41686.992188
1152.461914	41694.566406
1151.340820	41901.570313
1150.219727	41627.335938
1149.097656	41559.066406
1147.976563	41609.984375
1146.854492	41970.648438
1145.732422	41674.937500
1144.610352	42282.316406
1143.488281	41949.843750
1142.365234	42305.847656
1141.243164	42508.058594
1140.120117	42489.480469
1138.996094	42576.917969
1137.873047	42257.664063
1136.750000	42280.226563
1135.625977	42536.308594
1134.501953	42662.578125
1133.377930	42084.156250
1132.252930	42560.558594
1131.127930	42129.289063
1130.003906	42259.855469
1128.878906	41815.835938
1127.752930	41581.449219
1126.627930	41992.722656
1125.501953	41583.531250
1124.375977	41614.785156
1123.250000	41762.554688
1122.124023	41295.367188
1120.997070	41311.550781
1119.871094	41256.554688
1118.744141	41130.417969
1117.617188	40969.828125
1116.489258	40453.625000
1115.362305	40896.664063
1114.234375	40652.164063
1113.106445	40642.578125
1111.978516	40714.847656
1110.849609	40436.050781
1109.721680	40613.835938
1108.592773	40481.546875
1107.463867	40536.566406
1106.333984	40565.738281
1105.205078	40795.000000
1104.075195	40632.652344
1102.945313	40848.910156
1101.815430	40271.566406
1100.685547	40365.253906
1099.554688	40433.109375
1098.424805	40410.667969
1097.293945	40356.000000
1096.162109	40067.167969
1095.031250	40293.980469
1093.899414	40295.199219
1092.768555	40345.800781
1091.636719	40037.851563
1090.503906	40148.582031
1089.372070	40036.074219
1088.239258	39884.984375
1087.106445	39933.460938
1085.973633	40127.777344
1084.840820	39573.570313
1083.708008	40038.042969
1082.574219	39758.453125
1081.440430	39858.343750
1080.306641	39797.472656
1079.171875	40002.300781
1078.038086	39742.195313
1076.903320	40071.183594
1075.768555	39950.351563
1074.633789	40105.750000
1073.498047	40119.812500
1072.363281	40020.433594
1071.227539	40030.218750
1070.091797	40311.714844
1068.956055	39915.019531
1067.819336	40177.179688
1066.682617	40347.296875
1065.546875	39946.531250
1064.409180	39847.296875
1063.272461	39634.832031
1062.135742	39851.925781
1060.998047	40205.660156
1059.860352	39730.519531
1058.722656	39960.281250
1057.583984	39547.277344
1056.446289	39397.000000
1055.307617	39837.996094
1054.168945	39839.226563
1053.029297	40034.613281
1051.890625	39961.140625
1050.750977	39503.792969
1049.611328	39300.367188
1048.471680	39717.429688
1047.332031	39976.601563
1046.191406	39952.218750
1045.051758	39663.617188
1043.911133	39662.734375
1042.769531	39708.707031
1041.628906	39567.253906
1040.487305	39751.628906
1039.346680	40055.152344
1038.205078	39930.734375
1037.062500	39972.355469
1035.920898	39737.351563
1034.778320	39570.511719
1033.635742	39597.277344
1032.493164	39490.062500
1031.350586	39655.031250
1030.207031	39656.253906
1029.063477	39466.191406
1027.919922	39384.570313
1026.776367	39753.394531
1025.632813	39442.332031
1024.488281	39900.207031
1023.343750	39799.449219
1022.199219	39499.160156
1021.054688	39937.660156
1019.910156	39707.488281
1018.764648	39806.289063
1017.619141	39555.003906
1016.473633	39842.570313
1015.327148	39618.937500
1014.181641	39499.285156
1013.035156	39559.863281
1011.888672	39558.953125
1010.742188	39757.238281
1009.594727	39610.097656
1008.448242	39433.347656
1007.300781	39828.515625
1006.153320	40047.773438
1005.005859	40103.929688
1003.857422	40488.167969
1002.708984	41524.117188
1001.560547	41366.246094
1000.412109	41663.289063
999.263672	42142.136719
998.114258	42362.792969
996.965820	42361.347656
995.816406	42649.527344
994.666016	42531.769531
993.516602	42113.968750
992.366211	42190.738281
991.215820	42066.785156
990.065430	42107.628906
988.915039	41998.515625
987.763672	42231.484375
986.613281	41869.070313
985.461914	42063.980469
984.309570	41596.218750
983.158203	41111.746094
982.005859	41614.660156
980.854492	41092.398438
979.701172	41044.769531
978.548828	41302.855469
977.396484	41322.652344
976.243164	41479.429688
975.089844	41058.800781
973.936523	41150.257813
972.783203	40780.394531
971.628906	40857.121094
970.474609	40912.761719
969.320313	40747.343750
968.166016	40678.800781
967.010742	40580.820313
965.856445	40686.957031
964.701172	40586.906250
963.545898	40520.539063
962.390625	40445.781250
961.234375	40665.394531
960.078125	40775.617188
958.921875	41051.828125
957.765625	40691.246094
956.609375	40606.015625
955.452148	40959.820313
954.294922	40756.957031
953.137695	40562.570313
951.980469	40164.617188
950.822266	40421.679688
949.665039	40225.355469
948.506836	40562.042969
947.347656	40621.691406
946.189453	39928.351563
945.030273	40308.937500
943.872070	40618.093750
942.712891	40189.257813
941.552734	39712.371094
940.393555	39679.902344
939.233398	40173.308594
938.073242	40318.812500
936.913086	39955.339844
935.752930	39985.660156
934.591797	40254.628906
933.430664	40077.656250
932.269531	40009.570313
931.108398	40472.972656
929.947266	40394.375000
928.785156	40403.652344
927.623047	40394.105469
926.460938	40240.289063
925.298828	40510.890625
924.135742	40409.359375
922.972656	39981.875000
921.810547	40415.332031
920.646484	40332.671875
919.483398	40412.941406
918.319336	40401.300781
917.155273	40788.425781
915.991211	40325.847656
914.827148	41019.625000
913.662109	40966.144531
912.498047	41215.179688
911.333008	41497.496094
910.167969	41437.695313
909.001953	41459.230469
907.836914	41499.515625
906.670898	41375.128906
905.504883	41363.316406
904.337891	41047.312500
903.171875	41606.335938
902.004883	40932.167969
900.837891	41520.156250
899.670898	41647.812500
898.503906	41675.500000
897.335938	41299.421875
896.167969	41268.898438
895.000000	41069.867188
893.832031	41232.835938
892.663086	41478.933594
891.495117	40722.718750
890.326172	41305.597656
889.156250	41260.542969
887.987305	41448.257813
886.817383	41446.824219
885.648438	41318.667969
884.478516	41078.402344
883.307617	41070.804688
882.137695	41355.949219
880.966797	41298.480469
879.795898	41108.199219
878.625000	41538.429688
877.454102	41924.929688
876.282227	41597.730469
875.110352	41882.449219
873.938477	42063.386719
872.766602	41937.433594
871.593750	42047.816406
870.421875	42102.203125
869.249023	41914.144531
868.076172	42059.683594
866.902344	42476.496094
865.729492	42626.011719
864.555664	42870.714844
863.381836	43249.875000
862.207031	42916.925781
861.033203	43438.718750
859.858398	43983.070313
858.683594	43389.531250
857.508789	43348.402344
856.333984	43526.468750
855.158203	43080.121094
853.982422	43154.816406
852.806641	42776.894531
851.630859	43033.445313
850.454102	43066.789063
849.278320	43034.019531
848.101563	43123.105469
846.924805	43195.632813
845.747070	43379.609375
844.570313	42956.714844
843.392578	43417.179688
842.214844	43345.171875
841.036133	43345.382813
839.858398	43454.902344
838.679688	43774.707031
837.500977	44490.226563
836.322266	44638.628906
835.143555	44446.933594
833.963867	44321.242188
832.784180	44306.839844
831.604492	43472.667969
830.424805	43687.011719
829.244141	43514.187500
828.063477	43456.710938
826.882813	42483.347656
825.702148	42465.175781
824.521484	42607.488281
823.339844	42410.332031
822.158203	42418.914063
820.976563	42139.609375
819.794922	42275.703125
818.612305	42117.800781
817.430664	42062.710938
816.248047	42258.324219
815.064453	42416.882813
813.881836	42082.421875
812.698242	42308.718750
811.514648	41834.777344
810.331055	41964.550781
809.147461	42498.609375
807.962891	42209.578125
806.778320	42183.273438
805.593750	42341.593750
804.409180	42108.125000
803.224609	42161.816406
802.039063	42240.093750
800.853516	42125.652344
799.667969	42074.789063
798.482422	41495.285156
797.295898	41489.621094
796.109375	41275.031250
794.922852	41478.296875
793.736328	41175.742188
792.548828	41190.605469
791.362305	41074.468750
790.174805	40976.792969
788.986328	41093.980469
787.798828	40834.726563
786.610352	40692.148438
785.421875	40856.351563
784.233398	40599.324219
783.044922	40491.613281
781.856445	40396.203125
780.666992	40376.429688
779.477539	40364.832031
778.288086	40253.148438
777.097656	40266.082031
775.907227	40356.597656
774.717773	40114.324219
773.526367	39953.781250
772.335938	40350.398438
771.144531	40040.925781
769.954102	40294.585938
768.762695	40183.066406
767.570313	40334.644531
766.378906	40131.410156
765.186523	40413.394531
763.994141	40568.910156
762.801758	40759.011719
761.609375	40490.652344
760.416016	40660.320313
759.222656	41188.351563
758.029297	40905.800781
756.835938	40731.253906
755.641602	41183.660156
754.447266	40632.644531
753.252930	40854.988281
752.058594	40995.875000
750.864258	41203.828125
749.668945	40970.433594
748.473633	40836.750000
747.278320	40827.105469
746.083008	40423.191406
744.886719	39997.078125
743.690430	39776.304688
742.494141	40254.351563
741.297852	40025.488281
740.100586	40135.792969
738.904297	39974.023438
737.707031	39511.921875
736.509766	39472.085938
735.311523	39689.937500
734.113281	39493.882813
732.916016	39563.585938
731.716797	39702.210938
730.518555	39633.984375
729.320313	39594.160156
728.121094	39197.656250
726.921875	39502.390625
725.721680	39373.468750
724.522461	39641.593750
723.322266	39482.312500
722.122070	39223.871094
720.921875	39263.113281
719.721680	39079.699219
718.520508	39479.156250
717.319336	39249.230469
716.118164	39213.582031
714.916992	39125.363281
713.714844	39265.675781
712.513672	39319.000000
711.311523	39734.125000
710.108398	39627.679688
708.906250	39862.753906
707.703125	39930.058594
706.500000	40126.609375
705.296875	40137.289063
704.093750	40646.687500
702.889648	40037.511719
701.685547	40272.234375
700.481445	40424.132813
699.277344	40412.546875
698.072266	40701.527344
696.868164	40643.503906
695.663086	41303.359375
694.457031	41055.726563
693.251953	41739.445313
692.045898	41568.402344
690.839844	41979.746094
689.633789	41321.191406
688.427734	41887.515625
687.220703	41913.921875
686.013672	42258.441406
684.806641	42063.324219
683.599609	42117.855469
682.391602	41790.019531
681.184570	41943.160156
679.976563	41724.101563
678.767578	41515.179688
677.559570	41750.722656
676.350586	41869.574219
675.141602	42066.769531
673.932617	42269.917969
672.723633	41840.054688
671.513672	41998.968750
670.303711	41605.464844
669.093750	41852.722656
667.883789	41842.882813
666.672852	41764.792969
665.462891	41088.621094
664.251953	41520.398438
663.040039	40762.265625
661.829102	40700.476563
660.617188	40594.585938
659.405273	40745.394531
658.193359	40809.941406
656.981445	40663.992188
655.768555	40313.683594
654.555664	40927.277344
653.342773	40593.074219
652.129883	41142.289063
650.916016	40940.335938
649.702148	40906.636719
648.488281	40892.968750
647.274414	41593.816406
646.059570	41832.156250
644.845703	41872.335938
643.630859	42434.578125
642.416016	42360.628906
641.200195	42356.691406
639.984375	42672.621094
638.769531	42256.867188
637.552734	41981.156250
636.336914	41419.824219
635.120117	41539.914063
633.904297	41490.183594
632.687500	41288.703125
631.469727	40941.546875
630.252930	40540.621094
629.035156	40582.914063
627.817383	40669.089844
626.599609	40551.734375
625.380859	40332.691406
624.163086	40297.207031
622.944336	40168.019531
621.724609	40581.128906
620.505859	40240.652344
619.286133	40541.988281
618.066406	40873.097656
616.846680	40423.191406
615.626953	40439.503906
614.406250	40724.640625
613.186523	40253.109375
611.965820	40323.187500
610.744141	40570.363281
609.523438	40300.089844
608.301758	40390.011719
607.080078	40575.371094
605.858398	40718.894531
604.635742	40472.648438
603.414063	40500.832031
602.191406	40632.359375
600.968750	40328.632813
599.745117	40577.363281
598.522461	41012.726563
597.298828	40566.097656
596.075195	40447.277344
594.850586	40936.015625
593.626953	40817.167969
592.402344	40545.546875
591.177734	40724.445313
589.953125	41177.050781
588.727539	40814.269531
587.501953	41076.304688
586.276367	41062.636719
585.050781	41106.460938
583.825195	41554.593750
582.598633	41491.296875
581.372070	41816.351563
580.145508	42224.472656
578.917969	41966.992188
577.691406	42388.789063
576.463867	42265.996094
575.236328	42483.699219
574.007813	42410.402344
572.780273	42455.847656
571.551758	42754.496094
570.323242	42560.531250
569.094727	42449.695313
567.865234	42139.203125
566.635742	41805.105469
565.406250	41795.265625
564.176758	41439.617188
562.947266	41830.906250
561.716797	41313.410156
560.486328	41398.457031
559.255859	41163.589844
558.024414	41132.152344
556.793945	41140.203125
555.562500	40856.175781
554.331055	40712.343750
553.098633	41195.878906
551.867188	41063.867188
550.634766	40618.363281
549.402344	40571.281250
548.168945	40504.507813
546.936523	40356.949219
545.703125	40556.246094
544.469727	40917.019531
543.236328	40690.671875
542.001953	40663.312500
540.767578	40710.785156
539.533203	40319.234375
538.298828	40734.812500
537.064453	40565.769531
535.829102	40396.792969
534.593750	40581.957031
533.358398	40460.238281
532.122070	40604.023438
530.886719	41024.964844
529.650391	41089.960938
528.414063	41058.632813
527.176758	41316.156250
525.940430	41506.785156
524.703125	41204.332031
523.465820	41428.292969
522.227539	41184.867188
520.990234	41235.996094
519.751953	41194.851563
518.513672	41265.574219
517.275391	41359.812500
516.036133	41318.664063
514.796875	41106.906250
513.557617	41707.011719
512.318359	41169.816406
511.079102	41610.910156
509.838867	41710.843750
508.598633	41062.261719
507.358398	41346.402344
506.117188	41201.496094
504.876953	41223.093750
503.635742	41270.132813
502.394531	41025.484375
501.152344	41146.425781
499.911133	41267.269531
498.668945	41388.210938
497.425781	41509.246094
496.183594	41630.187500
494.941406	41329.031250
493.698242	41334.910156
492.455078	41274.332031
491.210938	41518.625000
489.967773	41876.144531
488.723633	41436.523438
487.479492	41549.789063
486.235352	41729.398438
484.990234	41819.128906
483.745117	41713.628906
482.500000	41655.007813
481.254883	41881.285156
480.008789	42203.066406
478.763672	42290.664063
477.517578	41859.492188
476.271484	42069.953125
475.024414	42260.835938
473.777344	42324.960938
472.530273	42548.851563
471.283203	42310.906250
470.036133	42320.437500
468.788086	42803.218750
467.540039	42551.726563
466.291992	42251.656250
465.043945	42465.562500
463.794922	42366.062500
462.545898	42632.394531
461.296875	42888.894531
460.047852	42841.882813
458.797852	42989.343750
457.547852	43123.140625
456.297852	43455.156250
455.047852	43266.187500
453.796875	43240.511719
452.545898	43411.062500
451.294922	43562.125000
450.043945	43392.687500
448.792969	43673.781250
447.541016	44020.773438
446.289063	43862.988281
445.036133	43953.648438
443.784180	44608.875000
442.531250	44361.828125
441.278320	44299.121094
440.025391	43868.011719
438.771484	43427.367188
437.518555	43715.710938
436.264648	43366.343750
435.010742	43214.746094
433.755859	42749.367188
432.500977	42847.796875
431.246094	42667.328125
429.991211	42636.007813
428.736328	42759.562500
427.480469	42381.796875
426.224609	42275.074219
424.968750	42499.226563
423.712891	42402.191406
422.456055	42268.445313
421.199219	42200.492188
419.942383	42304.617188
418.685547	41975.746094
417.427734	42195.820313
416.169922	42216.800781
414.912109	42092.886719
413.654297	41775.882813
412.395508	41885.753906
411.136719	42099.832031
409.877930	42086.058594
408.619141	41879.292969
407.359375	41497.011719
406.099609	41778.519531
404.839844	42169.859375
403.580078	42105.929688
402.319336	41872.355469
401.059570	41816.214844
