#Wave		#Intensity
2001.221680	38700.582031
2000.251953	38926.167969
1999.282227	38596.089844
1998.312500	38972.714844
1997.342773	39389.289063
1996.372070	38909.011719
1995.402344	38912.238281
1994.431641	39243.468750
1993.460938	39058.871094
1992.490234	38744.179688
1991.518555	38737.414063
1990.547852	38975.859375
1989.576172	38836.460938
1988.604492	39002.265625
1987.632813	38965.441406
1986.661133	38756.105469
1985.689453	39109.328125
1984.716797	38745.066406
1983.745117	39008.199219
1982.772461	38616.589844
1981.799805	38979.578125
1980.827148	39097.656250
1979.853516	38671.273438
1978.880859	39441.050781
1977.907227	39177.023438
1976.933594	38690.941406
1975.959961	38981.152344
1974.986328	39014.261719
1974.011719	38807.867188
1973.038086	38908.335938
1972.063477	39078.597656
1971.088867	39336.070313
1970.114258	39411.460938
1969.138672	39013.242188
1968.164063	38969.039063
1967.188477	39223.851563
1966.212891	38860.746094
1965.237305	39035.781250
1964.261719	39041.406250
1963.286133	38559.000000
1962.309570	39082.519531
1961.333984	39227.515625
1960.357422	38869.761719
1959.380859	39022.207031
1958.404297	38672.070313
1957.426758	38717.539063
1956.450195	39051.468750
1955.472656	38567.238281
1954.495117	39080.066406
1953.517578	38998.660156
1952.540039	38810.421875
1951.561523	38878.171875
1950.583008	38593.132813
1949.605469	38953.984375
1948.626953	38917.367188
1947.647461	38622.531250
1946.668945	38551.226563
1945.690430	38728.152344
1944.710938	38962.093750
1943.731445	38143.914063
1942.751953	38812.011719
1941.772461	38490.210938
1940.791992	38352.035156
1939.812500	38742.039063
1938.832031	39010.429688
1937.851563	38520.269531
1936.871094	38570.523438
1935.890625	38613.320313
1934.909180	38866.679688
1933.928711	38884.640625
1932.947266	38758.960938
1931.965820	38776.929688
1930.984375	38807.273438
1930.002930	38686.617188
1929.020508	38895.140625
1928.038086	38846.261719
1927.056641	39062.105469
1926.074219	38513.582031
1925.090820	38608.226563
1924.108398	38769.593750
1923.125000	38565.031250
1922.142578	38704.101563
1921.159180	38521.859375
1920.175781	38777.015625
1919.191406	38913.500000
1918.208008	38874.570313
1917.223633	38773.914063
1916.240234	38618.972656
1915.255859	39039.277344
1914.271484	38620.242188
1913.286133	39188.464844
1912.301758	38720.199219
1911.316406	38824.421875
1910.331055	38677.023438
1909.345703	39220.171875
1908.360352	38855.777344
1907.375000	38688.726563
1906.388672	38546.378906
1905.402344	38926.515625
1904.416016	38483.578125
1903.429688	38629.562500
1902.443359	38521.800781
1901.457031	38455.941406
1900.469727	39197.695313
1899.482422	38474.453125
1898.495117	38772.902344
1897.507813	38849.769531
1896.520508	38697.785156
1895.532227	39020.636719
1894.543945	38666.988281
1893.556641	39048.746094
1892.568359	38862.406250
1891.579102	39081.750000
1890.590820	38885.632813
1889.601563	39178.613281
1888.613281	38938.320313
1887.624023	38732.503906
1886.634766	38907.457031
1885.644531	38910.449219
1884.655273	38729.292969
1883.665039	38850.144531
1882.674805	38894.863281
1881.684570	38615.644531
1880.694336	38395.406250
1879.704102	39014.203125
1878.712891	38813.589844
1877.722656	38971.074219
1876.731445	39341.808594
1875.740234	38422.980469
1874.748047	38948.089844
1873.756836	39017.210938
1872.764648	39081.410156
1871.773438	39358.703125
1870.781250	38901.128906
1869.788086	39051.019531
1868.795898	38958.460938
1867.803711	39595.425781
1866.810547	39297.210938
1865.817383	39141.035156
1864.824219	39028.949219
1863.831055	38412.980469
1862.837891	39064.144531
1861.843750	39470.542969
1860.849609	39126.203125
1859.855469	38781.984375
1858.861328	38799.605469
1857.867188	39462.343750
1856.872070	39511.597656
1855.877930	39365.410156
1854.882813	39378.027344
1853.887695	39024.351563
1852.892578	39334.878906
1851.896484	39371.902344
1850.901367	39743.273438
1849.905273	39492.265625
1848.909180	39536.550781
1847.913086	39778.410156
1846.916992	39739.707031
1845.919922	39676.628906
1844.923828	39820.808594
1843.926758	39762.613281
1842.929688	39570.390625
1841.932617	39760.804688
1840.935547	39858.570313
1839.937500	39841.812500
1838.939453	40073.476563
1837.942383	39788.828125
1836.943359	39986.332031
1835.945313	39950.085938
1834.947266	40546.628906
1833.948242	39841.121094
1832.949219	40179.582031
1831.951172	40194.398438
1830.951172	40479.167969
1829.952148	40542.558594
1828.953125	39883.859375
1827.953125	40256.035156
1826.953125	40210.058594
1825.953125	40346.343750
1824.953125	40382.968750
1823.952148	40336.992188
1822.952148	40329.886719
1821.951172	40208.656250
1820.950195	40017.062500
1819.949219	40376.542969
1818.948242	40398.554688
1817.946289	40643.789063
1816.945313	40195.085938
1815.943359	40600.363281
1814.941406	40173.644531
1813.939453	40469.664063
1812.936523	40423.742188
1811.934570	40251.792969
1810.931641	40513.707031
1809.928711	40799.757813
1808.925781	40794.988281
1807.921875	40962.195313
1806.918945	40567.488281
1805.915039	40758.890625
1804.912109	40979.273438
1803.908203	41124.539063
1802.903320	40894.640625
1801.899414	40858.394531
1800.894531	41228.589844
1799.890625	40972.179688
1798.885742	41373.660156
1797.880859	41139.078125
1796.875000	41813.566406
1795.870117	41501.632813
1794.864258	41719.066406
1793.858398	41716.539063
1792.852539	41506.250000
1791.846680	41552.066406
1790.840820	41501.265625
1789.833984	41382.875000
1788.828125	41643.539063
1787.821289	41486.542969
1786.814453	42280.425781
1785.806641	41387.453125
1784.799805	42241.378906
1783.791992	42012.019531
1782.784180	41896.085938
1781.776367	42153.914063
1780.768555	42464.687500
1779.760742	42368.011719
1778.751953	42531.632813
1777.743164	42331.367188
1776.735352	42049.265625
1775.725586	42545.238281
1774.716797	42581.070313
1773.708008	42631.335938
1772.698242	42501.035156
1771.688477	42678.859375
1770.678711	42851.808594
1769.668945	42911.609375
1768.659180	42997.847656
1767.648438	42894.042969
1766.637695	42852.800781
1765.626953	42886.105469
1764.616211	42775.160156
1763.605469	43349.246094
1762.593750	42776.867188
1761.583008	43403.605469
1760.571289	43355.097656
1759.559570	43479.535156
1758.547852	43356.585938
1757.535156	43553.000000
1756.523438	43283.648438
1755.510742	43624.011719
1754.498047	43964.250000
1753.485352	43579.800781
1752.472656	43883.941406
1751.458984	44041.671875
1750.445313	44208.937500
1749.432617	44165.156250
1748.417969	44322.750000
1747.404297	43957.804688
1746.390625	44386.152344
1745.375977	44368.718750
1744.361328	44830.378906
1743.346680	44563.789063
1742.332031	44929.460938
1741.317383	45010.097656
1740.302734	45052.402344
1739.287109	45664.300781
1738.271484	45766.292969
1737.255859	46045.292969
1736.240234	45893.625000
1735.223633	46765.617188
1734.208008	46090.199219
1733.191406	47193.750000
1732.174805	46979.832031
1731.158203	47473.398438
1730.140625	47653.769531
1729.124023	47267.859375
1728.106445	48105.078125
1727.088867	48316.277344
1726.071289	48627.691406
1725.053711	48853.046875
1724.035156	48956.585938
1723.017578	49630.468750
1721.999023	49454.652344
1720.980469	49715.480469
1719.961914	49852.175781
1718.942383	49902.972656
1717.923828	49643.769531
1716.904297	50312.035156
1715.884766	50172.027344
1714.865234	50492.015625
1713.844727	50306.750000
1712.825195	50326.425781
1711.804688	50238.906250
1710.784180	50322.886719
1709.763672	50530.644531
1708.743164	50350.285156
1707.722656	50148.570313
1706.701172	50572.804688
1705.679688	50185.523438
1704.658203	49784.105469
1703.636719	50510.242188
1702.615234	49906.765625
1701.592773	50240.308594
1700.571289	49675.125000
1699.548828	50151.191406
1698.526367	49999.718750
1697.502930	49760.382813
1696.480469	50264.683594
1695.457031	49920.875000
1694.433594	49641.304688
1693.410156	49525.660156
1692.386719	49222.515625
1691.363281	49771.550781
1690.338867	49240.652344
1689.314453	49924.726563
1688.290039	50072.437500
1687.265625	49776.570313
1686.241211	50149.531250
1685.215820	49784.992188
1684.191406	50124.625000
1683.166016	49959.308594
1682.140625	49865.136719
1681.115234	49678.593750
1680.088867	50245.406250
1679.062500	50122.804688
1678.037109	50061.816406
1677.010742	50000.843750
1675.983398	50062.984375
1674.957031	50477.746094
1673.930664	50102.007813
1672.903320	50457.460938
1671.875977	50150.453125
1670.848633	50624.023438
1669.820313	50764.007813
1668.792969	50622.597656
1667.764648	50545.058594
1666.736328	51188.375000
1665.708008	51049.324219
1664.679688	50969.382813
1663.651367	50653.253906
1662.622070	51071.726563
1661.592773	51286.976563
1660.563477	51129.132813
1659.534180	51216.828125
1658.504883	51826.058594
1657.474609	51658.757813
1656.444336	51567.007813
1655.415039	52298.500000
1654.383789	52213.738281
1653.353516	51855.488281
1652.323242	52313.058594
1651.291992	52230.695313
1650.260742	52775.230469
1649.229492	52673.957031
1648.198242	52878.976563
1647.166016	53201.687500
1646.134766	52916.699219
1645.102539	53338.179688
1644.070313	53580.589844
1643.038086	53808.792969
1642.004883	54316.957031
1640.972656	54295.535156
1639.939453	53876.546875
1638.906250	54382.070313
1637.873047	54323.015625
1636.839844	54042.964844
1635.805664	54856.136719
1634.772461	54670.097656
1633.738281	55438.214844
1632.704102	55259.187500
1631.668945	55909.464844
1630.634766	55899.519531
1629.599609	56042.214844
1628.565430	56600.429688
1627.530273	56529.324219
1626.494141	56948.777344
1625.458984	57896.070313
1624.422852	57188.941406
1623.387695	58060.781250
1622.351563	58270.914063
1621.315430	59343.914063
1620.278320	59349.765625
1619.242188	60548.769531
1618.205078	61737.968750
1617.167969	63069.683594
1616.130859	63962.804688
1615.093750	65771.507813
1614.055664	67738.820313
1613.018555	69150.468750
1611.980469	69599.367188
1610.942383	70820.570313
1609.904297	70840.726563
1608.865234	70610.492188
1607.827148	69961.562500
1606.788086	68992.398438
1605.749023	68273.820313
1604.709961	66325.554688
1603.669922	65189.226563
1602.630859	64382.875000
1601.590820	63380.500000
1600.550781	62824.773438
1599.510742	62381.382813
1598.470703	61541.062500
1597.429688	61233.503906
1596.389648	60998.433594
1595.348633	60602.363281
1594.307617	60572.890625
1593.265625	60468.742188
1592.224609	60478.964844
1591.182617	60400.531250
1590.140625	60198.500000
1589.098633	60145.792969
1588.056641	60086.105469
1587.014648	60261.886719
1585.971680	60274.453125
1584.928711	60692.492188
1583.886719	60211.015625
1582.842773	60829.257813
1581.799805	60117.339844
1580.755859	60863.453125
1579.712891	60941.070313
1578.668945	61065.218750
1577.625000	60949.589844
1576.580078	61080.667969
1575.536133	61193.082031
1574.491211	62147.550781
1573.446289	62357.414063
1572.401367	62423.023438
1571.356445	63346.531250
1570.311523	62821.496094
1569.265625	62996.214844
1568.219727	63493.871094
1567.173828	63563.855469
1566.127930	64056.582031
1565.082031	62986.089844
1564.035156	62666.007813
1562.988281	63618.312500
1561.941406	62485.789063
1560.894531	62456.066406
1559.847656	62567.898438
1558.799805	62626.328125
1557.751953	62675.453125
1556.704102	62172.593750
1555.656250	62759.734375
1554.608398	62145.753906
1553.560547	61828.683594
1552.511719	62012.312500
1551.462891	61945.625000
1550.414063	61999.425781
1549.365234	61388.433594
1548.315430	61609.054688
1547.265625	61343.343750
1546.216797	61837.062500
1545.166992	61203.378906
1544.116211	61046.648438
1543.066406	60961.695313
1542.015625	60883.714844
1540.965820	61397.875000
1539.915039	60926.703125
1538.863281	60785.039063
1537.812500	60643.507813
1536.760742	60501.843750
1535.709961	60360.312500
1534.658203	60218.648438
1533.605469	60076.855469
1532.553711	59935.191406
1531.501953	59793.527344
1530.449219	59870.570313
1529.396484	59010.359375
1528.343750	59011.347656
1527.290039	58924.640625
1526.237305	58784.898438
1525.183594	58952.007813
1524.129883	58221.875000
1523.076172	57595.769531
1522.022461	57560.105469
1520.968750	57151.019531
1519.914063	57585.605469
1518.859375	57349.480469
1517.804688	56461.433594
1516.750000	55953.781250
1515.694336	56662.324219
1514.639648	56320.601563
1513.583984	55995.113281
1512.528320	56263.609375
1511.472656	56248.937500
1510.416016	55633.703125
1509.360352	55534.019531
1508.303711	55204.355469
1507.247070	55537.136719
1506.190430	55235.171875
1505.132813	55154.015625
1504.076172	54907.390625
1503.018555	54516.070313
1501.960938	54887.726563
1500.903320	54501.136719
1499.844727	54620.003906
1498.787109	54860.535156
1497.728516	53971.316406
1496.669922	54188.914063
1495.611328	54383.484375
1494.552734	53983.621094
1493.493164	53643.550781
1492.434570	54014.746094
1491.375000	53931.671875
1490.315430	53410.625000
1489.254883	53446.910156
1488.195313	53405.238281
1487.134766	53210.019531
1486.074219	53489.214844
1485.013672	53195.527344
1483.953125	53346.343750
1482.892578	53558.937500
1481.831055	52699.785156
1480.769531	53049.785156
1479.708008	53312.675781
1478.646484	52774.433594
1477.583984	52547.585938
1476.522461	52373.437500
1475.459961	52826.105469
1474.397461	52681.695313
1473.334961	52930.636719
1472.271484	52667.371094
1471.208984	52856.789063
1470.145508	52355.949219
1469.082031	53064.039063
1468.018555	53127.625000
1466.954102	52782.324219
1465.890625	52843.648438
1464.826172	52733.699219
1463.761719	52863.496094
1462.697266	52815.207031
1461.631836	53205.097656
1460.567383	52540.699219
1459.501953	53017.183594
1458.436523	53333.835938
1457.371094	52957.105469
1456.305664	52813.074219
1455.239258	52897.058594
1454.172852	52944.542969
1453.107422	52688.921875
1452.040039	52556.425781
1450.973633	52783.902344
1449.907227	52562.605469
1448.839844	53033.656250
1447.772461	53115.203125
1446.705078	52661.769531
1445.637695	52832.113281
1444.569336	52911.367188
1443.500977	53518.429688
1442.432617	53106.187500
1441.364258	52855.566406
1440.295898	53291.757813
1439.227539	53580.015625
1438.158203	53283.976563
1437.088867	52910.769531
1436.019531	53841.988281
1434.950195	53434.734375
1433.879883	53634.105469
1432.810547	53263.367188
1431.740234	53787.398438
1430.669922	53893.511719
1429.598633	53847.503906
1428.528320	53660.808594
1427.457031	53975.632813
1426.386719	54015.835938
1425.314453	53414.121094
1424.243164	53595.011719
1423.171875	53290.613281
1422.099609	53326.367188
1421.027344	53466.371094
1419.955078	52831.292969
1418.882813	52692.640625
1417.810547	53115.847656
1416.737305	52782.402344
1415.664063	52786.496094
1414.590820	52792.847656
1413.517578	52446.054688
1412.444336	52615.417969
1411.370117	52687.417969
1410.295898	52483.359375
1409.221680	52471.652344
1408.147461	52552.679688
1407.073242	52565.832031
1405.998047	52940.718750
1404.922852	52949.273438
1403.847656	52786.058594
1402.772461	53007.042969
1401.697266	53395.128906
1400.621094	53143.816406
1399.544922	52987.449219
1398.468750	53350.484375
1397.392578	53602.761719
1396.316406	53514.105469
1395.239258	53529.292969
1394.162109	53819.757813
1393.084961	53665.679688
1392.007813	54585.316406
1390.930664	54422.132813
1389.852539	54175.574219
1388.774414	54614.437500
1387.696289	55068.914063
1386.618164	55493.929688
1385.540039	55474.917969
1384.460938	56050.636719
1383.382813	56385.144531
1382.303711	56404.257813
1381.223633	56626.000000
1380.144531	56696.835938
1379.064453	57289.808594
1377.985352	57223.222656
1376.905273	56778.675781
1375.825195	57092.367188
1374.744141	56391.605469
1373.664063	56192.546875
1372.583008	55809.199219
1371.501953	55733.949219
1370.420898	55166.523438
1369.338867	55707.105469
1368.257813	55045.527344
1367.175781	54864.882813
1366.093750	54403.574219
1365.011719	54288.222656
1363.929688	54363.742188
1362.846680	53736.660156
1361.763672	54202.742188
1360.680664	53331.332031
1359.597656	53687.390625
1358.514648	53574.523438
1357.430664	53329.382813
1356.346680	52586.554688
1355.262695	52819.179688
1354.178711	52670.679688
1353.094727	52835.972656
1352.009766	52528.437500
1350.925781	52324.058594
1349.840820	52025.679688
1348.755859	52235.746094
1347.669922	52040.480469
1346.584961	52436.265625
1345.499023	51849.351563
1344.413086	51792.996094
1343.327148	51660.589844
1342.240234	51915.218750
1341.154297	51125.289063
1340.067383	51663.910156
1338.980469	51205.195313
1337.893555	51390.421875
1336.805664	50900.625000
1335.718750	51340.570313
1334.630859	51510.027344
1333.542969	51304.152344
1332.455078	51198.851563
1331.367188	50988.636719
1330.278320	50939.238281
1329.189453	51079.582031
1328.100586	51572.484375
1327.011719	51433.750000
1325.922852	51232.593750
1324.833008	51341.550781
1323.743164	51245.296875
1322.653320	51597.242188
1321.563477	50972.632813
1320.473633	51674.429688
1319.382813	51691.828125
1318.291992	51706.988281
1317.201172	51688.730469
1316.110352	51536.835938
1315.019531	51928.351563
1313.927734	51950.132813
1312.835938	51891.761719
1311.744141	51332.636719
1310.652344	52133.347656
1309.560547	52061.617188
1308.467773	51313.683594
1307.375000	51704.726563
1306.282227	52088.957031
1305.189453	51774.949219
1304.095703	51803.367188
1303.002930	52271.820313
1301.909180	51873.503906
1300.815430	52088.500000
1299.721680	51999.105469
1298.626953	51963.046875
1297.533203	52195.667969
1296.438477	52068.554688
1295.343750	52005.859375
1294.248047	52395.902344
1293.153320	53087.566406
1292.057617	52858.328125
1290.961914	53480.894531
1289.866211	53111.953125
1288.770508	52920.523438
1287.674805	53329.917969
1286.578125	53120.781250
1285.481445	53275.144531
1284.384766	53112.617188
1283.288086	53541.609375
1282.190430	52761.156250
1281.092773	52674.093750
1279.996094	52505.140625
1278.897461	52759.046875
1277.799805	52512.671875
1276.702148	52122.554688
1275.603516	52449.394531
1274.504883	51966.519531
1273.406250	51784.597656
1272.307617	51923.363281
1271.208008	51520.429688
1270.108398	51621.609375
1269.008789	51534.898438
1267.909180	50935.593750
1266.809570	51047.867188
1265.708984	50912.707031
1264.609375	50715.761719
1263.508789	50894.246094
1262.407227	50174.171875
1261.306641	49917.867188
1260.206055	50495.820313
1259.104492	50155.703125
1258.002930	49745.113281
1256.901367	49691.976563
1255.798828	49581.523438
1254.697266	49464.496094
1253.594727	49135.882813
1252.492188	49153.417969
1251.389648	48983.636719
1250.286133	48873.398438
1249.183594	48811.664063
1248.080078	48855.664063
1246.976563	49115.437500
1245.872070	48615.570313
1244.768555	48747.621094
1243.664063	48353.632813
1242.560547	48289.843750
1241.455078	48166.679688
1240.350586	48168.929688
1239.246094	48463.675781
1238.140625	47885.386719
1237.035156	48054.761719
1235.929688	48232.863281
1234.824219	47767.003906
1233.717773	48149.429688
1232.612305	47602.468750
1231.505859	47804.675781
1230.399414	47536.863281
1229.291992	47438.207031
1228.185547	47350.562500
1227.078125	47098.335938
1225.970703	47102.945313
1224.863281	47030.761719
1223.755859	46840.144531
1222.647461	46800.925781
1221.539063	46559.984375
1220.430664	46492.328125
1219.322266	46356.738281
1218.213867	46626.648438
1217.104492	46311.402344
1215.995117	46005.031250
1214.885742	46270.468750
1213.776367	46005.824219
1212.666992	45907.683594
1211.556641	46249.613281
1210.446289	45969.789063
1209.335938	45676.933594
1208.225586	46053.718750
1207.115234	45708.449219
1206.003906	45783.250000
1204.892578	45807.726563
1203.781250	46079.257813
1202.669922	45581.199219
1201.557617	46189.257813
1200.446289	45721.953125
1199.333984	45737.667969
1198.221680	46458.953125
1197.108398	46417.738281
1195.996094	46553.414063
1194.882813	46315.699219
1193.769531	46464.433594
1192.656250	46637.121094
1191.542969	46595.902344
1190.428711	46875.398438
1189.314453	46845.054688
1188.200195	46252.050781
1187.085938	46804.011719
1185.971680	46570.941406
1184.856445	46379.367188
1183.741211	46499.500000
1182.625977	46915.917969
1181.510742	46735.273438
1180.395508	46842.199219
1179.279297	46718.250000
1178.163086	46947.066406
1177.046875	46566.261719
1175.930664	46296.597656
1174.813477	47180.371094
1173.697266	46588.679688
1172.580078	46290.875000
1171.462891	46678.277344
1170.344727	46391.429688
1169.227539	45898.144531
1168.109375	46333.222656
1166.991211	46311.738281
1165.873047	45655.757813
1164.754883	46073.257813
1163.635742	46310.312500
1162.516602	45834.941406
1161.397461	46362.910156
1160.278320	46211.171875
1159.159180	46723.683594
1158.039063	46582.785156
1156.918945	46400.707031
1155.798828	46294.621094
1154.678711	46485.726563
1153.558594	46743.984375
1152.437500	46152.214844
1151.316406	46670.570313
1150.195313	46519.007813
1149.074219	47004.601563
1147.952148	46443.539063
1146.831055	46870.472656
1145.708984	46610.687500
1144.586914	46994.125000
1143.463867	46970.394531
1142.341797	47093.863281
1141.218750	47206.468750
1140.095703	47087.496094
1138.972656	47448.851563
1137.849609	47526.710938
1136.725586	47502.898438
1135.601563	47457.464844
1134.477539	47340.707031
1133.353516	47358.003906
1132.229492	47654.066406
1131.104492	47012.285156
1129.979492	47437.917969
1128.854492	46660.332031
1127.729492	47269.425781
1126.603516	46964.996094
1125.478516	47142.066406
1124.352539	46716.898438
1123.226563	46360.937500
1122.099609	46775.343750
1120.973633	46704.242188
1119.846680	46191.031250
1118.719727	46447.820313
1117.592773	46005.984375
1116.465820	45863.933594
1115.337891	45454.691406
1114.209961	46002.316406
1113.082031	45804.320313
1111.954102	45701.171875
1110.826172	45529.144531
1109.697266	45740.449219
1108.568359	45099.160156
1107.439453	45639.781250
1106.310547	44904.054688
1105.180664	44859.265625
1104.051758	45375.964844
1102.921875	45784.929688
1101.791992	45324.960938
1100.661133	45639.179688
1099.531250	45377.171875
1098.400391	45398.960938
1097.269531	45562.566406
1096.138672	45221.214844
1095.006836	45264.496094
1093.875977	45460.246094
1092.744141	44848.535156
1091.612305	44724.398438
1090.480469	44561.664063
1089.347656	44941.957031
1088.215820	44583.976563
1087.083008	44801.078125
1085.950195	44692.066406
1084.816406	44291.433594
1083.683594	44431.269531
1082.549805	44609.644531
1081.416016	43947.750000
1080.282227	44524.734375
1079.148438	44533.722656
1078.013672	44347.765625
1076.878906	43969.113281
1075.744141	44340.089844
1074.609375	44663.828125
1073.474609	44420.179688
1072.338867	43904.804688
1071.203125	43834.707031
1070.067383	44310.195313
1068.931641	44550.207031
1067.794922	44306.792969
1066.659180	44074.156250
1065.522461	43978.425781
1064.385742	44100.753906
1063.248047	44049.929688
1062.111328	44268.347656
1060.973633	43937.652344
1059.835938	43871.925781
1058.698242	44132.964844
1057.559570	44135.546875
1056.421875	44103.976563
1055.283203	43854.707031
1054.144531	44538.074219
1053.005859	44137.328125
1051.866211	44150.566406
1050.726563	43899.332031
1049.587891	43797.453125
1048.447266	44043.132813
1047.307617	44512.539063
1046.167969	44348.792969
1045.027344	44419.500000
1043.886719	44485.917969
1042.746094	44607.687500
1041.604492	44137.367188
1040.463867	44216.570313
1039.322266	43897.636719
1038.180664	44338.695313
1037.038086	43917.707031
1035.896484	44205.398438
1034.753906	43663.328125
1033.611328	43653.187500
1032.468750	43689.832031
1031.326172	43751.976563
1030.182617	43684.421875
1029.040039	43914.441406
1027.896484	43944.628906
1026.751953	43855.828125
1025.608398	43741.562500
1024.463867	43686.808594
1023.319336	43855.031250
1022.174805	43602.828125
1021.030273	44057.554688
1019.885742	43769.324219
1018.740234	43926.789063
1017.594727	43638.687500
1016.449219	43717.632813
1015.303711	44125.257813
1014.157227	43782.144531
1013.010742	44132.363281
1011.864258	43878.390625
1010.717773	43832.179688
1009.571289	43612.250000
1008.423828	43756.757813
1007.276367	43517.855469
1006.128906	43943.960938
1004.981445	43702.992188
1003.833008	43758.464844
1002.684570	43824.492188
1001.536133	43985.718750
1000.387695	43895.121094
999.239258	44485.664063
998.089844	44219.468750
996.941406	44086.585938
995.791992	44294.113281
994.641602	44250.031250
993.492188	44273.593750
992.341797	43933.722656
991.191406	44054.503906
990.041016	44109.765625
988.890625	44156.554688
987.739258	44137.875000
986.588867	43716.003906
985.437500	44558.523438
984.285156	43849.738281
983.133789	44181.347656
981.981445	44137.355469
980.829102	44420.277344
979.676758	44496.445313
978.524414	43961.195313
977.372070	44197.613281
976.218750	44303.281250
975.065430	44560.617188
973.912109	44388.089844
972.757813	44573.695313
971.604492	44076.914063
970.450195	43959.308594
969.295898	44311.195313
968.141602	44629.269531
966.986328	44242.261719
965.832031	44400.328125
964.676758	44137.613281
963.521484	44230.437500
962.365234	44615.515625
961.209961	44203.628906
960.053711	44111.402344
958.897461	44704.347656
957.741211	44637.273438
956.584961	44715.183594
955.427734	44881.285156
954.270508	44749.105469
953.113281	44642.171875
951.956055	45047.511719
950.797852	44715.968750
949.639648	44663.656250
948.481445	44947.066406
947.323242	44808.714844
946.165039	44825.621094
945.005859	44473.445313
943.847656	44721.031250
942.687500	44578.625000
941.528320	44935.082031
940.369141	44872.312500
939.208984	44763.472656
938.048828	45054.753906
936.888672	45262.156250
935.728516	45542.765625
934.567383	44874.902344
933.406250	44956.625000
932.245117	45957.042969
931.083984	45408.726563
929.922852	45333.406250
928.760742	45061.496094
927.598633	45356.406250
926.436523	45368.941406
925.274414	45554.976563
924.111328	45454.605469
922.948242	45404.421875
921.785156	46020.734375
920.622070	45700.992188
919.458984	46162.468750
918.294922	45980.628906
917.130859	45896.980469
915.966797	46337.285156
914.802734	46393.421875
913.637695	46741.660156
912.472656	46868.628906
911.307617	46851.628906
910.142578	46938.902344
908.977539	47044.906250
907.811523	47342.660156
906.645508	47646.554688
905.479492	47335.585938
904.313477	47383.093750
903.146484	47295.175781
901.980469	46871.972656
900.813477	47417.214844
899.646484	46898.367188
898.478516	46716.925781
897.311523	46589.660156
896.143555	46639.312500
894.975586	46085.617188
893.806641	46484.781250
892.638672	46912.914063
891.469727	46222.238281
890.300781	46560.863281
889.131836	46381.816406
887.962891	46520.785156
886.792969	46580.742188
885.623047	46457.875000
884.453125	46758.746094
883.283203	46775.015625
882.112305	46544.207031
880.942383	46842.816406
879.771484	46939.996094
878.600586	47205.214844
877.428711	47264.945313
876.257813	47581.859375
875.085938	48230.476563
873.914063	48246.429688
872.741211	47862.265625
871.569336	48031.660156
870.396484	47904.644531
869.223633	48403.406250
868.050781	48135.496094
866.877930	47840.757813
865.704102	48096.964844
864.530273	48698.835938
863.356445	49016.886719
862.182617	49523.156250
861.007813	49391.894531
859.833984	49808.941406
858.659180	49683.878906
857.484375	50067.621094
856.308594	49688.214844
855.133789	49848.535156
853.958008	49580.925781
852.782227	49489.074219
851.605469	48771.187500
850.429688	49123.671875
849.252930	49591.687500
848.076172	49902.582031
846.899414	49234.695313
845.722656	49756.097656
844.544922	49978.031250
843.367188	49950.195313
842.189453	50353.566406
841.011719	50430.867188
839.833008	51137.167969
838.655273	51579.265625
837.476563	52505.683594
836.296875	52576.332031
835.118164	52729.390625
833.938477	52694.882813
832.758789	52442.015625
831.579102	52088.316406
830.399414	51502.035156
829.219727	51044.425781
828.039063	50586.437500
826.858398	50128.445313
825.677734	49670.457031
824.496094	49212.089844
823.315430	48754.101563
822.133789	48817.039063
820.952148	48571.503906
819.769531	48391.847656
818.587891	48707.636719
817.405273	48119.042969
816.222656	48052.578125
815.040039	47961.480469
813.856445	47630.097656
812.673828	48048.406250
811.490234	47858.796875
810.305664	47831.433594
809.122070	47660.406250
807.938477	47251.394531
806.753906	47486.769531
805.569336	47742.570313
804.383789	47292.750000
803.199219	47499.269531
802.013672	47008.652344
800.828125	46977.371094
799.642578	47466.648438
798.457031	47019.335938
797.270508	47104.835938
796.083984	47128.851563
794.897461	46710.511719
793.710938	46900.441406
792.523438	46506.859375
791.336914	46792.945313
790.149414	46778.109375
788.961914	47068.125000
787.773438	46687.070313
786.585938	46347.062500
785.397461	46538.839844
784.208984	46603.785156
783.019531	46519.488281
781.831055	46206.320313
780.641602	46222.246094
779.452148	46475.144531
778.262695	46411.351563
777.072266	45992.234375
775.882813	46508.425781
774.692383	46183.347656
773.501953	46603.375000
772.310547	45784.554688
771.120117	46496.257813
769.928711	46495.765625
768.737305	46321.910156
767.544922	46627.316406
766.353516	46327.089844
765.161133	46538.613281
763.968750	46668.535156
762.776367	46790.253906
761.583984	46622.636719
760.390625	46980.593750
759.197266	47238.625000
758.003906	47586.148438
756.810547	47463.285156
755.616211	47755.679688
754.421875	47661.312500
753.227539	48024.769531
752.033203	48235.519531
750.838867	47669.257813
749.643555	47776.285156
748.448242	47435.988281
747.252930	47323.480469
746.057617	47253.695313
744.861328	47387.125000
743.665039	46610.359375
742.468750	46959.160156
741.272461	46619.382813
740.075195	46429.984375
738.878906	46273.136719
737.681641	46112.285156
736.484375	46296.468750
735.286133	46186.390625
734.087891	46112.867188
732.890625	46491.644531
731.691406	46028.750000
730.493164	46101.261719
729.294922	46260.910156
728.095703	45932.070313
726.896484	45872.843750
725.696289	45568.503906
724.497070	45904.343750
723.296875	46240.050781
722.096680	45929.734375
720.896484	45629.652344
719.696289	45864.019531
718.495117	45725.945313
717.293945	45711.343750
716.092773	45684.605469
714.891602	45164.386719
713.689453	45453.207031
712.487305	45545.808594
711.285156	45882.960938
710.083008	45898.644531
708.880859	45467.769531
707.677734	45717.867188
706.474609	45969.890625
705.271484	45472.593750
704.068359	45706.394531
702.864258	45802.828125
701.660156	45634.824219
700.456055	45376.070313
699.251953	45452.335938
698.046875	45706.082031
696.841797	45729.812500
695.636719	45652.707031
694.431641	45353.859375
693.226563	45438.109375
692.020508	45604.949219
690.814453	45282.093750
689.608398	45680.574219
688.402344	45736.492188
687.195313	45500.378906
685.988281	45713.351563
684.781250	45833.644531
683.574219	45386.304688
682.366211	46064.019531
681.158203	45852.203125
679.950195	45620.343750
678.742188	45686.226563
677.534180	45987.347656
676.325195	45964.671875
675.116211	46130.949219
673.907227	46315.250000
672.697266	46129.769531
671.488281	46125.828125
670.278320	46121.882813
669.068359	46117.941406
667.858398	46113.996094
666.647461	46110.050781
665.436523	46106.101563
664.225586	45854.664063
663.014648	45693.601563
661.802734	45721.156250
660.591797	46027.468750
659.379883	45726.097656
658.167969	45765.652344
656.955078	46089.820313
655.743164	45584.183594
654.530273	45751.972656
653.317383	45541.070313
652.103516	45534.542969
650.890625	45676.207031
649.676758	45509.480469
648.462891	45218.703125
647.249023	45304.824219
646.034180	45391.011719
644.819336	45477.203125
643.604492	45563.390625
642.389648	45649.582031
641.174805	45735.769531
639.958984	45617.242188
638.743164	45866.539063
637.527344	45921.894531
636.311523	46145.058594
635.094727	46026.539063
633.877930	46023.902344
632.661133	46278.867188
631.444336	46112.464844
630.226563	45808.382813
629.008789	46139.082031
627.791016	45861.046875
626.573242	45818.531250
625.355469	46043.316406
624.136719	45476.273438
622.917969	45603.332031
621.699219	45608.730469
620.480469	45978.882813
619.260742	45927.800781
618.041016	45876.722656
616.821289	45825.640625
615.601563	45774.558594
614.380859	45723.437500
613.160156	45672.316406
611.939453	45621.195313
610.718750	45570.070313
609.497070	45518.910156
608.276367	45467.789063
607.054688	45416.625000
605.832031	45072.007813
604.610352	45584.488281
603.387695	45794.605469
602.165039	45652.839844
600.942383	45695.933594
599.719727	45572.113281
598.496094	45867.484375
597.272461	45721.832031
596.048828	45665.585938
594.825195	45718.554688
593.600586	45432.070313
592.375977	45510.855469
591.151367	45635.250000
589.926758	45426.304688
588.701172	45550.664063
587.476563	45141.515625
586.250977	45420.527344
585.024414	45410.007813
583.798828	45944.539063
582.572266	45606.957031
581.345703	45550.832031
580.119141	45465.015625
578.892578	45850.589844
577.665039	45639.996094
576.437500	45954.113281
575.209961	45808.894531
573.982422	45602.378906
572.753906	45441.449219
571.525391	45668.316406
570.296875	45657.750000
569.068359	46082.238281
567.838867	45996.460938
566.610352	45847.457031
565.380859	45682.695313
564.150391	46142.417969
562.920898	45912.464844
561.690430	46107.277344
560.459961	46041.328125
559.229492	45845.082031
557.999023	45692.339844
556.767578	45977.835938
555.536133	45939.582031
554.304688	45808.601563
553.073242	46342.468750
551.840820	46099.039063
550.608398	45764.988281
549.375977	45975.214844
548.143555	45966.558594
546.910156	45977.609375
545.676758	46065.503906
544.443359	46045.007813
543.209961	46008.757813
541.975586	46141.882813
540.742188	46353.718750
539.507813	45933.546875
538.272461	45867.812500
537.038086	46014.632813
535.802734	46299.117188
534.567383	46013.031250
533.332031	46423.277344
532.096680	46300.476563
530.860352	45882.820313
529.624023	45929.210938
528.387695	45953.960938
527.151367	46365.789063
525.914063	46140.949219
524.676758	45994.757813
523.439453	45980.195313
522.202148	45971.523438
520.963867	46062.968750
519.725586	46034.656250
518.487305	46192.769531
517.249023	46227.222656
516.009766	46367.582031
514.771484	46503.960938
513.532227	45671.640625
512.291992	46180.585938
511.052734	46183.632813
509.812500	46414.003906
508.572266	46001.621094
507.332031	46065.421875
506.090820	46364.230469
504.850586	46269.316406
503.609375	46370.222656
502.368164	46337.980469
501.125977	46427.089844
499.884766	46416.371094
498.642578	46278.484375
497.400391	46220.847656
496.157227	46736.234375
494.915039	46700.035156
493.671875	46874.976563
492.428711	46750.804688
491.184570	46644.265625
489.941406	46920.714844
488.697266	47042.730469
487.453125	47371.722656
486.208984	47026.910156
484.963867	47090.261719
483.718750	47052.085938
482.473633	46818.761719
481.228516	47112.351563
479.982422	46853.738281
478.737305	47073.093750
477.491211	47095.398438
476.244141	47252.222656
474.998047	47446.027344
473.750977	47403.925781
472.503906	47085.128906
471.256836	46941.792969
470.009766	47454.957031
468.761719	47712.796875
467.513672	47917.964844
466.265625	48004.292969
465.017578	48289.128906
463.768555	48313.078125
462.519531	48486.832031
461.270508	48444.589844
460.021484	48600.746094
458.771484	48741.285156
457.521484	48784.558594
456.271484	49486.781250
455.021484	49512.398438
453.770508	49172.695313
452.519531	49755.929688
451.268555	49703.781250
450.017578	50447.878906
448.765625	50921.800781
447.514648	50974.281250
446.262695	51428.511719
445.009766	51934.960938
443.757813	52392.710938
442.504883	52576.769531
441.251953	52367.050781
439.999023	51934.414063
438.745117	51657.035156
437.492188	50953.324219
436.238281	50096.773438
434.983398	49790.828125
433.729492	49333.894531
432.474609	49047.574219
431.219727	48840.753906
429.964844	49001.882813
428.709961	48388.632813
427.454102	48425.914063
426.198242	48519.292969
424.942383	48488.816406
423.685547	48558.929688
422.429688	48335.058594
421.172852	48159.609375
419.916016	48212.339844
418.658203	47980.921875
417.401367	48559.296875
416.143555	47987.847656
414.885742	48285.894531
413.626953	48307.636719
412.369141	48313.925781
411.110352	48349.164063
409.851563	48177.851563
408.591797	48074.144531
407.333008	47947.324219
406.073242	48320.203125
404.813477	48341.898438
403.553711	48203.519531
402.292969	47980.355469
401.032227	48054.140625
