#Wave		#Intensity
2001.182617	34524.488281
2000.212891	34065.800781
1999.243164	34012.238281
1998.273438	34131.582031
1997.303711	34130.632813
1996.333008	34199.816406
1995.363281	34051.101563
1994.392578	33824.812500
1993.421875	34404.710938
1992.451172	34148.402344
1991.479492	34184.984375
1990.508789	34619.386719
1989.537109	34258.101563
1988.566406	34034.511719
1987.594727	34223.628906
1986.622070	34072.628906
1985.650391	33919.179688
1984.677734	34243.191406
1983.706055	34289.687500
1982.733398	34318.679688
1981.760742	33788.062500
1980.788086	34596.425781
1979.814453	34450.531250
1978.841797	34294.699219
1977.868164	34186.351563
1976.894531	34217.816406
1975.920898	34326.632813
1974.947266	34255.761719
1973.972656	34389.476563
1972.999023	34218.843750
1972.024414	34639.308594
1971.049805	34635.746094
1970.075195	34308.097656
1969.099609	34279.667969
1968.125000	34492.976563
1967.149414	34377.316406
1966.173828	34356.355469
1965.198242	34482.359375
1964.222656	34740.308594
1963.247070	34579.855469
1962.270508	34384.609375
1961.294922	34413.441406
1960.318359	34949.937500
1959.341797	34530.789063
1958.364258	34589.429688
1957.387695	34630.636719
1956.410156	34699.187500
1955.433594	34536.468750
1954.456055	34527.941406
1953.478516	34631.265625
1952.500000	34510.890625
1951.522461	34651.449219
1950.543945	34640.414063
1949.565430	34336.292969
1948.586914	34700.308594
1947.608398	35036.882813
1946.629883	34576.449219
1945.650391	34632.449219
1944.671875	34365.816406
1943.692383	34535.964844
1942.712891	34641.554688
1941.733398	34568.519531
1940.752930	34604.628906
1939.773438	34261.359375
1938.792969	35004.031250
1937.812500	34685.597656
1936.832031	34959.554688
1935.851563	34834.503906
1934.870117	34734.265625
1933.888672	35087.328125
1932.908203	35133.187500
1931.926758	34862.101563
1930.945313	35143.160156
1929.962891	34869.687500
1928.981445	34754.695313
1927.999023	34770.871094
1927.016602	34801.886719
1926.034180	35485.871094
1925.051758	34821.843750
1924.069336	34964.093750
1923.085938	35012.351563
1922.102539	35097.667969
1921.119141	35182.953125
1920.135742	35021.125000
1919.152344	34933.464844
1918.168945	35053.308594
1917.184570	35066.921875
1916.200195	35127.437500
1915.215820	35002.785156
1914.231445	35310.109375
1913.247070	35390.292969
1912.261719	34856.074219
1911.276367	35266.871094
1910.291992	35070.769531
1909.306641	35353.144531
1908.320313	34937.656250
1907.334961	35091.761719
1906.348633	35349.335938
1905.363281	35163.242188
1904.376953	35024.023438
1903.390625	35094.246094
1902.403320	35322.078125
1901.416992	35131.187500
1900.429688	35208.738281
1899.443359	35340.414063
1898.456055	35496.660156
1897.467773	35379.691406
1896.480469	35400.550781
1895.493164	35608.355469
1894.504883	35520.941406
1893.516602	35091.738281
1892.528320	35565.023438
1891.540039	35295.746094
1890.550781	35311.671875
1889.562500	35642.136719
1888.573242	35476.179688
1887.583984	35622.253906
1886.594727	35846.875000
1885.605469	35346.992188
1884.615234	35524.929688
1883.625000	35619.335938
1882.635742	35311.195313
1881.645508	35363.886719
1880.654297	35666.820313
1879.664063	35682.632813
1878.673828	35686.175781
1877.682617	35876.085938
1876.691406	35830.558594
1875.700195	36035.082031
1874.708984	35788.558594
1873.716797	35659.746094
1872.725586	35604.480469
1871.733398	35740.304688
1870.741211	35831.992188
1869.749023	35904.058594
1868.755859	35865.917969
1867.763672	35805.761719
1866.770508	36364.839844
1865.777344	35922.871094
1864.784180	35894.539063
1863.791016	36035.000000
1862.797852	36356.398438
1861.803711	36230.187500
1860.809570	35827.742188
1859.815430	35968.113281
1858.821289	35942.238281
1857.827148	36405.093750
1856.832031	36340.054688
1855.837891	36240.839844
1854.842773	36222.253906
1853.847656	36552.867188
1852.852539	36441.457031
1851.856445	36483.867188
1850.861328	35979.566406
1849.865234	36331.945313
1848.869141	36715.914063
1847.873047	35977.656250
1846.876953	36388.378906
1845.879883	36425.871094
1844.883789	36026.937500
1843.886719	36154.667969
1842.889648	36740.539063
1841.892578	36400.238281
1840.895508	36661.828125
1839.897461	36864.863281
1838.899414	36675.718750
1837.901367	36766.664063
1836.903320	36833.230469
1835.905273	36926.546875
1834.907227	36837.300781
1833.908203	37086.316406
1832.909180	36778.105469
1831.910156	36367.843750
1830.911133	36689.765625
1829.912109	36741.664063
1828.912109	36893.218750
1827.913086	37173.550781
1826.913086	37115.968750
1825.913086	37313.542969
1824.913086	36940.121094
1823.912109	37198.382813
1822.912109	37361.832031
1821.911133	37537.367188
1820.910156	37217.574219
1819.909180	37101.785156
1818.908203	36983.613281
1817.906250	37149.375000
1816.904297	37368.453125
1815.903320	37337.613281
1814.900391	37634.183594
1813.898438	37263.835938
1812.896484	37613.648438
1811.893555	37379.167969
1810.891602	37593.117188
1809.888672	37705.222656
1808.885742	37466.003906
1807.881836	37963.218750
1806.878906	37629.585938
1805.875000	37840.875000
1804.871094	37340.332031
1803.867188	37992.125000
1802.863281	37835.382813
1801.859375	37676.273438
1800.854492	37558.347656
1799.849609	37926.636719
1798.844727	37806.285156
1797.839844	38053.500000
1796.834961	38194.253906
1795.830078	38160.929688
1794.824219	38180.781250
1793.818359	38128.140625
1792.812500	37966.800781
1791.806641	38196.808594
1790.799805	38337.382813
1789.793945	38316.132813
1788.787109	38558.023438
1787.780273	38531.910156
1786.773438	38324.812500
1785.766602	38769.246094
1784.758789	38644.195313
1783.751953	38610.843750
1782.744141	38837.949219
1781.736328	39028.804688
1780.728516	38626.562500
1779.719727	38740.257813
1778.711914	38793.664063
1777.703125	39256.652344
1776.694336	39117.226563
1775.685547	39069.375000
1774.676758	39134.718750
1773.666992	39289.125000
1772.657227	39089.605469
1771.648438	39169.347656
1770.638672	39342.914063
1769.627930	38958.218750
1768.618164	39088.457031
1767.607422	39401.437500
1766.597656	39466.621094
1765.586914	39113.425781
1764.576172	39512.773438
1763.564453	39664.421875
1762.553711	39508.425781
1761.541992	39873.851563
1760.530273	39871.609375
1759.518555	39886.179688
1758.506836	39943.968750
1757.495117	40186.605469
1756.482422	40441.156250
1755.469727	40184.398438
1754.457031	40542.042969
1753.444336	40578.062500
1752.431641	40448.550781
1751.417969	40160.789063
1750.405273	40606.902344
1749.391602	40487.039063
1748.377930	40587.750000
1747.364258	40841.812500
1746.349609	41069.421875
1745.335938	41225.074219
1744.321289	40571.023438
1743.306641	40997.339844
1742.291992	40925.437500
1741.276367	41092.968750
1740.261719	41315.496094
1739.246094	41518.796875
1738.230469	41188.417969
1737.214844	41372.523438
1736.199219	41671.382813
1735.182617	41769.242188
1734.166992	42395.511719
1733.150391	41948.109375
1732.133789	41909.613281
1731.117188	42227.222656
1730.099609	42848.183594
1729.083008	42561.078125
1728.065430	42828.238281
1727.047852	43009.328125
1726.030273	43378.984375
1725.012695	43853.554688
1723.994141	43654.835938
1722.976563	43441.863281
1721.958008	43749.136719
1720.939453	43903.617188
1719.920898	44194.000000
1718.901367	44274.414063
1717.882813	44752.992188
1716.863281	45131.273438
1715.843750	44699.003906
1714.824219	44753.046875
1713.803711	45123.972656
1712.784180	45254.152344
1711.763672	45508.144531
1710.743164	45340.523438
1709.722656	45534.878906
1708.702148	45767.253906
1707.681641	45311.667969
1706.660156	45101.359375
1705.638672	45502.613281
1704.617188	45168.636719
1703.595703	44929.917969
1702.574219	45554.523438
1701.551758	45451.343750
1700.529297	45448.042969
1699.507813	45675.289063
1698.484375	45645.804688
1697.461914	45502.285156
1696.439453	45819.667969
1695.416016	45735.539063
1694.392578	45950.652344
1693.369141	45546.000000
1692.345703	45604.390625
1691.322266	46097.101563
1690.297852	45638.050781
1689.273438	45990.589844
1688.249023	45972.945313
1687.224609	46024.085938
1686.200195	45913.953125
1685.174805	46394.218750
1684.150391	46167.902344
1683.125000	46640.839844
1682.099609	46495.121094
1681.073242	46873.058594
1680.047852	46594.695313
1679.021484	47344.316406
1677.995117	46836.269531
1676.968750	46974.746094
1675.942383	47349.886719
1674.916016	47007.777344
1673.888672	47493.988281
1672.862305	48138.539063
1671.834961	47874.527344
1670.806641	47653.171875
1669.779297	47937.925781
1668.751953	48293.500000
1667.723633	48178.558594
1666.695313	47902.941406
1665.666992	48163.812500
1664.638672	48675.011719
1663.609375	48227.019531
1662.581055	48369.601563
1661.551758	48276.003906
1660.522461	48076.199219
1659.493164	48848.960938
1658.462891	48868.605469
1657.433594	48612.164063
1656.403320	48596.453125
1655.373047	48851.996094
1654.342773	48848.035156
1653.312500	48707.312500
1652.281250	48851.894531
1651.250977	49408.910156
1650.219727	49119.687500
1649.188477	48837.632813
1648.156250	49446.175781
1647.125000	49159.453125
1646.092773	48870.472656
1645.060547	48965.386719
1644.028320	49613.484375
1642.996094	48992.699219
1641.963867	49360.515625
1640.930664	49563.500000
1639.898438	49152.414063
1638.865234	49757.558594
1637.832031	49701.675781
1636.797852	49695.191406
1635.764648	50182.367188
1634.730469	49976.011719
1633.696289	49870.773438
1632.662109	50078.062500
1631.627930	50134.929688
1630.592773	50623.933594
1629.558594	50788.703125
1628.523438	50784.359375
1627.488281	50615.699219
1626.453125	51146.511719
1625.416992	51160.875000
1624.381836	51238.578125
1623.345703	51989.492188
1622.309570	52350.808594
1621.273438	52512.671875
1620.237305	52958.164063
1619.200195	53551.171875
1618.163086	54317.402344
1617.125977	55148.968750
1616.088867	56870.519531
1615.051758	56949.410156
1614.014648	58206.304688
1612.976563	58942.910156
1611.938477	60236.457031
1610.900391	60679.839844
1609.862305	60261.812500
1608.823242	59989.007813
1607.785156	59655.468750
1606.746094	58501.019531
1605.707031	57756.253906
1604.667969	56700.757813
1603.628906	55715.769531
1602.588867	54990.585938
1601.548828	54555.453125
1600.508789	53664.832031
1599.468750	53533.789063
1598.428711	52783.808594
1597.387695	52274.636719
1596.347656	52204.609375
1595.306641	51394.566406
1594.265625	51695.839844
1593.224609	51180.214844
1592.182617	51423.085938
1591.140625	50842.367188
1590.099609	51094.539063
1589.057617	50691.316406
1588.014648	50278.910156
1586.972656	50705.878906
1585.929688	50752.777344
1584.887695	50932.488281
1583.844727	50392.175781
1582.800781	50648.753906
1581.757813	50630.406250
1580.714844	50181.250000
1579.670898	50591.390625
1578.626953	50505.546875
1577.583008	50975.996094
1576.538086	50817.968750
1575.494141	51146.265625
1574.449219	51069.679688
1573.404297	51079.171875
1572.359375	50984.019531
1571.314453	51040.023438
1570.269531	50921.660156
1569.223633	50854.468750
1568.177734	50782.652344
1567.131836	50636.511719
1566.085938	50239.550781
1565.040039	49970.464844
1563.993164	50019.597656
1562.946289	49873.691406
1561.899414	49595.523438
1560.852539	49753.765625
1559.805664	49777.367188
1558.757813	49506.320313
1557.709961	49959.078125
1556.662109	49511.832031
1555.614258	49229.378906
1554.566406	49273.906250
1553.517578	49098.218750
1552.469727	48862.332031
1551.420898	49175.679688
1550.372070	48898.160156
1549.322266	48826.886719
1548.273438	49089.117188
1547.223633	48837.222656
1546.173828	48916.468750
1545.124023	48907.730469
1544.074219	48912.875000
1543.024414	49209.550781
1541.973633	48511.375000
1540.922852	49282.167969
1539.872070	48877.917969
1538.821289	49139.699219
1537.770508	48888.183594
1536.718750	49274.679688
1535.666992	49203.476563
1534.615234	48912.800781
1533.563477	48938.707031
1532.511719	49454.246094
1531.458984	48928.132813
1530.407227	49074.074219
1529.354492	48852.925781
1528.300781	49132.687500
1527.248047	48879.296875
1526.195313	48395.277344
1525.141602	48405.074219
1524.087891	48324.917969
1523.034180	48523.808594
1521.980469	48379.101563
1520.925781	48278.238281
1519.871094	48244.250000
1518.817383	48279.398438
1517.762695	48100.273438
1516.707031	48441.792969
1515.652344	48285.726563
1514.596680	48617.875000
1513.541016	48058.941406
1512.485352	47946.757813
1511.429688	48248.867188
1510.374023	47312.929688
1509.317383	47810.585938
1508.260742	48275.859375
1507.204102	47975.148438
1506.147461	48026.343750
1505.090820	48054.527344
1504.033203	48255.085938
1502.975586	48131.539063
1501.917969	47645.000000
1500.860352	48059.164063
1499.802734	47751.964844
1498.744141	48517.316406
1497.686523	47757.820313
1496.627930	47563.316406
1495.569336	48282.382813
1494.509766	48028.187500
1493.451172	47962.222656
1492.391602	47990.332031
1491.332031	48016.136719
1490.272461	47748.402344
1489.212891	47522.035156
1488.152344	48331.886719
1487.092773	48275.093750
1486.032227	48170.195313
1484.971680	47861.425781
1483.910156	48207.906250
1482.849609	48153.457031
1481.788086	48204.363281
1480.726563	48225.484375
1479.665039	48324.421875
1478.603516	48723.136719
1477.541992	48256.750000
1476.479492	48444.851563
1475.416992	48543.671875
1474.354492	48402.320313
1473.291992	48766.355469
1472.229492	48227.210938
1471.166016	48696.289063
1470.102539	48696.695313
1469.039063	48946.160156
1467.975586	49232.085938
1466.912109	49241.523438
1465.847656	49239.539063
1464.783203	49159.921875
1463.718750	49242.417969
1462.654297	49359.117188
1461.589844	49281.796875
1460.524414	49521.656250
1459.458984	49307.453125
1458.393555	49950.929688
1457.328125	49634.101563
1456.262695	50012.796875
1455.196289	49716.585938
1454.130859	50172.621094
1453.064453	49990.425781
1451.998047	50573.832031
1450.930664	50054.480469
1449.864258	50460.011719
1448.796875	50346.203125
1447.729492	50669.566406
1446.662109	50212.023438
1445.594727	51086.074219
1444.526367	51213.429688
1443.458008	51090.476563
1442.390625	51415.683594
1441.321289	52004.589844
1440.252930	52356.800781
1439.184570	52188.246094
1438.115234	52503.921875
1437.045898	53251.289063
1435.976563	52846.343750
1434.907227	53659.265625
1433.836914	53656.433594
1432.767578	54096.457031
1431.697266	53896.000000
1430.626953	53958.960938
1429.555664	54428.195313
1428.485352	54450.179688
1427.414063	54501.656250
1426.342773	54755.011719
1425.271484	55216.953125
1424.200195	55247.843750
1423.128906	55614.292969
1422.056641	55397.996094
1420.984375	55789.214844
1419.912109	55235.304688
1418.839844	55411.160156
1417.767578	55351.355469
1416.694336	55891.777344
1415.621094	55315.589844
1414.547852	55228.660156
1413.474609	54865.585938
1412.400391	54108.820313
1411.327148	54293.695313
1410.252930	53992.062500
1409.178711	54242.488281
1408.104492	54158.089844
1407.029297	54139.296875
1405.955078	54407.636719
1404.879883	54630.671875
1403.804688	55145.167969
1402.729492	55259.523438
1401.653320	55396.425781
1400.578125	55339.015625
1399.501953	55489.398438
1398.425781	55818.109375
1397.349609	55744.847656
1396.272461	55405.257813
1395.196289	55598.390625
1394.119141	55775.656250
1393.041992	55903.226563
1391.964844	55857.066406
1390.886719	55756.796875
1389.809570	56274.367188
1388.731445	56469.378906
1387.653320	56360.031250
1386.575195	56449.031250
1385.497070	57141.839844
1384.417969	57413.132813
1383.338867	57137.015625
1382.259766	57266.335938
1381.180664	57530.699219
1380.101563	57457.300781
1379.021484	57203.867188
1377.941406	57677.371094
1376.861328	57264.242188
1375.781250	56995.230469
1374.701172	56751.050781
1373.620117	56322.562500
1372.539063	56208.988281
1371.458008	56270.785156
1370.376953	56125.789063
1369.295898	55616.824219
1368.213867	55478.734375
1367.132813	55412.570313
1366.050781	55245.367188
1364.967773	55208.457031
1363.885742	55182.785156
1362.802734	55336.687500
1361.720703	55764.328125
1360.637695	55857.480469
1359.554688	55082.402344
1358.470703	55139.753906
1357.387695	55360.789063
1356.303711	55009.988281
1355.219727	54392.535156
1354.135742	54723.406250
1353.050781	54294.468750
1351.966797	54038.203125
1350.881836	54236.785156
1349.796875	53998.539063
1348.711914	53905.933594
1347.626953	53692.457031
1346.541016	53514.871094
1345.455078	53328.394531
1344.369141	53464.218750
1343.283203	53532.871094
1342.197266	53254.769531
1341.110352	53392.765625
1340.023438	53345.105469
1338.936523	53313.113281
1337.849609	53551.605469
1336.762695	53872.699219
1335.674805	53976.925781
1334.586914	54351.441406
1333.499023	54466.710938
1332.411133	54050.406250
1331.323242	54549.742188
1330.234375	54079.992188
1329.145508	54317.980469
1328.056641	54531.332031
1326.967773	54644.199219
1325.878906	55042.574219
1324.789063	55262.363281
1323.699219	54821.968750
1322.609375	55420.757813
1321.519531	55499.910156
1320.429688	55801.917969
1319.338867	56328.886719
1318.248047	56274.140625
1317.157227	56965.675781
1316.066406	57231.554688
1314.975586	57417.167969
1313.883789	57972.300781
1312.791992	57318.488281
1311.700195	58118.257813
1310.608398	57845.164063
1309.516602	57901.445313
1308.423828	57988.847656
1307.331055	57569.132813
1306.238281	57923.390625
1305.145508	57477.156250
1304.051758	57228.914063
1302.958984	57531.921875
1301.865234	57630.386719
1300.771484	57957.644531
1299.677734	57993.800781
1298.583008	58731.718750
1297.489258	59489.351563
1296.394531	60009.164063
1295.299805	59751.921875
1294.204102	60442.375000
1293.109375	60129.675781
1292.013672	59976.808594
1290.917969	59852.832031
1289.822266	59662.367188
1288.726563	59605.000000
1287.630859	58727.437500
1286.534180	58614.847656
1285.437500	58063.527344
1284.340820	57831.449219
1283.244141	57654.832031
1282.146484	57502.640625
1281.048828	56816.835938
1279.951172	56994.730469
1278.853516	56446.500000
1277.755859	56029.046875
1276.658203	56463.664063
1275.559570	55747.679688
1274.460938	55788.453125
1273.362305	55751.800781
1272.262695	55856.679688
1271.164063	55446.402344
1270.064453	54667.136719
1268.964844	54677.117188
1267.865234	54700.347656
1266.765625	54343.589844
1265.665039	54514.855469
1264.564453	54365.843750
1263.463867	54475.214844
1262.363281	54708.171875
1261.262695	54387.035156
1260.161133	53834.304688
1259.059570	53714.222656
1257.958008	53812.570313
1256.856445	53952.789063
1255.754883	53314.527344
1254.652344	53203.433594
1253.549805	53449.488281
1252.447266	53759.367188
1251.344727	53566.714844
1250.242188	53493.105469
1249.138672	53421.718750
1248.035156	52962.738281
1246.931641	53378.109375
1245.828125	53599.585938
1244.724609	53964.054688
1243.620117	53487.695313
1242.515625	53790.437500
1241.411133	53505.675781
1240.306641	53361.789063
1239.201172	53787.535156
1238.096680	53333.617188
1236.991211	53431.652344
1235.885742	53635.152344
1234.779297	53480.371094
1233.673828	53710.152344
1232.567383	53761.906250
1231.460938	53681.855469
1230.354492	53841.195313
1229.248047	54162.949219
1228.140625	53733.828125
1227.033203	54375.917969
1225.926758	54398.953125
1224.818359	53983.179688
1223.710938	54304.601563
1222.602539	54290.347656
1221.495117	54370.386719
1220.386719	54439.429688
1219.278320	53934.144531
1218.168945	54079.945313
1217.060547	54065.730469
1215.951172	54336.324219
1214.841797	53954.078125
1213.731445	53615.765625
1212.622070	53796.515625
1211.511719	53668.515625
1210.402344	53472.707031
1209.291992	54338.347656
1208.180664	54065.902344
1207.070313	54756.109375
1205.958984	54435.562500
1204.847656	54895.828125
1203.736328	54734.980469
1202.625000	54786.230469
1201.512695	54695.394531
1200.401367	55172.750000
1199.289063	54955.152344
1198.176758	55340.539063
1197.063477	55264.945313
1195.951172	55538.761719
1194.837891	55834.308594
1193.724609	55599.312500
1192.611328	56191.550781
1191.498047	56128.953125
1190.383789	55776.214844
1189.269531	55759.515625
1188.155273	55762.449219
1187.041016	55405.605469
1185.926758	54948.601563
1184.811523	54997.449219
1183.696289	54590.804688
1182.581055	54628.800781
1181.465820	54793.128906
1180.350586	54467.328125
1179.234375	54411.675781
1178.118164	54728.355469
1177.001953	54607.367188
1175.885742	54018.468750
1174.768555	54073.910156
1173.652344	53672.433594
1172.535156	54112.941406
1171.417969	54085.683594
1170.299805	53808.363281
1169.182617	53915.957031
1168.064453	53532.250000
1166.946289	53496.414063
1165.828125	53364.980469
1164.709961	53333.527344
1163.590820	53397.656250
1162.471680	53307.570313
1161.352539	53829.828125
1160.233398	53707.125000
1159.114258	53402.136719
1157.994141	53435.804688
1156.874023	53586.621094
1155.753906	52667.882813
1154.633789	53159.312500
1153.513672	53422.855469
1152.392578	53306.871094
1151.271484	53271.132813
1150.150391	53402.296875
1149.029297	53191.023438
1147.907227	53521.476563
1146.786133	53323.250000
1145.664063	53740.183594
1144.541992	53609.117188
1143.418945	53895.941406
1142.296875	54184.824219
1141.173828	54475.761719
1140.050781	54740.625000
1138.927734	54525.105469
1137.803711	55101.339844
1136.680664	54384.093750
1135.556641	54743.910156
1134.432617	54993.339844
1133.308594	54877.386719
1132.183594	54681.515625
1131.059570	54390.640625
1129.934570	54497.363281
1128.809570	54725.000000
1127.684570	54771.152344
1126.558594	54506.375000
1125.432617	54658.320313
1124.307617	54691.503906
1123.180664	54228.347656
1122.054688	54451.453125
1120.928711	54253.835938
1119.801758	53896.691406
1118.674805	54632.933594
1117.547852	54338.367188
1116.419922	54188.324219
1115.292969	54154.714844
1114.165039	54302.117188
1113.037109	53859.164063
1111.909180	54174.566406
1110.780273	54069.906250
1109.652344	53939.445313
1108.523438	54269.722656
1107.394531	54386.792969
1106.264648	54041.136719
1105.135742	53940.886719
1104.005859	54051.492188
1102.875977	54009.343750
1101.746094	54532.773438
1100.616211	53972.390625
1099.485352	54162.433594
1098.355469	54556.585938
1097.224609	54086.750000
1096.092773	54038.183594
1094.961914	54485.835938
1093.830078	54273.988281
1092.699219	53733.675781
1091.567383	54075.933594
1090.434570	54005.937500
1089.302734	53461.671875
1088.169922	53775.890625
1087.037109	53255.460938
1085.904297	53661.832031
1084.771484	53433.265625
1083.637695	53779.410156
1082.504883	53808.152344
1081.371094	53643.980469
1080.236328	53938.460938
1079.102539	54031.425781
1077.968750	53852.300781
1076.833984	54155.140625
1075.699219	53738.355469
1074.564453	53919.066406
1073.428711	53628.769531
1072.292969	54207.507813
1071.158203	54315.265625
1070.022461	54001.515625
1068.885742	54297.507813
1067.750000	54193.457031
1066.613281	54390.941406
1065.476563	54380.972656
1064.339844	54323.984375
1063.203125	54598.261719
1062.065430	54622.441406
1060.927734	54612.429688
1059.790039	54356.792969
1058.652344	54846.539063
1057.514648	54396.648438
1056.375977	54279.941406
1055.237305	54502.632813
1054.098633	54330.457031
1052.959961	54292.761719
1051.820313	54107.886719
1050.681641	54624.757813
1049.541992	54734.156250
1048.402344	54449.089844
1047.261719	54633.078125
1046.122070	54173.371094
1044.981445	54133.601563
1043.840820	54732.976563
1042.700195	54614.304688
1041.558594	54589.375000
1040.417969	54400.503906
1039.276367	54531.027344
1038.134766	54514.632813
1036.992188	54151.367188
1035.850586	53892.488281
1034.708008	54182.546875
1033.565430	54051.367188
1032.422852	54432.726563
1031.280273	54033.652344
1030.136719	54240.558594
1028.994141	53998.937500
1027.850586	54042.148438
1026.706055	54565.496094
1025.562500	53765.277344
1024.417969	54360.687500
1023.273438	54068.289063
1022.128906	53981.933594
1020.984375	54243.714844
1019.839844	54794.019531
1018.694336	54155.890625
1017.548828	54124.726563
1016.403320	53915.402344
1015.256836	54242.683594
1014.111328	54415.062500
1012.964844	54540.738281
1011.818359	54668.484375
1010.671875	54281.234375
1009.524414	54843.316406
1008.377930	54767.570313
1007.230469	54120.000000
1006.083008	54298.515625
1004.934570	54335.109375
1003.787109	54627.824219
1002.638672	54903.492188
1001.490234	54666.984375
1000.341797	55018.707031
999.193359	55298.375000
998.043945	55135.937500
996.894531	54886.867188
995.745117	55348.207031
994.595703	55319.003906
993.446289	55247.542969
992.295898	54928.898438
991.145508	55053.996094
989.995117	55075.546875
988.844727	54993.617188
987.693359	55266.417969
986.541992	55619.332031
985.390625	55322.062500
984.239258	55394.179688
983.087891	55782.734375
981.935547	55559.417969
980.783203	55481.703125
979.630859	55528.425781
978.478516	56078.992188
977.325195	56102.394531
976.172852	55794.914063
975.019531	55963.742188
973.865234	55814.398438
972.711914	55871.523438
971.557617	56046.554688
970.404297	55619.339844
969.250000	55876.449219
968.094727	55727.242188
966.940430	56059.988281
965.785156	55824.539063
964.629883	55706.972656
963.474609	55997.464844
962.319336	55469.859375
961.163086	56029.394531
960.007813	56170.417969
958.851563	55857.429688
957.694336	55987.921875
956.538086	55824.238281
955.380859	55816.050781
954.223633	55812.062500
953.066406	56433.789063
951.909180	55810.382813
950.751953	55907.140625
949.593750	55917.820313
948.435547	55739.656250
947.277344	56012.578125
946.118164	55849.140625
944.959961	56008.699219
943.800781	55537.117188
942.641602	56027.871094
941.482422	55659.148438
940.322266	55852.144531
939.162109	56223.140625
938.001953	56216.960938
936.841797	55909.199219
935.681641	56330.230469
934.520508	56244.468750
933.360352	56715.511719
932.198242	56412.062500
931.037109	56805.476563
929.875977	56228.070313
928.713867	56520.972656
927.551758	56640.195313
926.389648	57150.351563
925.227539	57166.976563
924.064453	56872.179688
922.901367	56688.238281
921.738281	57012.054688
920.575195	56725.792969
919.412109	57571.605469
918.248047	57753.082031
917.083984	57765.378906
915.919922	57646.167969
914.755859	57835.871094
913.590820	58006.718750
912.426758	58459.136719
911.261719	58886.359375
910.095703	58439.625000
908.930664	59023.062500
907.764648	59149.746094
906.598633	59347.242188
905.432617	59405.042969
904.266602	59283.640625
903.099609	59164.363281
901.933594	58711.890625
900.766602	58397.015625
899.599609	58225.914063
898.431641	57748.878906
897.264648	57929.671875
896.096680	57979.304688
894.928711	57469.285156
893.759766	57670.824219
892.591797	57818.210938
891.422852	57711.875000
890.253906	57734.460938
889.084961	57831.867188
887.916016	57856.496094
886.746094	57910.203125
885.576172	57733.304688
884.406250	58034.167969
883.236328	58181.250000
882.065430	57950.410156
880.895508	57613.789063
879.724609	58406.312500
878.552734	58075.949219
877.381836	58260.218750
876.209961	58948.464844
875.039063	58707.351563
873.866211	58746.250000
872.694336	59062.925781
871.522461	59466.539063
870.349609	58844.187500
869.176758	59015.625000
868.003906	58957.054688
866.830078	59149.113281
865.657227	59415.648438
864.483398	59721.421875
863.309570	59993.957031
862.135742	60301.570313
860.960938	60515.953125
859.786133	60864.730469
858.611328	60520.425781
857.436523	60895.953125
856.261719	60287.093750
855.085938	60050.582031
853.910156	60167.609375
852.734375	59978.730469
851.558594	60077.125000
850.382813	60014.347656
849.206055	59943.328125
848.029297	60452.613281
846.852539	60449.664063
845.674805	60502.453125
844.498047	60751.289063
843.320313	61569.566406
842.142578	61888.253906
840.963867	62970.042969
839.786133	63224.414063
838.607422	64043.675781
837.428711	64609.054688
836.250000	65120.625000
835.070313	65213.648438
833.891602	65539.468750
832.711914	65611.773438
831.532227	64641.843750
830.352539	63777.289063
829.171875	63079.828125
827.991211	62189.117188
826.810547	61984.109375
825.629883	61295.593750
824.449219	60712.257813
823.267578	60789.441406
822.085938	60582.777344
820.904297	59631.816406
819.722656	59744.101563
818.540039	59811.121094
817.357422	59645.882813
816.174805	59657.410156
814.992188	58941.687500
813.809570	58850.636719
812.625977	58603.542969
811.442383	58740.492188
810.258789	58635.152344
809.074219	59256.417969
807.890625	59112.027344
806.706055	58949.222656
805.521484	58636.730469
804.336914	59427.750000
803.151367	59338.789063
801.966797	58716.812500
800.781250	58464.027344
799.594727	58940.921875
798.409180	58245.593750
797.222656	58515.433594
796.037109	58043.699219
794.849609	58092.300781
793.663086	57835.800781
792.476563	58021.574219
791.289063	57750.851563
790.101563	57167.132813
788.914063	57846.000000
787.725586	57610.226563
786.538086	57650.644531
785.349609	57478.382813
784.161133	56985.199219
782.971680	57328.226563
781.783203	57464.710938
780.593750	57174.085938
779.404297	57216.570313
778.214844	56654.433594
777.024414	56980.851563
775.834961	56529.222656
774.644531	57231.160156
773.454102	56661.265625
772.262695	57026.203125
771.072266	56931.937500
769.880859	56886.664063
768.689453	57273.781250
767.497070	57155.046875
766.305664	57317.703125
765.113281	57419.144531
763.920898	57538.886719
762.728516	57854.191406
761.536133	57967.691406
760.342773	58551.660156
759.149414	58475.589844
757.956055	58285.523438
756.762695	58824.312500
755.568359	58921.230469
754.374023	59254.164063
753.179688	59422.171875
751.985352	58768.292969
750.791016	59029.875000
749.595703	58634.554688
748.400391	58497.578125
747.205078	58090.304688
746.009766	58189.222656
744.813477	57991.441406
743.617188	57482.902344
742.420898	57277.195313
741.224609	56947.683594
740.027344	57166.507813
738.830078	57267.500000
737.632813	57220.292969
736.435547	56552.132813
735.238281	56827.664063
734.040039	57210.605469
732.841797	56974.812500
731.643555	56639.742188
730.445313	56815.699219
729.246094	56736.183594
728.046875	56269.605469
726.847656	56763.648438
725.648438	55989.300781
724.449219	56242.171875
723.249023	56671.132813
722.048828	56150.320313
720.848633	56103.406250
719.647461	56256.878906
718.447266	56011.640625
717.246094	56460.460938
716.044922	56263.820313
714.842773	56572.871094
713.641602	56384.367188
712.439453	55955.343750
711.237305	56397.679688
710.035156	56688.273438
708.832031	56778.718750
707.629883	56406.496094
706.426758	56834.269531
705.223633	56716.625000
704.019531	56881.691406
702.815430	56681.308594
701.612305	56969.437500
700.408203	56995.117188
699.203125	57299.210938
697.999023	56993.996094
696.793945	57164.863281
695.588867	57281.218750
694.383789	57125.355469
693.177734	57646.824219
691.971680	57456.687500
690.766602	58006.101563
689.559570	57771.644531
688.353516	57684.308594
687.146484	58056.148438
685.939453	57703.011719
684.732422	56903.105469
683.525391	57170.214844
682.318359	57129.343750
681.110352	57231.328125
679.902344	56691.585938
678.693359	56574.394531
677.485352	57354.058594
676.276367	57242.808594
675.067383	56980.843750
673.858398	57082.726563
672.649414	57031.863281
671.439453	57346.640625
670.229492	56962.320313
669.019531	56780.968750
667.809570	57143.792969
666.598633	56769.757813
665.387695	57001.984375
664.176758	56890.984375
662.965820	56384.781250
661.754883	56460.480469
660.542969	56674.531250
659.331055	56509.527344
658.119141	56719.472656
656.906250	56891.253906
655.694336	56303.441406
654.481445	56783.792969
653.268555	56398.546875
652.054688	56754.515625
650.841797	56769.921875
649.627930	56386.886719
648.414063	56624.546875
647.200195	56637.953125
645.985352	57063.570313
644.770508	57306.964844
643.555664	58100.343750
642.340820	57709.472656
641.125977	57850.625000
639.910156	57825.789063
638.694336	58468.554688
637.478516	57808.113281
636.262695	57379.687500
635.045898	57550.718750
633.829102	57541.929688
632.612305	57597.039063
631.395508	57380.597656
630.177734	56918.707031
628.959961	57171.476563
627.742188	57011.101563
626.524414	56669.230469
625.306641	56945.835938
624.087891	56847.406250
622.869141	56637.351563
621.650391	56568.917969
620.430664	56829.375000
619.211914	57093.722656
617.992188	57276.273438
616.772461	56988.632813
615.551758	56860.429688
614.332031	57062.832031
613.111328	56504.617188
611.890625	57246.441406
610.669922	56905.328125
609.448242	56460.867188
608.226563	57130.656250
607.004883	56765.878906
605.783203	57087.335938
604.561523	56921.527344
603.338867	56974.453125
602.116211	57027.359375
600.893555	57583.000000
599.669922	57091.375000
598.447266	57283.273438
597.223633	57026.238281
596.000000	57970.652344
594.775391	57324.457031
593.551758	57168.785156
592.327148	57348.566406
591.102539	57663.203125
589.877930	57346.855469
588.652344	57780.378906
587.426758	57723.910156
586.201172	57954.953125
584.975586	58485.242188
583.750000	58468.304688
582.523438	58911.101563
581.296875	58858.421875
580.070313	59510.945313
578.842773	59159.113281
577.616211	59417.285156
576.388672	59837.695313
575.161133	59806.652344
573.932617	59571.777344
572.705078	59740.628906
571.476563	59199.222656
570.248047	59684.535156
569.018555	59382.617188
567.790039	59304.222656
566.560547	58551.781250
565.331055	58570.410156
564.101563	58719.449219
562.871094	58279.683594
561.641602	57988.226563
560.411133	57582.332031
559.179688	58033.539063
557.949219	57604.093750
556.717773	57291.261719
555.486328	57112.734375
554.254883	56815.894531
553.023438	56830.839844
551.791016	56901.007813
550.558594	56915.929688
549.326172	56883.523438
548.093750	56738.773438
546.860352	56527.062500
545.627930	56524.300781
544.393555	56787.496094
543.160156	56672.402344
541.926758	56813.367188
540.692383	56619.550781
539.458008	56652.195313
538.223633	56871.800781
536.988281	57063.773438
535.752930	56777.574219
534.517578	56692.125000
533.282227	56590.972656
532.046875	56885.093750
530.810547	56931.386719
529.574219	57079.871094
528.337891	57220.437500
527.101563	56818.636719
525.864258	56951.335938
524.626953	56995.593750
523.389648	57037.867188
522.152344	56795.429688
520.914063	56637.492188
519.675781	57203.835938
518.437500	57183.234375
517.199219	57207.765625
515.959961	57153.820313
514.721680	58019.687500
513.482422	57863.640625
512.242188	57248.910156
511.002930	57100.902344
509.762695	57433.078125
508.522461	57578.984375
507.282227	57391.812500
506.041016	57132.238281
504.800781	57744.171875
503.559570	57020.613281
502.318359	57139.042969
501.076172	57210.457031
499.833984	57272.054688
498.592773	57067.562500
497.349609	57086.128906
496.107422	57073.394531
494.864258	57279.648438
493.622070	57261.011719
492.377930	57291.246094
491.134766	57071.328125
489.891602	56970.671875
488.647461	57305.667969
487.403320	57371.011719
486.158203	57453.902344
484.914063	57087.726563
483.668945	57459.519531
482.423828	57267.167969
481.178711	57753.902344
479.932617	57557.660156
478.686523	57903.718750
477.440430	58286.695313
476.194336	58039.757813
474.948242	58019.039063
473.701172	58236.105469
472.454102	58338.117188
471.207031	58498.531250
469.958984	58008.289063
468.711914	58305.031250
467.463867	58247.273438
466.215820	58703.484375
464.966797	59180.933594
463.718750	59056.871094
462.469727	58757.738281
461.220703	59612.289063
459.970703	59820.789063
458.721680	59525.562500
457.471680	59903.140625
456.221680	59522.476563
454.970703	60694.789063
453.720703	60774.628906
452.469727	61165.277344
451.218750	61163.410156
449.966797	61579.074219
448.715820	62196.507813
447.463867	62561.343750
446.211914	63203.582031
444.959961	63519.566406
443.707031	64392.257813
442.454102	64562.402344
441.201172	64672.363281
439.948242	63956.234375
438.695313	63201.597656
437.441406	62224.339844
436.187500	61516.820313
434.933594	61100.210938
433.678711	59916.609375
432.424805	59455.906250
431.169922	59047.660156
429.914063	58895.132813
428.659180	58593.609375
427.403320	58985.066406
426.147461	58637.195313
424.891602	58612.535156
423.635742	58382.851563
422.378906	57928.914063
421.122070	58420.660156
419.865234	58080.941406
418.608398	58081.527344
417.350586	58265.691406
416.092773	57928.117188
414.834961	58222.347656
413.577148	57900.355469
412.318359	58030.335938
411.059570	57797.308594
409.800781	57757.390625
408.541992	57648.007813
407.282227	57947.726563
406.022461	58264.691406
404.762695	57943.101563
403.502930	57529.062500
402.242188	57905.687500
400.981445	58066.265625
