#Wave		#Intensity
2001.248047	22333.150391
2000.278320	22145.160156
1999.308594	22166.355469
1998.338867	22290.273438
1997.369141	22201.205078
1996.398438	22395.207031
1995.428711	21990.603516
1994.458008	22197.089844
1993.487305	22478.609375
1992.516602	22251.916016
1991.545898	22420.708984
1990.574219	22156.568359
1989.603516	22200.232422
1988.631836	22343.929688
1987.660156	22270.003906
1986.688477	22436.140625
1985.715820	22337.222656
1984.744141	22178.349609
1983.771484	22159.480469
1982.798828	22160.607422
1981.826172	21966.871094
1980.853516	22035.468750
1979.880859	21981.669922
1978.907227	22254.986328
1977.933594	21819.207031
1976.959961	22372.011719
1975.986328	22233.339844
1975.012695	22202.005859
1974.039063	22238.041016
1973.064453	22044.587891
1972.089844	22065.673828
1971.115234	21969.558594
1970.140625	22222.496094
1969.166016	22228.582031
1968.190430	21753.685547
1967.215820	22188.417969
1966.240234	21940.394531
1965.264648	21799.564453
1964.289063	21994.982422
1963.312500	22133.062500
1962.336914	22089.359375
1961.360352	22080.517578
1960.383789	22208.552734
1959.407227	21945.896484
1958.430664	21723.134766
1957.454102	21701.923828
1956.476563	21839.878906
1955.499023	21763.951172
1954.521484	21834.724609
1953.543945	21994.953125
1952.566406	21680.460938
1951.587891	21917.683594
1950.610352	21720.074219
1949.631836	22136.042969
1948.653320	21635.486328
1947.674805	22128.294922
1946.696289	22131.871094
1945.716797	21713.484375
1944.737305	21933.035156
1943.758789	21740.621094
1942.779297	22019.626953
1941.798828	21812.380859
1940.819336	21870.560547
1939.838867	21874.169922
1938.859375	21880.255859
1937.878906	21819.416016
1936.898438	21897.375000
1935.916992	21980.263672
1934.936523	21674.179688
1933.955078	21908.164063
1932.974609	21926.615234
1931.993164	21732.121094
1931.010742	21693.656250
1930.029297	21821.039063
1929.047852	22005.296875
1928.065430	21914.839844
1927.083008	21774.939453
1926.100586	21682.080078
1925.118164	21841.498047
1924.135742	21906.902344
1923.152344	21608.880859
1922.168945	21409.830078
1921.185547	21702.628906
1920.202148	21654.351563
1919.218750	21672.789063
1918.235352	21982.675781
1917.250977	21786.199219
1916.266602	21737.935547
1915.282227	21423.072266
1914.297852	21597.029297
1913.313477	21316.849609
1912.328125	21678.283203
1911.343750	21375.982422
1910.358398	21485.693359
1909.373047	21777.853516
1908.387695	21707.462891
1907.401367	21563.138672
1906.416016	21620.976563
1905.429688	21683.720703
1904.443359	21650.351563
1903.457031	21466.718750
1902.470703	21684.626953
1901.483398	21675.898438
1900.497070	21610.541016
1899.509766	21577.208984
1898.522461	21570.960938
1897.535156	21690.220703
1896.546875	21511.722656
1895.559570	21574.367188
1894.571289	21582.878906
1893.583008	21547.123047
1892.594727	21617.101563
1891.606445	21497.767578
1890.618164	21496.453125
1889.628906	21590.976563
1888.639648	21894.310547
1887.650391	21278.783203
1886.661133	21889.080078
1885.671875	21408.830078
1884.682617	21243.023438
1883.692383	21497.052734
1882.702148	21299.378906
1881.711914	21344.718750
1880.721680	21264.910156
1879.731445	21688.017578
1878.740234	21340.832031
1877.749023	21462.148438
1876.757813	21659.427734
1875.766602	21878.701172
1874.775391	21757.210938
1873.784180	21616.158203
1872.791992	21475.154297
1871.799805	21456.683594
1870.807617	21563.128906
1869.815430	21490.773438
1868.823242	21445.375000
1867.830078	21228.634766
1866.837891	21366.859375
1865.844727	21409.599609
1864.851563	21574.656250
1863.858398	21521.939453
1862.864258	21361.625000
1861.871094	21282.062500
1860.876953	21361.449219
1859.882813	21284.359375
1858.888672	21522.582031
1857.894531	21596.994141
1856.899414	21502.796875
1855.905273	21613.828125
1854.910156	21426.849609
1853.915039	21354.707031
1852.919922	21399.781250
1851.923828	20829.689453
1850.928711	21272.664063
1849.932617	21200.595703
1848.936523	21245.662109
1847.940430	21285.832031
1846.944336	21347.939453
1845.947266	21522.193359
1844.951172	21081.992188
1843.954102	21334.236328
1842.957031	21374.351563
1841.959961	21431.509766
1840.962891	20913.667969
1839.964844	21587.175781
1838.966797	21271.632813
1837.969727	21535.746094
1836.970703	21451.611328
1835.972656	21184.941406
1834.974609	21648.498047
1833.975586	21561.953125
1832.976563	21341.626953
1831.978516	21320.841797
1830.978516	21370.593750
1829.979492	21597.835938
1828.980469	21304.718750
1827.980469	21507.583984
1826.980469	21564.556641
1825.980469	21222.998047
1824.980469	21352.882813
1823.979492	21497.294922
1822.979492	21583.369141
1821.978516	21659.697266
1820.977539	21413.103516
1819.976563	21525.845703
1818.975586	21366.728516
1817.973633	21426.052734
1816.972656	21441.687500
1815.970703	21530.083984
1814.968750	21543.265625
1813.966797	21740.728516
1812.963867	21266.568359
1811.961914	21677.314453
1810.958984	21477.189453
1809.956055	21337.710938
1808.953125	21833.019531
1807.950195	21710.480469
1806.946289	21648.529297
1805.943359	21358.990234
1804.939453	21546.480469
1803.935547	21450.701172
1802.930664	21594.544922
1801.926758	21876.259766
1800.922852	21424.841797
1799.917969	21747.603516
1798.913086	21349.570313
1797.908203	21457.031250
1796.903320	21467.751953
1795.897461	21807.195313
1794.891602	21800.931641
1793.886719	21635.197266
1792.880859	21575.816406
1791.874023	21888.427734
1790.868164	21860.416016
1789.862305	21805.853516
1788.855469	21806.833984
1787.848633	21928.500000
1786.841797	21775.005859
1785.833984	21640.869141
1784.827148	21434.406250
1783.819336	21580.167969
1782.812500	21790.988281
1781.804688	21618.361328
1780.795898	21867.671875
1779.788086	21663.757813
1778.779297	21544.257813
1777.771484	21699.478516
1776.762695	21770.326172
1775.753906	21831.515625
1774.744141	21526.638672
1773.735352	22233.123047
1772.725586	21791.064453
1771.715820	21503.201172
1770.706055	21867.593750
1769.696289	21772.302734
1768.686523	22189.439453
1767.675781	21521.687500
1766.666016	21729.503906
1765.655273	22067.083984
1764.644531	21918.949219
1763.632813	21917.480469
1762.622070	22158.720703
1761.610352	22289.353516
1760.598633	22129.271484
1759.586914	22029.289063
1758.575195	21972.564453
1757.563477	22242.390625
1756.550781	22161.642578
1755.538086	21972.917969
1754.525391	22127.412109
1753.512695	22339.433594
1752.500000	22270.714844
1751.486328	22237.998047
1750.473633	22212.484375
1749.459961	22091.076172
1748.446289	22171.070313
1747.432617	22370.871094
1746.417969	22407.650391
1745.404297	22255.144531
1744.389648	22385.353516
1743.375000	22486.775391
1742.360352	22607.316406
1741.344727	22505.156250
1740.330078	22668.738281
1739.314453	22616.861328
1738.298828	22655.933594
1737.283203	22704.558594
1736.267578	22547.451172
1735.251953	23143.759766
1734.235352	23008.148438
1733.218750	22901.273438
1732.202148	22619.939453
1731.185547	23211.029297
1730.168945	23223.648438
1729.151367	23045.134766
1728.133789	23098.382813
1727.117188	23142.058594
1726.098633	23180.943359
1725.081055	23238.912109
1724.063477	23327.890625
1723.044922	23514.683594
1722.026367	23431.777344
1721.007813	23534.986328
1719.989258	23511.736328
1718.970703	23877.226563
1717.951172	24042.292969
1716.931641	23530.240234
1715.912109	24105.285156
1714.892578	23917.511719
1713.873047	24142.019531
1712.853516	24213.976563
1711.833008	24200.160156
1710.812500	24436.402344
1709.791992	24241.587891
1708.771484	24251.576172
1707.750000	24413.894531
1706.729492	24454.785156
1705.708008	24519.453125
1704.686523	24512.728516
1703.665039	24506.005859
1702.642578	24501.664063
1701.621094	24654.248047
1700.598633	24816.287109
1699.576172	24845.164063
1698.553711	24885.912109
1697.531250	25173.748047
1696.507813	24820.074219
1695.485352	25224.201172
1694.461914	25029.750000
1693.438477	25281.738281
1692.415039	25111.082031
1691.390625	25327.361328
1690.367188	25348.974609
1689.342773	25489.208984
1688.318359	25596.181641
1687.293945	25888.115234
1686.269531	25814.753906
1685.244141	25864.707031
1684.218750	25900.417969
1683.194336	26000.107422
1682.168945	25986.015625
1681.142578	26225.439453
1680.117188	26265.792969
1679.090820	26381.923828
1678.064453	26533.529297
1677.038086	26516.982422
1676.011719	26434.160156
1674.985352	26711.111328
1673.958008	26424.777344
1672.931641	26812.828125
1671.904297	26677.966797
1670.876953	26945.212891
1669.848633	27127.236328
1668.821289	27124.783203
1667.792969	26980.503906
1666.764648	27304.222656
1665.736328	27221.396484
1664.708008	27504.794922
1663.679688	26987.328125
1662.650391	27523.365234
1661.621094	27414.580078
1660.591797	27402.628906
1659.562500	27308.064453
1658.533203	27416.494141
1657.502930	27503.648438
1656.472656	27456.296875
1655.442383	27668.425781
1654.412109	27717.751953
1653.381836	27979.275391
1652.351563	27700.830078
1651.320313	27462.554688
1650.289063	27910.158203
1649.257813	27744.970703
1648.226563	27879.035156
1647.194336	27935.320313
1646.163086	27756.083984
1645.130859	27857.107422
1644.098633	28056.966797
1643.066406	27891.923828
1642.033203	27974.039063
1641.000977	27999.652344
1639.967773	27865.287109
1638.934570	28072.019531
1637.901367	28045.861328
1636.868164	28073.791016
1635.833984	28047.642578
1634.800781	28167.224609
1633.766602	28138.714844
1632.732422	28215.945313
1631.697266	28295.494141
1630.663086	28497.148438
1629.627930	28513.214844
1628.593750	28282.744141
1627.558594	28237.804688
1626.522461	28235.126953
1625.487305	28152.664063
1624.451172	28147.654297
1623.416016	28255.242188
1622.379883	28437.845703
1621.343750	28221.736328
1620.306641	28275.328125
1619.270508	28453.136719
1618.233398	28930.878906
1617.196289	28766.382813
1616.159180	28990.865234
1615.122070	29226.978516
1614.083984	29235.826172
1613.046875	29474.150391
1612.008789	29560.208984
1610.970703	29896.703125
1609.932617	29636.277344
1608.893555	29532.720703
1607.855469	29829.261719
1606.816406	29358.460938
1605.777344	29156.779297
1604.738281	28817.208984
1603.698242	28634.396484
1602.659180	28697.082031
1601.619141	28156.783203
1600.579102	27967.173828
1599.539063	28265.898438
1598.499023	27943.193359
1597.458008	27893.839844
1596.417969	27622.683594
1595.376953	27697.134766
1594.335938	27678.193359
1593.294922	27614.917969
1592.252930	27220.333984
1591.210938	27175.822266
1590.169922	26790.783203
1589.127930	26844.308594
1588.084961	27149.630859
1587.042969	27219.390625
1586.000000	27125.966797
1584.958008	26696.998047
1583.915039	26734.175781
1582.872070	26636.226563
1581.828125	26726.970703
1580.785156	26833.982422
1579.741211	26859.464844
1578.697266	27120.054688
1577.653320	27252.537109
1576.609375	27587.427734
1575.564453	27328.902344
1574.520508	27582.238281
1573.475586	27423.812500
1572.430664	27570.070313
1571.384766	27137.351563
1570.339844	27237.115234
1569.293945	27174.150391
1568.249023	26644.132813
1567.202148	26853.125000
1566.156250	26834.394531
1565.110352	26817.990234
1564.063477	26717.998047
1563.017578	26887.353516
1561.970703	26227.957031
1560.922852	26583.005859
1559.875977	26213.951172
1558.829102	26612.955078
1557.781250	26582.687500
1556.733398	26086.271484
1555.685547	26475.804688
1554.636719	26301.835938
1553.588867	25833.546875
1552.540039	25703.787109
1551.491211	25439.677734
1550.442383	25548.652344
1549.393555	25666.851563
1548.344727	25382.042969
1547.294922	25159.855469
1546.245117	25650.781250
1545.195313	25461.025391
1544.145508	25856.837891
1543.094727	25500.517578
1542.044922	25812.894531
1540.994141	25741.205078
1539.943359	25445.220703
1538.892578	25967.843750
1537.840820	25787.509766
1536.790039	25771.343750
1535.738281	26014.003906
1534.686523	26115.636719
1533.634766	25824.515625
1532.583008	25898.427734
1531.530273	25898.416016
1530.477539	25644.427734
1529.424805	25413.615234
1528.372070	25870.675781
1527.319336	25473.753906
1526.265625	25409.208984
1525.212891	25090.941406
1524.159180	25319.396484
1523.105469	24971.279297
1522.051758	25231.951172
1520.997070	24994.617188
1519.942383	24971.707031
1518.888672	24877.371094
1517.833984	24684.000000
1516.778320	24704.919922
1515.723633	24426.433594
1514.667969	24622.392578
1513.612305	24489.060547
1512.556641	24565.240234
1511.500977	24636.791016
1510.445313	24326.345703
1509.388672	24108.035156
1508.332031	24198.027344
1507.275391	24094.802734
1506.218750	24267.541016
1505.162109	24270.091797
1504.104492	24461.123047
1503.047852	24151.089844
1501.990234	23988.222656
1500.931641	23993.115234
1499.874023	23961.255859
1498.816406	23993.707031
1497.757813	24131.765625
1496.699219	24049.390625
1495.640625	23863.755859
1494.582031	24054.542969
1493.522461	23591.347656
1492.462891	23688.056641
1491.403320	23608.123047
1490.343750	23817.160156
1489.284180	24177.445313
1488.224609	23506.031250
1487.164063	23449.101563
1486.103516	23719.886719
1485.042969	23541.507813
1483.982422	23674.730469
1482.920898	23725.455078
1481.860352	23563.197266
1480.798828	23522.341797
1479.737305	23495.232422
1478.675781	23232.398438
1477.613281	23534.861328
1476.550781	23402.519531
1475.489258	23560.732422
1474.426758	23414.710938
1473.363281	23467.675781
1472.300781	23449.750000
1471.237305	23079.814453
1470.174805	23361.349609
1469.111328	23407.427734
1468.046875	23316.414063
1466.983398	23150.054688
1465.919922	23118.496094
1464.855469	23363.232422
1463.791016	23114.765625
1462.726563	22939.427734
1461.661133	23015.185547
1460.596680	23241.507813
1459.531250	23123.271484
1458.465820	23055.255859
1457.400391	23000.945313
1456.334961	23208.863281
1455.268555	23038.281250
1454.202148	22924.742188
1453.135742	22713.250000
1452.069336	23228.656250
1451.002930	22796.214844
1449.935547	23211.203125
1448.869141	22992.976563
1447.801758	23139.117188
1446.734375	23121.302734
1445.666016	23105.769531
1444.598633	23606.796875
1443.530273	23322.710938
1442.461914	23407.236328
1441.393555	23641.837891
1440.325195	23537.537109
1439.256836	23617.427734
1438.187500	23608.638672
1437.118164	23702.123047
1436.048828	23686.501953
1434.979492	23952.599609
1433.909180	23973.281250
1432.839844	23757.761719
1431.769531	23530.966797
1430.699219	23855.923828
1429.627930	23996.906250
1428.557617	24044.789063
1427.486328	23582.121094
1426.416016	24038.414063
1425.343750	23859.437500
1424.272461	23936.789063
1423.201172	24095.738281
1422.128906	23948.583984
1421.056641	24349.996094
1419.984375	24284.429688
1418.912109	24078.408203
1417.839844	24264.367188
1416.766602	23931.583984
1415.693359	24140.146484
1414.620117	23827.878906
1413.546875	23984.318359
1412.473633	23774.039063
1411.399414	23810.494141
1410.325195	23616.158203
1409.250977	23657.150391
1408.176758	23691.341797
1407.102539	23768.484375
1406.027344	23657.943359
1404.952148	23938.505859
1403.876953	23940.978516
1402.801758	24060.949219
1401.726563	24104.062500
1400.650391	24341.419922
1399.574219	24239.923828
1398.498047	24310.074219
1397.421875	24104.767578
1396.345703	24005.623047
1395.268555	23861.376953
1394.191406	23572.771484
1393.114258	23758.031250
1392.037109	23564.281250
1390.959961	23817.128906
1389.881836	23670.787109
1388.804688	24097.109375
1387.726563	23763.687500
1386.647461	23667.009766
1385.569336	23973.681641
1384.491211	23541.337891
1383.412109	23929.005859
1382.333008	24057.558594
1381.253906	24150.039063
1380.173828	24251.488281
1379.094727	24098.570313
1378.014648	24517.287109
1376.934570	24276.625000
1375.854492	24076.541016
1374.773438	23734.835938
1373.693359	24189.291016
1372.612305	23834.195313
1371.531250	23809.666016
1370.450195	23389.587891
1369.369141	23619.066406
1368.287109	23178.953125
1367.205078	23349.980469
1366.123047	23345.769531
1365.041016	23260.722656
1363.958984	23103.861328
1362.875977	23045.822266
1361.793945	23034.931641
1360.710938	22896.146484
1359.626953	23071.490234
1358.543945	22708.441406
1357.460938	22818.718750
1356.376953	22771.998047
1355.292969	22561.642578
1354.208984	22810.849609
1353.124023	22622.968750
1352.040039	22403.789063
1350.955078	22744.734375
1349.870117	22449.455078
1348.785156	22559.611328
1347.700195	22477.173828
1346.614258	22446.253906
1345.528320	22448.914063
1344.442383	22415.769531
1343.356445	22436.333984
1342.270508	22405.437500
1341.183594	22546.767578
1340.096680	22679.101563
1339.009766	22534.152344
1337.922852	22677.615234
1336.835938	22604.236328
1335.748047	23060.466797
1334.661133	22850.761719
1333.573242	23056.603516
1332.484375	22998.837891
1331.396484	22860.707031
1330.307617	23061.966797
1329.219727	23015.388672
1328.130859	23058.095703
1327.041992	22955.750000
1325.952148	22775.359375
1324.863281	22757.859375
1323.773438	22691.302734
1322.683594	23008.277344
1321.593750	22783.417969
1320.502930	22901.888672
1319.413086	22873.234375
1318.322266	22548.253906
1317.231445	22878.328125
1316.140625	22736.099609
1315.048828	22571.652344
1313.958008	22669.988281
1312.866211	22628.044922
1311.774414	22583.890625
1310.682617	22504.146484
1309.589844	22310.960938
1308.498047	22551.615234
1307.405273	22685.427734
1306.312500	22801.400391
1305.218750	23221.917969
1304.125977	22784.257813
1303.032227	23089.056641
1301.939453	23362.634766
1300.845703	23458.380859
1299.750977	23645.162109
1298.657227	24340.447266
1297.562500	24442.623047
1296.467773	24418.216797
1295.373047	25004.220703
1294.278320	24795.523438
1293.183594	24695.625000
1292.087891	24223.064453
1290.992188	24544.728516
1289.896484	24090.105469
1288.800781	24196.603516
1287.704102	23711.169922
1286.608398	24030.474609
1285.511719	23434.443359
1284.415039	23339.357422
1283.317383	22885.439453
1282.220703	22910.085938
1281.123047	22886.005859
1280.025391	22751.232422
1278.927734	22488.117188
1277.830078	22291.492188
1276.731445	22318.433594
1275.633789	22208.193359
1274.535156	22219.652344
1273.436523	22191.296875
1272.336914	22131.994141
1271.238281	22013.021484
1270.138672	21642.103516
1269.039063	21700.058594
1267.939453	21813.234375
1266.839844	21846.835938
1265.739258	21610.951172
1264.638672	21646.783203
1263.538086	21724.554688
1262.437500	21720.613281
1261.336914	21776.269531
1260.235352	21648.738281
1259.134766	21532.285156
1258.033203	21515.144531
1256.930664	21595.054688
1255.829102	21536.005859
1254.726563	21390.992188
1253.625000	21462.060547
1252.522461	21376.619141
1251.418945	21533.603516
1250.316406	21320.390625
1249.212891	21325.332031
1248.110352	21495.453125
1247.006836	21150.240234
1245.902344	21025.314453
1244.798828	20942.253906
1243.694336	21118.917969
1242.589844	21077.677734
1241.485352	21018.851563
1240.380859	21140.412109
1239.276367	20978.230469
1238.170898	21049.181641
1237.065430	21058.548828
1235.959961	21191.001953
1234.854492	20945.416016
1233.748047	20987.753906
1232.642578	21128.931641
1231.536133	21276.644531
1230.429688	21468.226563
1229.322266	21336.980469
1228.215820	21383.593750
1227.108398	21478.474609
1226.000977	21281.464844
1224.893555	21378.521484
1223.786133	21640.064453
1222.677734	21783.078125
1221.569336	21978.666016
1220.460938	22097.447266
1219.352539	22222.761719
1218.244141	21971.068359
1217.134766	21907.910156
1216.025391	21779.050781
1214.916016	21623.951172
1213.806641	21363.785156
1212.697266	21543.830078
1211.586914	21358.207031
1210.476563	21220.802734
1209.366211	21416.091797
1208.255859	21346.556641
1207.145508	21123.910156
1206.034180	21211.931641
1204.922852	21052.806641
1203.811523	20852.197266
1202.700195	20791.566406
1201.587891	21030.390625
1200.476563	21011.267578
1199.364258	20668.791016
1198.251953	21093.185547
1197.138672	20772.658203
1196.026367	20493.734375
1194.913086	20972.507813
1193.799805	20746.039063
1192.686523	20991.064453
1191.573242	20664.296875
1190.458984	20588.539063
1189.344727	20879.263672
1188.230469	20810.037109
1187.116211	20723.388672
1186.001953	20529.947266
1184.886719	20639.552734
1183.772461	20457.091797
1182.657227	20259.445313
1181.541016	20501.925781
1180.425781	20792.236328
1179.309570	20296.287109
1178.193359	20272.994141
1177.077148	20537.062500
1175.960938	20363.552734
1174.844727	20007.310547
1173.727539	20206.007813
1172.610352	20363.300781
1171.493164	20244.318359
1170.375977	20442.861328
1169.257813	20230.417969
1168.139648	20091.958984
1167.022461	20205.658203
1165.903320	20186.763672
1164.785156	20026.660156
1163.666992	20153.339844
1162.547852	19947.691406
1161.428711	20015.708984
1160.309570	19855.750000
1159.189453	20164.693359
1158.070313	19930.976563
1156.950195	19983.755859
1155.830078	19943.232422
1154.709961	19993.820313
1153.588867	20009.691406
1152.468750	19882.453125
1151.347656	19709.738281
1150.226563	20039.923828
1149.104492	19730.718750
1147.983398	19900.449219
1146.861328	19465.738281
1145.739258	19817.382813
1144.617188	19917.708984
1143.495117	19927.064453
1142.372070	19864.982422
1141.250000	19915.462891
1140.126953	19771.177734
1139.003906	19568.529297
1137.879883	19958.636719
1136.756836	19719.261719
1135.632813	19931.888672
1134.508789	19982.296875
1133.384766	19710.623047
1132.259766	19853.978516
1131.135742	19722.873047
1130.010742	19956.904297
1128.885742	19707.029297
1127.759766	19813.566406
1126.634766	19872.562500
1125.508789	19931.535156
1124.382813	19753.070313
1123.256836	19894.042969
1122.130859	19655.236328
1121.003906	19886.775391
1119.877930	19462.574219
1118.750977	19797.566406
1117.624023	19727.113281
1116.496094	19492.861328
1115.369141	19799.644531
1114.241211	19735.693359
1113.113281	19803.179688
1111.985352	19806.023438
1110.856445	19686.107422
1109.728516	19899.982422
1108.599609	19995.375000
1107.470703	19886.250000
1106.340820	19701.843750
1105.211914	19668.117188
1104.082031	19776.386719
1102.952148	19867.406250
1101.822266	20001.402344
1100.692383	19935.392578
1099.561523	19856.507813
1098.431641	20042.011719
1097.300781	19746.097656
1096.169922	19783.306641
1095.038086	19809.759766
1093.907227	19668.683594
1092.775391	20034.421875
1091.643555	19721.599609
1090.511719	19488.312500
1089.378906	19765.888672
1088.246094	19528.386719
1087.114258	19554.847656
1085.980469	19596.312500
1084.847656	19425.449219
1083.714844	19559.119141
1082.581055	19838.517578
1081.447266	19511.234375
1080.313477	19659.814453
1079.179688	19471.951172
1078.044922	19472.669922
1076.910156	19511.939453
1075.775391	19454.832031
1074.640625	19496.230469
1073.505859	19349.236328
1072.370117	19544.734375
1071.234375	19802.216797
1070.098633	19407.068359
1068.962891	19339.339844
1067.826172	19551.802734
1066.690430	19663.689453
1065.553711	19593.810547
1064.416992	19823.208984
1063.279297	19943.527344
1062.142578	19670.646484
1061.004883	19587.996094
1059.867188	19283.240234
1058.729492	19435.599609
1057.590820	19479.009766
1056.453125	19483.978516
1055.314453	19557.244141
1054.175781	19449.093750
1053.037109	19381.519531
1051.897461	19465.425781
1050.757813	19400.005859
1049.618164	19383.654297
1048.478516	19241.517578
1047.338867	19495.916016
1046.199219	19468.896484
1045.058594	19358.781250
1043.917969	19510.753906
1042.777344	19462.443359
1041.635742	19171.367188
1040.495117	19478.724609
1039.353516	19319.740234
1038.211914	19345.994141
1037.069336	19544.615234
1035.927734	19160.166016
1034.785156	19426.820313
1033.642578	19280.750000
1032.500000	19513.257813
1031.357422	19418.251953
1030.213867	19176.599609
1029.071289	19426.000000
1027.927734	19288.558594
1026.783203	19499.603516
1025.639648	19553.375000
1024.495117	19664.470703
1023.351563	19123.632813
1022.207031	19572.328125
1021.061523	19059.296875
1019.916992	19200.109375
1018.771484	19349.357422
1017.625977	19197.298828
1016.480469	19308.312500
1015.334961	19289.919922
1014.188477	19422.076172
1013.041992	19602.939453
1011.895508	19349.232422
1010.749023	19415.609375
1009.602539	19198.046875
1008.455078	19535.576172
1007.307617	19417.613281
1006.160156	19670.273438
1005.012695	19459.171875
1003.864258	19548.734375
1002.716797	19775.830078
1001.568359	19566.939453
1000.419922	20090.136719
999.270508	20287.390625
998.122070	20095.437500
996.972656	20117.115234
995.823242	20206.435547
994.673828	20314.746094
993.523438	20027.826172
992.373047	19967.093750
991.222656	19821.880859
990.072266	19934.402344
988.921875	19791.359375
987.771484	20123.423828
986.620117	20100.722656
985.468750	19883.855469
984.317383	19918.179688
983.165039	19922.953125
982.013672	19910.847656
980.861328	19858.675781
979.708984	19844.476563
978.555664	20068.515625
977.403320	19843.496094
976.250000	20063.236328
975.096680	19920.474609
973.943359	19946.298828
972.790039	19731.996094
971.635742	19789.433594
970.481445	19884.750000
969.327148	19603.207031
968.172852	19913.207031
967.018555	20126.291016
965.863281	19916.392578
964.708008	19767.574219
963.552734	19904.847656
962.397461	20029.453125
961.241211	19882.796875
960.084961	20133.482422
958.929688	20079.332031
957.772461	20208.013672
956.616211	19897.558594
955.458984	20238.375000
954.301758	19909.125000
953.144531	20445.087891
951.987305	19731.740234
950.830078	20007.263672
949.671875	19955.308594
948.513672	20113.189453
947.355469	19805.300781
946.196289	19854.083984
945.038086	19898.654297
943.878906	19968.367188
942.719727	19899.701172
941.560547	20162.205078
940.400391	20145.912109
939.241211	19834.218750
938.081055	20044.218750
936.919922	19990.257813
935.759766	20208.527344
934.599609	20066.625000
933.438477	20098.505859
932.277344	20006.900391
931.116211	20262.664063
929.954102	20024.621094
928.791992	20102.498047
927.630859	20171.980469
926.467773	20120.167969
925.305664	20080.916016
924.143555	19983.156250
922.980469	20462.183594
921.817383	20262.011719
920.654297	20623.830078
919.490234	20285.857422
918.327148	20267.494141
917.163086	20370.226563
915.999023	20429.085938
914.833984	20135.222656
913.669922	20665.671875
912.504883	20434.457031
911.339844	20532.888672
910.174805	20556.205078
909.008789	20740.062500
907.843750	20271.349609
906.677734	20632.353516
905.511719	20434.738281
904.345703	20555.972656
903.178711	20789.650391
902.011719	20846.208984
900.844727	20548.742188
899.677734	20624.058594
898.510742	20724.326172
897.342773	20345.878906
896.174805	20924.746094
895.006836	20716.994141
893.838867	20332.515625
892.670898	20461.853516
891.501953	20464.308594
890.333008	20726.623047
889.164063	20571.056641
887.994141	21036.910156
886.825195	20808.623047
885.655273	21097.681641
884.485352	20867.386719
883.315430	20765.927734
882.144531	20897.039063
880.973633	20870.337891
879.803711	21302.318359
878.631836	21036.919922
877.460938	21300.660156
876.289063	21269.751953
875.118164	21267.888672
873.945313	21388.363281
872.773438	21015.386719
871.601563	21090.259766
870.428711	21521.552734
869.255859	21163.259766
868.083008	21337.498047
866.910156	21588.306641
865.736328	21323.384766
864.562500	21545.115234
863.388672	21785.392578
862.214844	21706.849609
861.040039	21806.294922
859.866211	21866.390625
858.691406	21932.669922
857.516602	21705.248047
856.340820	21918.341797
855.166016	21575.230469
853.990234	21885.416016
852.814453	21906.160156
851.637695	22013.677734
850.461914	21926.962891
849.285156	21850.607422
848.108398	21850.689453
846.931641	21683.527344
845.754883	22102.693359
844.577148	22061.445313
843.399414	22061.482422
842.221680	22172.929688
841.043945	22156.441406
839.865234	22292.576172
838.687500	22356.490234
837.508789	22682.207031
836.329102	22465.689453
835.150391	22622.271484
833.970703	22502.687500
832.791992	22869.333984
831.611328	22465.503906
830.431641	22360.427734
829.251953	22339.806641
828.071289	22228.615234
826.890625	21919.876953
825.709961	21996.064453
824.528320	22047.533203
823.347656	22066.068359
822.166016	22261.470703
820.984375	22302.578125
819.801758	22006.498047
818.620117	22308.687500
817.437500	21946.949219
816.254883	22189.447266
815.072266	22240.794922
813.888672	22310.609375
812.706055	22267.449219
811.522461	22347.496094
810.338867	22140.113281
809.154297	22612.175781
807.970703	22248.859375
806.786133	21934.916016
805.601563	22347.263672
804.416992	22261.074219
803.231445	22076.486328
802.045898	22545.980469
800.861328	22480.296875
799.674805	22465.871094
798.489258	22113.357422
797.302734	22199.390625
796.117188	21982.242188
794.930664	22271.007813
793.743164	21877.837891
792.556641	22137.851563
791.369141	21965.902344
790.181641	22010.931641
788.994141	21832.927734
787.805664	21945.468750
786.618164	22035.470703
785.429688	22053.865234
784.241211	22025.230469
783.052734	21927.105469
781.863281	22235.716797
780.673828	21910.775391
779.484375	22002.718750
778.294922	21972.072266
777.105469	21804.607422
775.915039	21927.144531
774.724609	21725.044922
773.534180	21945.519531
772.343750	21965.923828
771.152344	21884.304688
769.960938	21898.589844
768.769531	21804.775391
767.578125	22071.923828
766.385742	21576.468750
765.194336	22020.902344
764.001953	21898.595703
762.808594	21961.761719
761.616211	22071.759766
760.422852	22195.972656
759.230469	22157.218750
758.037109	22199.923828
756.842773	22138.789063
755.649414	22128.558594
754.455078	22541.611328
753.260742	22287.154297
752.066406	22156.878906
750.871094	22301.222656
749.676758	22242.164063
748.481445	22170.927734
747.286133	22093.619141
746.089844	21892.365234
744.894531	22063.033203
743.698242	21626.195313
742.501953	22231.525391
741.304688	21847.617188
740.108398	22361.308594
738.911133	22152.103516
737.713867	21863.816406
736.516602	21930.765625
735.319336	22028.123047
734.121094	21813.046875
732.922852	21869.824219
731.724609	21965.107422
730.526367	21776.515625
729.327148	21993.402344
728.127930	21928.500000
726.928711	21851.462891
725.729492	21960.837891
724.530273	21871.667969
723.330078	21912.140625
722.129883	21869.582031
720.929688	22065.916016
719.728516	22146.806641
718.528320	21891.742188
717.327148	21885.632813
716.125977	21948.304688
714.923828	21565.998047
713.722656	22069.527344
712.520508	22465.714844
711.318359	22041.074219
710.116211	22184.492188
708.913086	21992.431641
707.710938	22028.730469
706.507813	22267.000000
705.304688	22161.867188
704.100586	22222.339844
702.897461	22432.175781
701.693359	22553.123047
700.489258	22290.609375
699.284180	22468.029297
698.080078	22417.435547
696.875000	22566.527344
695.669922	22798.238281
694.464844	22858.494141
693.258789	22779.640625
692.053711	22801.583984
690.847656	23236.583984
689.641602	23328.941406
688.434570	23366.878906
687.228516	23175.224609
686.021484	23327.943359
684.814453	23488.654297
683.607422	23206.509766
682.399414	22980.814453
681.191406	23048.947266
679.983398	23030.556641
678.775391	23148.931641
677.567383	22969.660156
676.358398	22874.894531
675.149414	23125.894531
673.940430	22864.328125
672.730469	22932.386719
671.521484	22970.283203
670.311523	23010.173828
669.101563	23080.171875
667.890625	23047.744141
666.680664	23083.580078
665.469727	22846.441406
664.258789	23038.820313
663.047852	23094.697266
661.835938	22721.281250
660.625000	22672.906250
659.413086	22648.609375
658.201172	22758.644531
656.988281	22644.138672
655.776367	22736.093750
654.563477	22445.310547
653.350586	22849.783203
652.136719	22807.447266
650.923828	22634.960938
649.709961	22929.046875
648.496094	22758.601563
647.282227	22882.429688
646.067383	22726.062500
644.852539	22713.802734
643.637695	22735.550781
642.422852	23017.281250
641.208008	22861.001953
639.992188	23062.634766
638.776367	22858.431641
637.560547	23257.832031
636.344727	23063.656250
635.127930	23177.197266
633.911133	23086.968750
632.694336	23216.435547
631.477539	23062.339844
630.259766	23135.867188
629.042969	22953.902344
627.825195	22983.519531
626.606445	22913.373047
625.388672	23092.587891
624.169922	23024.437500
622.951172	23063.986328
621.732422	22904.162109
620.513672	22875.947266
619.293945	22971.296875
618.074219	23212.058594
616.854492	23004.511719
615.634766	23201.357422
614.414063	23095.445313
613.193359	22983.599609
611.972656	22993.220703
610.751953	23339.181641
609.530273	23408.423828
608.309570	23133.462891
607.087891	23186.804688
605.866211	23307.740234
604.643555	23271.550781
603.420898	23414.291016
602.198242	23372.130859
600.975586	23481.013672
599.752930	23613.697266
598.529297	23704.613281
597.305664	23712.078125
596.082031	23787.052734
594.858398	23611.843750
593.633789	23837.666016
592.410156	23821.281250
591.185547	23822.757813
589.959961	23889.701172
588.735352	24208.521484
587.509766	24067.136719
586.284180	24429.421875
585.058594	24171.085938
583.832031	24327.085938
582.606445	24730.728516
581.379883	24636.923828
580.153320	24675.871094
578.925781	25176.263672
577.699219	24777.482422
576.471680	24974.759766
575.244141	25217.488281
574.015625	25545.220703
572.788086	25758.068359
571.559570	25339.763672
570.331055	25307.306641
569.101563	25502.277344
567.873047	25196.953125
566.643555	25067.673828
565.414063	25076.792969
564.184570	24915.966797
562.954102	24986.355469
561.724609	24608.320313
560.494141	24757.734375
559.263672	24547.720703
558.032227	24215.386719
556.800781	24335.179688
555.570313	24431.244141
554.337891	24055.707031
553.106445	23991.998047
551.874023	24050.595703
550.642578	24225.515625
549.409180	23848.324219
548.176758	23962.105469
546.944336	24085.697266
545.710938	24079.191406
544.477539	24121.939453
543.243164	23849.511719
542.009766	23780.031250
540.775391	23962.605469
539.541016	24215.980469
538.306641	24187.798828
537.071289	23988.421875
535.836914	24277.058594
534.601563	24193.798828
533.366211	24299.378906
532.129883	23746.175781
530.894531	24158.496094
529.658203	24055.660156
528.421875	24064.882813
527.184570	24349.187500
525.948242	23985.085938
524.710938	24212.335938
523.473633	24201.880859
522.235352	24344.574219
520.998047	24298.759766
519.759766	24417.826172
518.521484	24432.843750
517.283203	24375.263672
516.043945	24621.748047
514.804688	24693.589844
513.565430	24651.675781
512.326172	24937.173828
511.085938	24748.220703
509.846680	24647.523438
508.606445	24813.335938
507.366211	24841.957031
506.125000	24457.296875
504.883789	24838.455078
503.643555	24649.726563
502.401367	24641.158203
501.160156	24763.720703
499.917969	24817.750000
498.675781	24329.832031
497.433594	24800.554688
496.191406	24527.945313
494.948242	24726.666016
493.705078	24860.794922
492.461914	24959.691406
491.218750	24876.810547
489.975586	24801.773438
488.731445	24566.582031
487.487305	24821.701172
486.242188	25059.148438
484.998047	24945.082031
483.752930	24998.927734
482.507813	24863.447266
481.262695	24948.503906
480.016602	24935.986328
478.771484	25056.105469
477.525391	25224.931641
476.278320	24974.494141
475.032227	25133.521484
473.785156	25259.355469
472.538086	25260.425781
471.291016	25113.423828
470.043945	25311.259766
468.795898	24821.533203
467.547852	25474.986328
466.299805	25565.562500
465.051758	25661.943359
463.802734	25612.328125
462.553711	25527.710938
461.304688	25748.541016
460.055664	25732.000000
458.805664	26053.824219
457.555664	25951.683594
456.305664	25993.425781
455.055664	26019.603516
453.804688	25940.839844
452.553711	26194.318359
451.302734	26020.371094
450.051758	26155.273438
448.799805	26303.712891
447.548828	26308.439453
446.296875	26408.269531
445.043945	26399.388672
443.791992	26446.775391
442.539063	26917.025391
441.286133	26704.406250
440.033203	26627.601563
438.779297	26420.931641
437.526367	26340.330078
436.272461	26457.435547
435.017578	26020.333984
433.763672	26410.603516
432.508789	26200.289063
431.253906	25943.578125
429.999023	26056.767578
428.744141	26133.132813
427.488281	25932.703125
426.232422	26210.306641
424.976563	26009.935547
423.720703	26171.357422
422.463867	26464.224609
421.207031	26103.427734
419.950195	26200.939453
418.693359	26132.187500
417.435547	26146.558594
416.177734	25942.591797
414.919922	26007.095703
413.662109	26071.597656
412.403320	26136.152344
411.144531	26200.705078
409.885742	26265.259766
408.626953	26329.812500
407.367188	26394.416016
406.107422	26262.082031
404.847656	26193.447266
403.587891	26038.056641
402.327148	26409.093750
401.067383	26116.851563
