#Wave		#Intensity
2001.248047	37424.945313
2000.278320	37720.714844
1999.308594	37616.394531
1998.338867	37406.867188
1997.369141	37670.902344
1996.398438	37939.851563
1995.428711	37299.628906
1994.458008	37258.062500
1993.487305	37657.117188
1992.516602	37470.324219
1991.545898	37221.027344
1990.574219	37797.531250
1989.603516	37996.070313
1988.631836	37909.390625
1987.660156	37717.707031
1986.688477	37968.660156
1985.715820	37879.531250
1984.744141	38392.816406
1983.771484	38166.187500
1982.798828	38152.023438
1981.826172	38280.261719
1980.853516	38166.171875
1979.880859	38104.558594
1978.907227	38632.242188
1977.933594	38193.597656
1976.959961	38281.773438
1975.986328	38289.425781
1975.012695	38297.078125
1974.039063	38304.726563
1973.064453	38312.386719
1972.089844	38385.492188
1971.115234	38615.656250
1970.140625	38210.027344
1969.166016	38118.601563
1968.190430	38410.992188
1967.215820	38219.890625
1966.240234	38103.593750
1965.264648	38709.667969
1964.289063	38463.824219
1963.312500	38526.816406
1962.336914	38582.316406
1961.360352	38386.398438
1960.383789	38426.332031
1959.407227	38466.265625
1958.430664	38506.195313
1957.454102	38546.128906
1956.476563	38586.101563
1955.499023	38626.074219
1954.521484	38666.046875
1953.543945	38706.019531
1952.566406	38745.992188
1951.587891	38314.328125
1950.610352	38327.496094
1949.631836	38067.437500
1948.653320	38080.640625
1947.674805	38560.640625
1946.696289	38164.132813
1945.716797	38390.769531
1944.737305	38180.554688
1943.758789	38551.019531
1942.779297	38189.515625
1941.798828	38058.808594
1940.819336	38406.777344
1939.838867	38174.417969
1938.859375	38080.964844
1937.878906	38242.843750
1936.898438	38615.312500
1935.916992	38556.519531
1934.936523	38165.777344
1933.955078	38649.519531
1932.974609	38499.117188
1931.993164	38227.437500
1931.010742	38621.789063
1930.029297	38384.832031
1929.047852	38553.812500
1928.065430	39296.769531
1927.083008	38166.753906
1926.100586	38733.902344
1925.118164	38472.394531
1924.135742	38413.730469
1923.152344	38355.082031
1922.168945	38533.738281
1921.185547	38571.468750
1920.202148	38428.812500
1919.218750	38466.542969
1918.235352	38580.832031
1917.250977	38655.562500
1916.266602	38552.492188
1915.282227	38851.847656
1914.297852	38494.546875
1913.313477	38273.097656
1912.328125	38816.609375
1911.343750	38590.246094
1910.358398	38963.320313
1909.373047	38653.164063
1908.387695	38749.941406
1907.401367	39226.324219
1906.416016	38758.531250
1905.429688	38840.449219
1904.443359	38656.238281
1903.457031	38895.804688
1902.470703	38925.925781
1901.483398	38941.261719
1900.497070	39126.480469
1899.509766	38661.730469
1898.522461	39001.992188
1897.535156	39022.218750
1896.546875	38838.218750
1895.559570	39131.523438
1894.571289	38927.890625
1893.583008	38871.875000
1892.594727	39381.382813
1891.606445	39077.019531
1890.618164	39178.304688
1889.628906	39262.351563
1888.639648	38808.285156
1887.650391	38973.433594
1886.661133	39207.292969
1885.671875	39453.347656
1884.682617	39205.800781
1883.692383	38975.527344
1882.702148	39643.644531
1881.711914	39116.441406
1880.721680	39435.894531
1879.731445	39213.093750
1878.740234	39208.660156
1877.749023	39204.222656
1876.757813	39386.128906
1875.766602	39462.558594
1874.775391	39715.425781
1873.784180	39955.953125
1872.791992	39243.304688
1871.799805	39765.539063
1870.807617	39158.488281
1869.815430	39354.859375
1868.823242	39641.746094
1867.830078	39948.117188
1866.837891	39578.867188
1865.844727	39278.257813
1864.851563	39746.007813
1863.858398	39499.289063
1862.864258	39553.492188
1861.871094	39788.632813
1860.876953	39984.566406
1859.882813	39434.855469
1858.888672	39933.847656
1857.894531	40073.445313
1856.899414	39707.246094
1855.905273	39780.875000
1854.910156	39620.011719
1853.915039	39608.160156
1852.919922	39682.152344
1851.923828	39756.218750
1850.928711	39830.210938
1849.932617	39904.277344
1848.936523	39978.343750
1847.940430	40205.488281
1846.944336	40147.199219
1845.947266	40188.906250
1844.951172	39811.246094
1843.954102	40235.707031
1842.957031	40092.140625
1841.959961	40511.523438
1840.962891	40151.125000
1839.964844	40463.164063
1838.966797	40190.574219
1837.969727	40356.390625
1836.970703	40468.585938
1835.972656	40899.617188
1834.974609	40714.753906
1833.975586	40525.085938
1832.976563	40376.839844
1831.978516	40321.082031
1830.978516	40476.929688
1829.979492	40588.953125
1828.980469	40659.605469
1827.980469	40484.722656
1826.980469	40526.199219
1825.980469	40706.167969
1824.980469	41165.460938
1823.979492	40592.238281
1822.979492	40580.230469
1821.978516	40942.171875
1820.977539	40815.996094
1819.976563	41007.851563
1818.975586	41148.667969
1817.973633	41444.734375
1816.972656	40983.753906
1815.970703	41124.496094
1814.968750	41151.203125
1813.966797	41231.246094
1812.963867	41017.906250
1811.961914	41255.496094
1810.958984	41379.093750
1809.956055	41270.031250
1808.953125	41449.304688
1807.950195	41303.929688
1806.946289	41352.347656
1805.943359	41209.460938
1804.939453	41250.617188
1803.935547	41318.378906
1802.930664	41519.222656
1801.926758	41918.406250
1800.922852	41366.683594
1799.917969	41799.613281
1798.913086	41927.671875
1797.908203	41593.851563
1796.903320	41499.484375
1795.897461	41782.218750
1794.891602	41673.347656
1793.886719	41574.179688
1792.880859	41699.714844
1791.874023	42218.917969
1790.868164	42180.074219
1789.862305	41684.890625
1788.855469	42266.585938
1787.848633	41945.343750
1786.841797	42162.378906
1785.833984	42002.929688
1784.827148	41677.074219
1783.819336	42111.113281
1782.812500	42417.187500
1781.804688	42359.066406
1780.795898	42315.429688
1779.788086	41857.230469
1778.779297	42640.281250
1777.771484	42596.609375
1776.762695	42480.683594
1775.753906	42155.250000
1774.744141	42718.542969
1773.735352	42648.398438
1772.725586	42741.972656
1771.715820	42385.425781
1770.706055	42871.265625
1769.696289	42512.410156
1768.686523	42740.652344
1767.675781	43182.875000
1766.666016	42547.601563
1765.655273	42960.843750
1764.644531	43304.226563
1763.632813	43330.226563
1762.622070	43358.617188
1761.610352	43629.664063
1760.598633	43585.917969
1759.586914	43580.617188
1758.575195	43570.515625
1757.563477	43694.867188
1756.550781	44044.824219
1755.538086	44020.238281
1754.525391	43988.460938
1753.512695	44004.675781
1752.500000	43632.277344
1751.486328	44056.273438
1750.473633	44161.191406
1749.459961	44242.093750
1748.446289	44231.871094
1747.432617	44914.304688
1746.417969	44534.937500
1745.404297	44498.312500
1744.389648	44694.054688
1743.375000	44621.484375
1742.360352	44805.160156
1741.344727	44931.304688
1740.330078	45007.140625
1739.314453	44695.226563
1738.298828	44771.070313
1737.283203	45746.457031
1736.267578	45511.117188
1735.251953	45586.773438
1734.235352	45715.003906
1733.218750	46012.933594
1732.202148	46442.226563
1731.185547	46113.757813
1730.168945	46688.636719
1729.151367	47184.468750
1728.133789	46469.074219
1727.117188	47055.519531
1726.098633	47419.691406
1725.081055	47227.464844
1724.063477	47498.382813
1723.044922	48170.140625
1722.026367	47622.343750
1721.007813	48405.968750
1719.989258	48693.171875
1718.970703	49063.742188
1717.951172	48723.613281
1716.931641	49380.125000
1715.912109	49519.164063
1714.892578	49763.007813
1713.873047	49661.265625
1712.853516	49976.464844
1711.833008	49412.628906
1710.812500	49520.566406
1709.791992	49802.285156
1708.771484	50012.480469
1707.750000	50022.660156
1706.729492	50094.707031
1705.708008	49900.242188
1704.686523	50100.746094
1703.665039	50353.503906
1702.642578	49935.546875
1701.621094	50297.613281
1700.598633	49963.011719
1699.576172	50652.949219
1698.553711	50109.273438
1697.531250	50295.222656
1696.507813	50203.160156
1695.485352	50265.515625
1694.461914	50432.332031
1693.438477	50250.066406
1692.415039	50383.589844
1691.390625	50602.507813
1690.367188	50667.097656
1689.342773	50762.507813
1688.318359	50608.800781
1687.293945	50673.347656
1686.269531	50678.589844
1685.244141	50975.449219
1684.218750	51122.863281
1683.194336	51118.531250
1682.168945	51066.808594
1681.142578	51363.382813
1680.117188	51766.449219
1679.090820	51660.156250
1678.064453	51729.136719
1677.038086	51925.933594
1676.011719	52241.019531
1674.985352	51971.406250
1673.958008	51801.273438
1672.931641	52534.972656
1671.904297	52551.667969
1670.876953	52880.542969
1669.848633	52686.710938
1668.821289	53024.898438
1667.792969	52221.242188
1666.764648	52431.765625
1665.736328	52408.277344
1664.708008	52264.304688
1663.679688	52781.781250
1662.650391	52840.894531
1661.621094	53180.980469
1660.591797	52989.746094
1659.562500	53320.242188
1658.533203	53162.085938
1657.502930	53206.914063
1656.472656	53190.382813
1655.442383	53508.804688
1654.412109	53532.312500
1653.381836	53511.011719
1652.351563	53503.859375
1651.320313	53612.207031
1650.289063	53383.507813
1649.257813	53583.726563
1648.226563	53317.417969
1647.194336	53757.828125
1646.163086	53736.496094
1645.130859	53467.937500
1644.098633	53378.394531
1643.066406	53936.156250
1642.033203	53288.816406
1641.000977	53761.687500
1639.967773	53973.261719
1638.934570	53650.839844
1637.901367	54170.421875
1636.868164	54005.605469
1635.833984	54024.210938
1634.800781	54364.812500
1633.766602	54341.042969
1632.732422	54465.300781
1631.697266	54465.007813
1630.663086	54744.214844
1629.627930	54828.406250
1628.593750	54489.949219
1627.558594	54846.460938
1626.522461	55235.699219
1625.487305	54920.808594
1624.451172	55209.003906
1623.416016	55365.730469
1622.379883	55803.847656
1621.343750	56628.726563
1620.306641	56958.605469
1619.270508	57004.726563
1618.233398	57948.472656
1617.196289	58999.675781
1616.159180	60263.699219
1615.122070	60894.808594
1614.083984	62115.882813
1613.046875	62849.464844
1612.008789	64179.789063
1610.970703	64676.316406
1609.932617	64582.882813
1608.893555	64606.480469
1607.855469	63640.437500
1606.816406	63891.085938
1605.777344	62263.652344
1604.738281	61151.222656
1603.698242	60654.046875
1602.659180	59507.234375
1601.619141	58737.089844
1600.579102	58053.671875
1599.539063	57786.343750
1598.499023	57185.089844
1597.458008	56422.906250
1596.417969	56737.410156
1595.376953	55966.234375
1594.335938	56012.281250
1593.294922	55337.187500
1592.252930	55877.980469
1591.210938	55728.046875
1590.169922	55400.898438
1589.127930	55300.070313
1588.084961	55024.402344
1587.042969	55023.917969
1586.000000	55128.316406
1584.958008	55733.710938
1583.915039	55556.011719
1582.872070	55205.988281
1581.828125	55538.527344
1580.785156	55791.769531
1579.741211	55581.582031
1578.697266	56002.328125
1577.653320	56553.265625
1576.609375	56982.992188
1575.564453	56563.335938
1574.520508	56443.910156
1573.475586	56824.578125
1572.430664	57272.542969
1571.384766	57227.449219
1570.339844	57300.921875
1569.293945	56786.351563
1568.249023	56237.105469
1567.202148	56243.332031
1566.156250	55987.062500
1565.110352	55240.835938
1564.063477	54441.460938
1563.017578	54659.265625
1561.970703	53751.179688
1560.922852	53676.601563
1559.875977	53411.769531
1558.829102	52949.828125
1557.781250	52870.785156
1556.733398	53264.882813
1555.685547	53311.019531
1554.636719	52759.000000
1553.588867	52754.214844
1552.540039	52274.332031
1551.491211	52658.902344
1550.442383	52278.824219
1549.393555	51998.476563
1548.344727	52572.789063
1547.294922	51880.335938
1546.245117	52310.925781
1545.195313	52086.316406
1544.145508	52000.640625
1543.094727	52236.609375
1542.044922	52032.949219
1540.994141	52197.125000
1539.943359	52139.230469
1538.892578	52495.230469
1537.840820	52337.894531
1536.790039	52025.753906
1535.738281	52404.687500
1534.686523	52226.652344
1533.634766	52111.050781
1532.583008	52238.003906
1531.530273	52459.589844
1530.477539	52274.734375
1529.424805	52205.367188
1528.372070	52156.792969
1527.319336	52089.777344
1526.265625	52304.257813
1525.212891	52043.460938
1524.159180	51593.632813
1523.105469	51794.246094
1522.051758	51683.535156
1520.997070	51346.960938
1519.942383	51383.867188
1518.888672	51736.449219
1517.833984	51017.589844
1516.778320	51102.906250
1515.723633	51075.335938
1514.667969	51096.128906
1513.612305	50794.597656
1512.556641	50937.425781
1511.500977	50870.773438
1510.445313	51006.632813
1509.388672	51340.289063
1508.332031	50875.660156
1507.275391	51041.335938
1506.218750	50641.304688
1505.162109	51082.832031
1504.104492	50705.917969
1503.047852	51321.929688
1501.990234	50554.488281
1500.931641	50724.625000
1499.874023	50876.324219
1498.816406	50722.531250
1497.757813	50300.152344
1496.699219	50566.621094
1495.640625	50748.066406
1494.582031	50426.878906
1493.522461	50913.441406
1492.462891	50415.691406
1491.403320	51310.339844
1490.343750	51119.980469
1489.284180	50753.144531
1488.224609	50253.480469
1487.164063	50663.902344
1486.103516	51431.660156
1485.042969	50725.933594
1483.982422	51532.339844
1482.920898	51124.585938
1481.860352	51165.800781
1480.798828	50902.492188
1479.737305	51129.140625
1478.675781	51321.378906
1477.613281	51417.437500
1476.550781	51554.636719
1475.489258	51007.839844
1474.426758	51801.445313
1473.363281	51458.304688
1472.300781	51760.000000
1471.237305	51876.437500
1470.174805	51506.039063
1469.111328	51588.195313
1468.046875	52246.039063
1466.983398	51875.765625
1465.919922	51976.078125
1464.855469	52144.855469
1463.791016	52566.972656
1462.726563	52002.882813
1461.661133	52107.656250
1460.596680	52458.816406
1459.531250	52764.218750
1458.465820	52565.433594
1457.400391	52866.144531
1456.334961	52742.652344
1455.268555	53081.968750
1454.202148	53341.390625
1453.135742	52983.152344
1452.069336	53504.515625
1451.002930	53453.902344
1449.935547	52997.890625
1448.869141	53473.417969
1447.801758	53370.464844
1446.734375	53829.816406
1445.666016	54270.792969
1444.598633	54317.933594
1443.530273	54599.394531
1442.461914	54532.718750
1441.393555	54968.695313
1440.325195	55329.468750
1439.256836	55906.097656
1438.187500	55989.250000
1437.118164	56033.734375
1436.048828	56469.039063
1434.979492	56840.566406
1433.909180	57380.050781
1432.839844	57224.390625
1431.769531	57377.593750
1430.699219	57044.902344
1429.627930	57018.757813
1428.557617	56938.152344
1427.486328	57567.785156
1426.416016	57965.789063
1425.343750	57826.078125
1424.272461	58067.406250
1423.201172	57843.828125
1422.128906	57658.867188
1421.056641	57884.222656
1419.984375	58141.222656
1418.912109	58293.898438
1417.839844	58061.406250
1416.766602	58379.382813
1415.693359	57897.851563
1414.620117	57522.910156
1413.546875	57148.097656
1412.473633	57531.636719
1411.399414	56846.929688
1410.325195	57185.128906
1409.250977	56937.316406
1408.176758	57221.089844
1407.102539	57475.363281
1406.027344	57474.062500
1404.952148	58535.187500
1403.876953	58789.078125
1402.801758	58900.515625
1401.726563	58980.285156
1400.650391	59080.347656
1399.574219	58904.843750
1398.498047	58923.593750
1397.421875	58727.855469
1396.345703	59044.578125
1395.268555	58487.796875
1394.191406	58930.800781
1393.114258	58532.152344
1392.037109	58972.730469
1390.959961	58693.738281
1389.881836	58714.734375
1388.804688	58967.917969
1387.726563	58542.562500
1386.647461	58989.492188
1385.569336	59271.773438
1384.491211	59975.218750
1383.412109	60529.750000
1382.333008	60590.906250
1381.253906	60327.812500
1380.173828	60818.945313
1379.094727	60819.234375
1378.014648	60806.023438
1376.934570	60381.074219
1375.854492	60322.949219
1374.773438	59963.464844
1373.693359	59878.445313
1372.612305	59136.953125
1371.531250	59355.574219
1370.450195	59093.152344
1369.369141	58866.777344
1368.287109	58215.859375
1367.205078	58117.753906
1366.123047	57916.375000
1365.041016	58015.953125
1363.958984	57731.593750
1362.875977	58098.277344
1361.793945	57306.800781
1360.710938	57534.308594
1359.626953	57416.242188
1358.543945	56820.453125
1357.460938	57256.480469
1356.376953	56918.785156
1355.292969	57013.878906
1354.208984	56958.761719
1353.124023	56688.523438
1352.040039	56711.898438
1350.955078	56974.968750
1349.870117	56545.839844
1348.785156	56674.476563
1347.700195	56814.253906
1346.614258	56526.414063
1345.528320	56449.062500
1344.442383	56100.964844
1343.356445	56341.417969
1342.270508	56707.054688
1341.183594	56336.726563
1340.096680	56089.519531
1339.009766	56309.671875
1337.922852	56556.566406
1336.835938	56693.855469
1335.748047	56808.746094
1334.661133	56548.261719
1333.573242	57310.914063
1332.484375	57360.859375
1331.396484	57026.722656
1330.307617	57306.644531
1329.219727	57608.785156
1328.130859	57071.687500
1327.041992	57050.218750
1325.952148	57379.003906
1324.863281	56875.691406
1323.773438	57068.347656
1322.683594	57104.855469
1321.593750	57542.621094
1320.502930	57026.257813
1319.413086	57394.792969
1318.322266	57382.187500
1317.231445	57242.605469
1316.140625	57127.570313
1315.048828	57575.976563
1313.958008	57247.175781
1312.866211	57377.066406
1311.774414	57181.957031
1310.682617	57049.222656
1309.589844	57446.054688
1308.498047	57299.968750
1307.405273	57547.593750
1306.312500	58006.371094
1305.218750	58578.371094
1304.125977	58361.042969
1303.032227	58988.328125
1301.939453	59462.058594
1300.845703	60357.730469
1299.750977	60904.339844
1298.657227	62072.582031
1297.562500	62436.601563
1296.467773	63677.402344
1295.373047	64023.234375
1294.278320	64107.070313
1293.183594	63760.417969
1292.087891	63695.632813
1290.992188	63795.000000
1289.896484	62947.402344
1288.800781	62605.636719
1287.704102	62193.050781
1286.608398	61368.359375
1285.511719	61454.750000
1284.415039	60575.093750
1283.317383	60059.050781
1282.220703	60152.265625
1281.123047	59660.839844
1280.025391	59160.734375
1278.927734	58578.902344
1277.830078	58847.152344
1276.731445	58343.031250
1275.633789	58328.031250
1274.535156	58217.921875
1273.436523	57599.175781
1272.336914	57885.039063
1271.238281	57578.296875
1270.138672	57030.730469
1269.039063	57610.464844
1267.939453	56740.484375
1266.839844	56933.441406
1265.739258	56196.421875
1264.638672	56398.238281
1263.538086	56482.957031
1262.437500	56335.843750
1261.336914	56243.957031
1260.235352	56672.910156
1259.134766	56371.386719
1258.033203	56138.355469
1256.930664	55693.667969
1255.829102	56084.910156
1254.726563	55732.992188
1253.625000	55672.179688
1252.522461	54954.593750
1251.418945	55343.472656
1250.316406	55351.058594
1249.212891	55376.257813
1248.110352	55253.882813
1247.006836	55479.472656
1245.902344	54773.695313
1244.798828	54572.246094
1243.694336	54566.742188
1242.589844	54743.871094
1241.485352	54588.730469
1240.380859	54559.023438
1239.276367	54577.707031
1238.170898	54532.617188
1237.065430	54513.921875
1235.959961	54701.843750
1234.854492	54182.062500
1233.748047	54282.082031
1232.642578	54487.511719
1231.536133	54736.816406
1230.429688	54986.117188
1229.322266	55235.640625
1228.215820	55484.941406
1227.108398	55734.464844
1226.000977	55983.988281
1224.893555	55605.218750
1223.786133	55373.558594
1222.677734	55521.410156
1221.569336	55759.109375
1220.460938	55391.609375
1219.352539	55622.664063
1218.244141	54944.105469
1217.134766	55512.601563
1216.025391	55005.191406
1214.916016	55150.714844
1213.806641	54297.523438
1212.697266	54495.667969
1211.586914	54575.515625
1210.476563	54642.203125
1209.366211	54677.074219
1208.255859	54711.949219
1207.145508	54746.820313
1206.034180	54781.722656
1204.922852	54816.628906
1203.811523	54851.531250
1202.700195	55213.183594
1201.587891	55598.742188
1200.476563	55276.132813
1199.364258	55392.800781
1198.251953	55655.777344
1197.138672	55411.953125
1196.026367	55947.789063
1194.913086	55902.675781
1193.799805	56451.316406
1192.686523	56325.367188
1191.573242	55909.250000
1190.458984	55912.164063
1189.344727	56109.207031
1188.230469	55793.667969
1187.116211	55347.410156
1186.001953	55880.175781
1184.886719	55124.542969
1183.772461	55077.457031
1182.657227	55230.847656
1181.541016	54985.507813
1180.425781	54751.148438
1179.309570	54641.000000
1178.193359	54461.218750
1177.077148	54662.457031
1175.960938	54090.957031
1174.844727	54786.167969
1173.727539	54508.570313
1172.610352	53843.863281
1171.493164	54110.269531
1170.375977	54113.457031
1169.257813	54277.527344
1168.139648	53763.324219
1167.022461	53870.886719
1165.903320	53437.343750
1164.785156	53588.371094
1163.666992	53500.406250
1162.547852	53297.363281
1161.428711	53450.500000
1160.309570	53588.382813
1159.189453	53220.464844
1158.070313	53128.292969
1156.950195	53387.660156
1155.830078	53512.425781
1154.709961	53353.003906
1153.588867	53067.859375
1152.468750	53160.085938
1151.347656	53518.917969
1150.226563	53080.007813
1149.104492	53013.980469
1147.983398	53197.140625
1146.861328	53525.363281
1145.739258	53478.777344
1144.617188	53475.515625
1143.495117	53498.234375
1142.372070	54302.378906
1141.250000	53751.406250
1140.126953	54617.957031
1139.003906	54229.382813
1137.879883	54091.863281
1136.756836	54566.425781
1135.632813	53899.132813
1134.508789	54639.464844
1133.384766	54824.023438
1132.259766	54500.652344
1131.135742	54157.953125
1130.010742	54011.964844
1128.885742	54107.937500
1127.759766	54031.109375
1126.634766	54083.855469
1125.508789	53970.359375
1124.382813	53515.882813
1123.256836	53503.949219
1122.130859	53274.105469
1121.003906	53564.214844
1119.877930	53653.640625
1118.750977	53415.261719
1117.624023	53623.253906
1116.496094	53124.136719
1115.369141	52929.082031
1114.241211	53044.386719
1113.113281	53469.878906
1111.985352	53229.628906
1110.856445	53032.535156
1109.728516	53014.226563
1108.599609	53245.648438
1107.470703	53337.078125
1106.340820	52787.167969
1105.211914	53126.082031
1104.082031	53135.726563
1102.952148	53308.832031
1101.822266	53264.707031
1100.692383	53220.578125
1099.561523	53176.414063
1098.431641	53132.289063
1097.300781	53232.160156
1096.169922	53357.777344
1095.038086	53410.312500
1093.907227	52653.136719
1092.775391	53163.152344
1091.643555	52459.968750
1090.511719	52738.003906
1089.378906	51947.160156
1088.246094	52280.972656
1087.114258	52603.933594
1085.980469	52630.769531
1084.847656	52224.390625
1083.714844	52399.230469
1082.581055	52235.285156
1081.447266	52037.101563
1080.313477	52214.015625
1079.179688	52183.027344
1078.044922	52115.632813
1076.910156	52200.332031
1075.775391	52449.882813
1074.640625	52042.042969
1073.505859	52516.296875
1072.370117	52446.750000
1071.234375	52225.296875
1070.098633	53005.191406
1068.962891	52475.687500
1067.826172	52607.226563
1066.690430	52830.660156
1065.553711	52876.566406
1064.416992	52967.339844
1063.279297	52929.851563
1062.142578	52755.621094
1061.004883	52602.820313
1059.867188	52819.585938
1058.729492	53177.218750
1057.590820	52981.710938
1056.453125	52549.316406
1055.314453	52554.625000
1054.175781	52566.328125
1053.037109	52063.832031
1051.897461	52397.726563
1050.757813	52383.855469
1049.618164	52308.144531
1048.478516	52336.925781
1047.338867	52885.816406
1046.199219	52652.332031
1045.058594	52278.300781
1043.917969	52057.792969
1042.777344	52097.234375
1041.635742	52096.195313
1040.495117	52246.335938
1039.353516	52426.218750
1038.211914	52359.128906
1037.069336	52296.320313
1035.927734	52150.546875
1034.785156	51932.496094
1033.642578	52088.867188
1032.500000	52234.542969
1031.357422	51974.066406
1030.213867	52281.265625
1029.071289	51640.429688
1027.927734	51726.574219
1026.783203	52014.519531
1025.639648	51805.292969
1024.495117	52222.667969
1023.351563	51639.753906
1022.207031	52260.812500
1021.061523	51873.382813
1019.916992	52146.113281
1018.771484	52327.503906
1017.625977	52275.460938
1016.480469	51767.402344
1015.334961	51776.976563
1014.188477	52490.492188
1013.041992	52039.902344
1011.895508	52074.851563
1010.749023	51732.574219
1009.602539	52076.898438
1008.455078	52188.074219
1007.307617	51674.406250
1006.160156	52207.007813
1005.012695	52335.031250
1003.864258	52405.847656
1002.716797	52567.644531
1001.568359	52797.089844
1000.419922	52905.859375
999.270508	53078.042969
998.122070	53019.640625
996.972656	52861.878906
995.823242	53088.933594
994.673828	52738.863281
993.523438	53122.238281
992.373047	52480.703125
991.222656	52675.964844
990.072266	52653.601563
988.921875	52766.398438
987.771484	52687.015625
986.620117	52400.781250
985.468750	53041.199219
984.317383	53063.093750
983.165039	52855.003906
982.013672	52554.175781
980.861328	53094.960938
979.708984	52789.980469
978.555664	52892.000000
977.403320	52610.347656
976.250000	53057.984375
975.096680	53094.574219
973.943359	52726.656250
972.790039	52872.816406
971.635742	52846.234375
970.481445	52413.285156
969.327148	52544.679688
968.172852	52372.933594
967.018555	52931.468750
965.863281	51972.820313
964.708008	52156.777344
963.552734	52416.382813
962.397461	51979.851563
961.241211	52529.523438
960.084961	51985.921875
958.929688	52123.460938
957.772461	52321.878906
956.616211	52114.753906
955.458984	52166.062500
954.301758	52523.968750
953.144531	52224.527344
951.987305	51738.347656
950.830078	51691.027344
949.671875	51796.921875
948.513672	51395.011719
947.355469	52197.382813
946.196289	51680.183594
945.038086	51431.593750
943.878906	51774.343750
942.719727	52056.171875
941.560547	51897.765625
940.400391	52162.703125
939.241211	51713.109375
938.081055	52072.238281
936.919922	52491.968750
935.759766	52124.222656
934.599609	52311.398438
933.438477	52086.148438
932.277344	52166.527344
931.116211	52318.015625
929.954102	52333.464844
928.791992	52505.773438
927.630859	52234.679688
926.467773	52532.390625
925.305664	52156.867188
924.143555	52876.671875
922.980469	52674.660156
921.817383	52913.558594
920.654297	53024.945313
919.490234	52898.199219
918.327148	52742.261719
917.163086	53077.000000
915.999023	53042.148438
914.833984	52911.308594
913.669922	53704.875000
912.504883	53857.679688
911.339844	53622.460938
910.174805	54090.121094
909.008789	54826.578125
907.843750	54549.609375
906.677734	55208.585938
905.511719	54917.058594
904.345703	55086.089844
903.178711	54315.566406
902.011719	54309.695313
900.844727	54091.421875
899.677734	54073.093750
898.510742	53690.492188
897.342773	53672.242188
896.174805	53527.066406
895.006836	53113.566406
893.838867	53035.101563
892.670898	53150.074219
891.501953	52765.976563
890.333008	53014.000000
889.164063	53220.363281
887.994141	52830.222656
886.825195	52864.082031
885.655273	52947.785156
884.485352	53212.148438
883.315430	52984.261719
882.144531	53074.117188
880.973633	53257.351563
879.803711	53191.457031
878.631836	53324.792969
877.460938	53837.742188
876.289063	53823.632813
875.118164	53882.109375
873.945313	53498.902344
872.773438	54061.183594
871.601563	54275.035156
870.428711	53612.187500
869.255859	53861.261719
868.083008	54054.304688
866.910156	54226.562500
865.736328	54146.113281
864.562500	54490.132813
863.388672	54916.828125
862.214844	54772.125000
861.040039	55211.019531
859.866211	55374.582031
858.691406	54861.671875
857.516602	55054.187500
856.340820	54698.667969
855.166016	54481.796875
853.990234	54510.972656
852.814453	54405.808594
851.637695	54815.171875
850.461914	54311.273438
849.285156	53981.062500
848.108398	54431.570313
846.931641	54778.675781
845.754883	54840.773438
844.577148	55571.558594
843.399414	55425.062500
842.221680	55879.000000
841.043945	56503.980469
839.865234	57539.144531
838.687500	57724.367188
837.508789	58332.152344
836.329102	58937.652344
835.150391	59588.261719
833.970703	59562.785156
832.791992	59347.785156
831.611328	58634.410156
830.431641	57725.652344
829.251953	57682.000000
828.071289	56308.515625
826.890625	55723.828125
825.709961	55462.429688
824.528320	54818.445313
823.347656	54713.648438
822.166016	54170.816406
820.984375	53673.417969
819.801758	54187.710938
818.620117	53937.156250
817.437500	53343.480469
816.254883	53730.148438
815.072266	53319.566406
813.888672	52954.320313
812.706055	53209.406250
811.522461	52988.039063
810.338867	52992.570313
809.154297	53054.562500
807.970703	52917.480469
806.786133	52513.718750
805.601563	52380.886719
804.416992	52947.472656
803.231445	52642.351563
802.045898	52519.812500
800.861328	52093.941406
799.674805	51994.085938
798.489258	52511.031250
797.302734	51841.597656
796.117188	51567.734375
794.930664	51977.972656
793.743164	51417.523438
792.556641	51776.453125
791.369141	51860.976563
790.181641	51296.765625
788.994141	51461.140625
787.805664	51699.089844
786.618164	51427.687500
785.429688	51379.269531
784.241211	51032.375000
783.052734	51176.191406
781.863281	51354.695313
780.673828	50817.960938
779.484375	50430.558594
778.294922	50823.566406
777.105469	49905.332031
775.915039	50234.988281
774.724609	50674.757813
773.534180	50487.757813
772.343750	50980.371094
771.152344	50628.109375
769.960938	50306.578125
768.769531	50107.539063
767.578125	50648.785156
766.385742	50892.167969
765.194336	50978.500000
764.001953	51019.957031
762.808594	51362.972656
761.616211	51178.203125
760.422852	51753.261719
759.230469	51906.542969
758.037109	52169.718750
756.842773	52208.859375
755.649414	52469.839844
754.455078	52942.363281
753.260742	52474.710938
752.066406	52749.730469
750.871094	52743.968750
749.676758	52386.417969
748.481445	52504.742188
747.286133	51637.152344
746.089844	51989.285156
744.894531	51461.445313
743.698242	51264.949219
742.501953	51304.144531
741.304688	51032.605469
740.108398	51063.699219
738.911133	50999.371094
737.713867	50697.585938
736.516602	50539.996094
735.319336	50179.566406
734.121094	50610.406250
732.922852	49765.359375
731.724609	50017.664063
730.526367	49929.265625
729.327148	50365.902344
728.127930	50095.070313
726.928711	50103.960938
725.729492	49746.160156
724.530273	49775.363281
723.330078	49747.851563
722.129883	49803.359375
720.929688	49603.773438
719.728516	49701.789063
718.528320	49907.019531
717.327148	49960.429688
716.125977	50292.972656
714.923828	49450.308594
713.722656	49659.468750
712.520508	49801.832031
711.318359	49442.835938
710.116211	49872.160156
708.913086	49834.558594
707.710938	49726.261719
706.507813	50098.730469
705.304688	50285.265625
704.100586	50122.421875
702.897461	50038.367188
701.693359	49938.195313
700.489258	50223.492188
699.284180	50072.878906
698.080078	49890.042969
696.875000	50207.449219
695.669922	49800.824219
694.464844	49876.195313
693.258789	50050.304688
692.053711	50294.882813
690.847656	50503.101563
689.641602	50961.046875
688.434570	50456.023438
687.228516	51294.417969
686.021484	50735.152344
684.814453	50870.609375
683.607422	50283.453125
682.399414	50326.371094
681.191406	49886.402344
679.983398	49901.214844
678.775391	49680.707031
677.567383	49586.960938
676.358398	50190.871094
675.149414	49658.863281
673.940430	49971.128906
672.730469	49917.574219
671.521484	50115.156250
670.311523	50033.472656
669.101563	49759.027344
667.890625	49828.023438
666.680664	49846.800781
665.469727	49636.765625
664.258789	49745.871094
663.047852	49642.265625
661.835938	49669.078125
660.625000	49555.492188
659.413086	49277.519531
658.201172	49597.085938
656.988281	49407.398438
655.776367	49255.859375
654.563477	49445.000000
653.350586	49193.339844
652.136719	49126.042969
650.923828	49321.105469
649.709961	49287.839844
648.496094	49076.425781
647.282227	49065.230469
646.067383	49228.128906
644.852539	49162.886719
643.637695	49527.734375
642.422852	49674.449219
641.208008	49513.175781
639.992188	49731.804688
638.776367	49828.421875
637.560547	49711.167969
636.344727	50087.476563
635.127930	49700.523438
633.911133	50240.468750
632.694336	49935.503906
631.477539	49934.128906
630.259766	49541.496094
629.042969	49785.675781
627.825195	49662.601563
626.606445	49655.281250
625.388672	49592.113281
624.169922	49056.312500
622.951172	49045.117188
621.732422	49115.660156
620.513672	48897.160156
619.293945	49428.042969
618.074219	49032.234375
616.854492	49576.832031
615.634766	49222.964844
614.414063	49289.398438
613.193359	49333.906250
611.972656	49252.984375
610.751953	48849.679688
609.530273	49429.503906
608.309570	49263.058594
607.087891	49319.449219
605.866211	49212.742188
604.643555	49565.382813
603.420898	49593.847656
602.198242	49592.484375
600.975586	49312.910156
599.752930	49375.175781
598.529297	49719.496094
597.305664	49952.464844
596.082031	49796.136719
594.858398	49860.242188
593.633789	50146.636719
592.410156	50123.324219
591.185547	50187.324219
589.959961	50100.523438
588.735352	50239.871094
587.509766	50482.285156
586.284180	50518.402344
585.058594	50962.871094
583.832031	50620.316406
582.606445	51169.621094
581.379883	51152.078125
580.153320	51451.480469
578.925781	51697.292969
577.699219	51489.558594
576.471680	52000.558594
575.244141	52539.070313
574.015625	51975.066406
572.788086	51931.652344
571.559570	51828.906250
570.331055	51382.042969
569.101563	51684.828125
567.873047	51275.718750
566.643555	51094.089844
565.414063	50835.449219
564.184570	50634.210938
562.954102	50271.035156
561.724609	49665.035156
560.494141	49426.597656
559.263672	49377.804688
558.032227	49295.464844
556.800781	49487.515625
555.570313	49413.078125
554.337891	48409.347656
553.106445	49033.472656
551.874023	48757.976563
550.642578	48754.710938
549.409180	48964.378906
548.176758	48771.835938
546.944336	48632.574219
545.710938	48603.710938
544.477539	48602.437500
543.243164	48620.859375
542.009766	48454.152344
540.775391	48645.859375
539.541016	48526.453125
538.306641	48359.851563
537.071289	48262.183594
535.836914	48115.363281
534.601563	48399.402344
533.366211	48529.921875
532.129883	48290.707031
530.894531	48147.914063
529.658203	48142.769531
528.421875	48222.132813
527.184570	48123.671875
525.948242	48025.289063
524.710938	47926.828125
523.473633	47828.367188
522.235352	48106.007813
520.998047	47741.625000
519.759766	48032.910156
518.521484	48394.730469
517.283203	48575.914063
516.043945	48545.171875
514.804688	48824.312500
513.565430	48942.554688
512.326172	48766.683594
511.085938	48469.347656
509.846680	48926.617188
508.606445	48558.824219
507.366211	48392.941406
506.125000	48281.957031
504.883789	48376.632813
503.643555	48148.218750
502.401367	48419.054688
501.160156	47967.601563
499.917969	48565.144531
498.675781	48313.382813
497.433594	48429.445313
496.191406	48701.917969
494.948242	48524.566406
493.705078	47969.976563
492.461914	48433.921875
491.218750	48330.972656
489.975586	48597.332031
488.731445	48435.781250
487.487305	48598.503906
486.242188	48298.367188
484.998047	48174.054688
483.752930	48635.378906
482.507813	48725.718750
481.262695	48796.511719
480.016602	48644.878906
478.771484	48918.507813
477.525391	48564.085938
476.278320	48607.550781
475.032227	48725.074219
473.785156	48684.675781
472.538086	48665.730469
471.291016	48728.617188
470.043945	48908.351563
468.795898	49012.058594
467.547852	49559.683594
466.299805	48919.542969
465.051758	49237.296875
463.802734	49628.875000
462.553711	50061.164063
461.304688	49808.523438
460.055664	50162.812500
458.805664	50279.722656
457.555664	50474.351563
456.305664	50836.082031
455.055664	50842.007813
453.804688	51149.117188
452.553711	51209.378906
451.302734	51623.128906
450.051758	51970.691406
448.799805	52760.816406
447.548828	52644.058594
446.296875	53616.203125
445.043945	53803.988281
443.791992	54286.609375
442.539063	54586.703125
441.286133	54291.265625
440.033203	53524.738281
438.779297	53163.691406
437.526367	52192.195313
436.272461	51724.945313
435.017578	51302.433594
433.763672	50692.164063
432.508789	50018.207031
431.253906	50128.792969
429.999023	49737.875000
428.744141	49378.070313
427.488281	49239.039063
426.232422	49214.226563
424.976563	48821.832031
423.720703	49085.316406
422.463867	48811.062500
421.207031	48434.425781
419.950195	48895.015625
418.693359	48930.203125
417.435547	48696.757813
416.177734	48782.195313
414.919922	48355.687500
413.662109	48501.027344
412.403320	49161.894531
411.144531	48397.683594
409.885742	48548.714844
408.626953	48369.671875
407.367188	48302.609375
406.107422	48814.328125
404.847656	48369.152344
403.587891	47748.652344
402.327148	48603.378906
401.067383	48582.585938
