#Wave		#Intensity
2001.182617	35098.476563
2000.212891	35181.191406
1999.243164	35267.773438
1998.273438	35537.234375
1997.303711	35420.804688
1996.333008	35311.925781
1995.363281	35506.105469
1994.392578	35096.781250
1993.421875	35340.996094
1992.451172	35469.988281
1991.479492	35256.082031
1990.508789	35782.875000
1989.537109	35411.378906
1988.566406	35137.562500
1987.594727	35348.996094
1986.622070	35787.886719
1985.650391	35399.144531
1984.677734	35625.414063
1983.706055	35466.750000
1982.733398	35952.781250
1981.760742	35676.695313
1980.788086	35408.199219
1979.814453	35364.550781
1978.841797	35560.617188
1977.868164	35824.019531
1976.894531	35822.753906
1975.920898	35691.714844
1974.947266	35465.902344
1973.972656	35374.882813
1972.999023	35695.449219
1972.024414	35701.679688
1971.049805	35682.972656
1970.075195	35916.058594
1969.099609	35411.273438
1968.125000	35679.210938
1967.149414	35593.242188
1966.173828	35669.226563
1965.198242	35548.414063
1964.222656	36097.542969
1963.247070	36078.781250
1962.270508	35863.355469
1961.294922	35774.945313
1960.318359	36049.902344
1959.341797	36110.777344
1958.364258	35718.859375
1957.387695	36135.453125
1956.410156	35997.328125
1955.433594	35936.328125
1954.456055	35393.066406
1953.478516	36157.398438
1952.500000	35823.035156
1951.522461	35936.031250
1950.543945	36133.449219
1949.565430	36055.097656
1948.586914	36242.492188
1947.608398	35843.839844
1946.629883	36281.937500
1945.650391	36570.953125
1944.671875	36418.136719
1943.692383	35826.195313
1942.712891	36199.480469
1941.733398	36508.148438
1940.752930	36410.000000
1939.773438	36217.664063
1938.792969	36689.777344
1937.812500	36400.792969
1936.832031	36243.250000
1935.851563	36246.812500
1934.870117	36072.007813
1933.888672	35917.078125
1932.908203	36294.632813
1931.926758	36077.816406
1930.945313	36086.351563
1929.962891	36310.218750
1928.981445	36291.480469
1927.999023	36525.128906
1927.016602	36001.699219
1926.034180	36361.453125
1925.051758	36525.714844
1924.069336	36361.074219
1923.085938	36451.113281
1922.102539	36590.554688
1921.119141	36487.761719
1920.135742	36026.742188
1919.152344	36230.406250
1918.168945	36557.500000
1917.184570	36501.699219
1916.200195	36532.335938
1915.215820	36380.285156
1914.231445	36475.101563
1913.247070	36606.902344
1912.261719	36570.875000
1911.276367	36623.667969
1910.291992	36059.824219
1909.306641	36645.351563
1908.320313	36451.539063
1907.334961	36595.519531
1906.348633	36606.355469
1905.363281	36700.972656
1904.376953	36810.335938
1903.390625	36968.929688
1902.403320	36866.386719
1901.416992	36554.558594
1900.429688	36897.769531
1899.443359	36891.296875
1898.456055	36520.554688
1897.467773	36866.046875
1896.480469	36643.062500
1895.493164	36759.632813
1894.504883	37063.085938
1893.516602	37051.660156
1892.528320	37150.882813
1891.540039	36930.492188
1890.550781	36771.625000
1889.562500	36998.468750
1888.573242	37225.539063
1887.583984	37361.484375
1886.594727	36888.265625
1885.605469	37083.152344
1884.615234	37022.625000
1883.625000	37423.625000
1882.635742	37196.160156
1881.645508	37167.542969
1880.654297	37536.402344
1879.664063	37424.328125
1878.673828	37334.363281
1877.682617	37492.105469
1876.691406	37617.917969
1875.700195	37393.136719
1874.708984	37129.218750
1873.716797	37720.621094
1872.725586	37564.539063
1871.733398	37085.156250
1870.741211	37318.664063
1869.749023	37549.640625
1868.755859	37844.187500
1867.763672	37582.953125
1866.770508	37872.496094
1865.777344	37579.531250
1864.784180	37501.976563
1863.791016	37837.851563
1862.797852	38063.550781
1861.803711	37851.449219
1860.809570	37597.859375
1859.815430	38151.035156
1858.821289	37694.621094
1857.827148	37519.382813
1856.832031	38130.914063
1855.837891	38168.179688
1854.842773	38283.585938
1853.847656	38035.105469
1852.852539	37918.546875
1851.856445	38021.726563
1850.861328	38312.792969
1849.865234	38450.027344
1848.869141	38077.300781
1847.873047	38229.156250
1846.876953	38432.175781
1845.879883	38503.445313
1844.883789	38499.109375
1843.886719	39106.613281
1842.889648	38500.187500
1841.892578	38661.546875
1840.895508	38776.562500
1839.897461	38582.171875
1838.899414	38845.718750
1837.901367	38704.953125
1836.903320	38591.019531
1835.905273	39102.707031
1834.907227	38550.664063
1833.908203	38950.242188
1832.909180	39072.328125
1831.910156	38810.039063
1830.911133	39335.824219
1829.912109	39285.128906
1828.912109	39010.781250
1827.913086	39519.230469
1826.913086	39339.718750
1825.913086	39344.941406
1824.913086	39277.273438
1823.912109	39440.390625
1822.912109	39554.875000
1821.911133	39550.335938
1820.910156	39438.972656
1819.909180	39291.242188
1818.908203	39534.289063
1817.906250	39566.148438
1816.904297	39644.089844
1815.903320	39780.214844
1814.900391	39433.675781
1813.898438	39882.585938
1812.896484	40149.507813
1811.893555	40195.757813
1810.891602	39849.386719
1809.888672	40067.707031
1808.885742	40193.886719
1807.881836	39859.804688
1806.878906	40361.351563
1805.875000	39853.015625
1804.871094	39889.566406
1803.867188	39993.875000
1802.863281	40134.449219
1801.859375	40025.746094
1800.854492	40052.558594
1799.849609	40072.101563
1798.844727	40580.148438
1797.839844	40234.476563
1796.834961	40290.238281
1795.830078	40437.824219
1794.824219	40749.691406
1793.818359	40549.203125
1792.812500	40827.113281
1791.806641	40923.773438
1790.799805	40638.832031
1789.793945	40931.066406
1788.787109	40764.511719
1787.780273	40723.527344
1786.773438	40817.699219
1785.766602	41008.347656
1784.758789	40612.710938
1783.751953	40665.843750
1782.744141	41126.507813
1781.736328	41536.371094
1780.728516	41027.613281
1779.719727	41297.550781
1778.711914	41283.031250
1777.703125	41492.589844
1776.694336	41051.648438
1775.685547	41685.078125
1774.676758	41896.859375
1773.666992	41566.824219
1772.657227	41547.449219
1771.648438	41540.109375
1770.638672	41657.910156
1769.627930	41823.785156
1768.618164	41518.105469
1767.607422	41638.246094
1766.597656	42441.285156
1765.586914	42034.671875
1764.576172	42178.691406
1763.564453	42349.097656
1762.553711	42072.472656
1761.541992	42336.535156
1760.530273	42528.437500
1759.518555	42326.378906
1758.506836	42856.796875
1757.495117	42717.171875
1756.482422	42721.625000
1755.469727	42896.480469
1754.457031	42413.769531
1753.444336	43102.046875
1752.431641	42828.160156
1751.417969	43070.019531
1750.405273	43328.578125
1749.391602	43260.976563
1748.377930	43380.375000
1747.364258	43597.992188
1746.349609	43750.832031
1745.335938	43795.800781
1744.321289	43694.636719
1743.306641	44254.519531
1742.291992	44081.468750
1741.276367	44320.265625
1740.261719	44501.531250
1739.246094	44292.621094
1738.230469	44641.324219
1737.214844	45114.304688
1736.199219	45398.152344
1735.182617	45007.460938
1734.166992	45482.515625
1733.150391	45732.667969
1732.133789	45671.988281
1731.117188	46220.753906
1730.099609	46525.593750
1729.083008	46421.796875
1728.065430	46301.316406
1727.047852	46925.996094
1726.030273	47560.003906
1725.012695	47250.777344
1723.994141	47459.625000
1722.976563	48038.304688
1721.958008	48328.062500
1720.939453	48801.414063
1719.920898	48554.246094
1718.901367	49182.398438
1717.882813	49202.300781
1716.863281	49410.531250
1715.843750	49592.464844
1714.824219	49602.746094
1713.803711	49708.328125
1712.784180	49687.613281
1711.763672	49812.195313
1710.743164	49965.308594
1709.722656	49942.171875
1708.702148	50011.882813
1707.681641	50119.652344
1706.660156	49929.906250
1705.638672	50330.308594
1704.617188	49966.929688
1703.595703	49791.578125
1702.574219	49816.046875
1701.551758	50037.847656
1700.529297	49691.410156
1699.507813	49737.269531
1698.484375	49947.082031
1697.461914	50218.593750
1696.439453	49715.574219
1695.416016	49996.523438
1694.392578	49868.925781
1693.369141	49606.035156
1692.345703	49701.687500
1691.322266	50174.683594
1690.297852	49831.187500
1689.273438	50016.902344
1688.249023	50302.183594
1687.224609	50651.398438
1686.200195	50146.800781
1685.174805	50493.542969
1684.150391	50629.187500
1683.125000	50710.269531
1682.099609	50504.589844
1681.073242	50497.996094
1680.047852	50813.566406
1679.021484	51124.281250
1677.995117	51039.433594
1676.968750	51402.082031
1675.942383	51037.890625
1674.916016	51298.636719
1673.888672	51213.812500
1672.862305	51644.773438
1671.834961	51141.226563
1670.806641	51248.031250
1669.779297	51697.671875
1668.751953	51733.410156
1667.723633	51714.769531
1666.695313	51062.753906
1665.666992	51800.375000
1664.638672	51727.390625
1663.609375	51954.414063
1662.581055	52039.652344
1661.551758	52101.250000
1660.522461	51886.601563
1659.493164	51891.546875
1658.462891	52196.210938
1657.433594	52201.093750
1656.403320	52345.167969
1655.373047	52668.449219
1654.342773	52519.949219
1653.312500	52963.335938
1652.281250	52498.929688
1651.250977	53095.367188
1650.219727	52793.707031
1649.188477	53005.808594
1648.156250	52544.074219
1647.125000	53168.335938
1646.092773	53297.828125
1645.060547	53512.035156
1644.028320	53806.207031
1642.996094	53992.000000
1641.963867	53768.250000
1640.930664	53916.332031
1639.898438	54424.289063
1638.865234	54245.265625
1637.832031	54741.218750
1636.797852	54519.875000
1635.764648	54759.363281
1634.730469	54751.972656
1633.696289	55054.777344
1632.662109	54955.703125
1631.627930	55422.796875
1630.592773	55513.933594
1629.558594	55447.699219
1628.523438	56644.636719
1627.488281	56517.187500
1626.453125	56591.621094
1625.416992	57294.921875
1624.381836	57502.925781
1623.345703	57609.980469
1622.309570	58324.441406
1621.273438	58581.386719
1620.237305	59808.867188
1619.200195	60447.542969
1618.163086	61978.929688
1617.125977	63259.042969
1616.088867	64344.234375
1615.051758	66862.617188
1614.014648	67494.765625
1612.976563	69037.578125
1611.938477	70036.679688
1610.900391	71182.890625
1609.862305	71027.445313
1608.823242	70485.968750
1607.785156	70274.562500
1606.746094	68554.492188
1605.707031	67805.593750
1604.667969	66107.625000
1603.628906	65343.058594
1602.588867	64352.031250
1601.548828	63146.347656
1600.508789	61763.507813
1599.468750	61724.468750
1598.428711	61314.050781
1597.387695	60436.707031
1596.347656	60050.011719
1595.306641	59763.835938
1594.265625	58716.839844
1593.224609	58867.398438
1592.182617	58784.574219
1591.140625	58302.859375
1590.099609	57634.714844
1589.057617	58277.406250
1588.014648	57959.246094
1586.972656	58158.718750
1585.929688	57374.527344
1584.887695	57604.324219
1583.844727	57356.398438
1582.800781	57721.222656
1581.757813	57836.703125
1580.714844	58627.460938
1579.670898	57946.457031
1578.626953	57759.203125
1577.583008	58172.496094
1576.538086	58518.156250
1575.494141	58482.125000
1574.449219	58836.906250
1573.404297	59121.781250
1572.359375	59174.019531
1571.314453	58984.437500
1570.269531	59108.734375
1569.223633	58893.664063
1568.177734	58430.023438
1567.131836	58263.933594
1566.085938	57886.519531
1565.040039	58080.562500
1563.993164	57211.031250
1562.946289	56917.578125
1561.899414	56050.878906
1560.852539	56433.089844
1559.805664	56318.597656
1558.757813	56132.218750
1557.709961	56140.753906
1556.662109	56327.855469
1555.614258	56018.679688
1554.566406	56010.992188
1553.517578	55502.632813
1552.469727	55979.398438
1551.420898	55631.101563
1550.372070	55982.566406
1549.322266	55537.105469
1548.273438	55911.617188
1547.223633	55848.371094
1546.173828	55507.343750
1545.124023	55886.281250
1544.074219	55929.519531
1543.024414	55748.304688
1541.973633	55715.207031
1540.922852	55864.843750
1539.872070	55579.667969
1538.821289	56004.414063
1537.770508	55656.890625
1536.718750	55385.765625
1535.666992	55357.375000
1534.615234	55620.113281
1533.563477	55141.226563
1532.511719	55145.226563
1531.458984	55255.445313
1530.407227	55090.875000
1529.354492	54750.917969
1528.300781	54962.695313
1527.248047	54285.972656
1526.195313	54057.078125
1525.141602	54070.476563
1524.087891	53668.726563
1523.034180	53995.792969
1521.980469	53536.554688
1520.925781	53471.656250
1519.871094	53787.050781
1518.817383	53358.046875
1517.762695	53406.093750
1516.707031	53417.269531
1515.652344	53149.765625
1514.596680	53188.609375
1513.541016	52997.214844
1512.485352	52831.207031
1511.429688	52943.722656
1510.374023	52745.562500
1509.317383	52975.382813
1508.260742	52505.863281
1507.204102	52880.523438
1506.147461	52558.343750
1505.090820	52962.738281
1504.033203	52498.148438
1502.975586	52973.648438
1501.917969	52387.441406
1500.860352	52456.164063
1499.802734	53218.519531
1498.744141	52090.609375
1497.686523	52230.523438
1496.627930	52368.085938
1495.569336	52466.582031
1494.509766	52656.828125
1493.451172	52486.785156
1492.391602	52238.808594
1491.332031	52337.246094
1490.272461	52013.703125
1489.212891	52410.199219
1488.152344	52160.109375
1487.092773	52361.621094
1486.032227	52036.003906
1484.971680	52116.031250
1483.910156	52628.968750
1482.849609	52278.281250
1481.788086	52461.257813
1480.726563	52280.140625
1479.665039	52357.753906
1478.603516	52318.613281
1477.541992	52574.664063
1476.479492	52494.316406
1475.416992	52494.050781
1474.354492	52578.402344
1473.291992	52749.613281
1472.229492	52374.363281
1471.166016	52618.687500
1470.102539	52620.675781
1469.039063	52803.175781
1467.975586	52779.992188
1466.912109	52841.332031
1465.847656	52838.703125
1464.783203	53285.886719
1463.718750	53232.949219
1462.654297	53921.839844
1461.589844	53898.472656
1460.524414	54123.812500
1459.458984	53431.996094
1458.393555	54124.910156
1457.328125	54017.136719
1456.262695	53950.437500
1455.196289	53929.355469
1454.130859	53846.734375
1453.064453	54354.359375
1451.998047	54515.480469
1450.930664	54045.535156
1449.864258	54675.832031
1448.796875	54481.562500
1447.729492	54590.171875
1446.662109	54785.238281
1445.594727	54743.535156
1444.526367	55432.292969
1443.458008	55272.175781
1442.390625	55646.675781
1441.321289	56084.718750
1440.252930	55924.566406
1439.184570	56896.667969
1438.115234	56581.851563
1437.045898	57294.398438
1435.976563	57447.707031
1434.907227	57821.328125
1433.836914	58138.027344
1432.767578	58120.761719
1431.697266	58382.792969
1430.626953	58921.695313
1429.555664	58797.613281
1428.485352	59020.792969
1427.414063	58579.066406
1426.342773	59026.792969
1425.271484	59374.554688
1424.200195	59728.992188
1423.128906	59670.636719
1422.056641	59918.339844
1420.984375	59261.593750
1419.912109	59667.906250
1418.839844	59623.187500
1417.767578	59304.378906
1416.694336	59431.871094
1415.621094	59298.894531
1414.547852	59050.492188
1413.474609	58924.417969
1412.400391	58501.894531
1411.327148	58525.312500
1410.252930	58360.933594
1409.178711	58787.011719
1408.104492	58439.441406
1407.029297	59048.511719
1405.955078	58698.753906
1404.879883	59481.609375
1403.804688	59118.332031
1402.729492	59661.304688
1401.653320	59632.488281
1400.578125	59822.789063
1399.501953	59484.546875
1398.425781	59216.421875
1397.349609	59591.808594
1396.272461	59754.882813
1395.196289	59579.375000
1394.119141	60001.871094
1393.041992	59948.199219
1391.964844	59750.191406
1390.886719	60253.605469
1389.809570	60278.828125
1388.731445	60310.800781
1387.653320	60572.664063
1386.575195	61172.460938
1385.497070	61373.234375
1384.417969	61506.347656
1383.338867	61833.113281
1382.259766	61704.871094
1381.180664	61097.097656
1380.101563	62157.617188
1379.021484	62049.632813
1377.941406	62357.988281
1376.861328	62207.253906
1375.781250	61761.890625
1374.701172	61076.031250
1373.620117	60995.312500
1372.539063	61137.195313
1371.458008	60984.554688
1370.376953	60454.394531
1369.295898	59980.601563
1368.213867	59790.050781
1367.132813	59298.574219
1366.050781	59582.082031
1364.967773	59409.664063
1363.885742	59515.687500
1362.802734	59323.136719
1361.720703	59146.363281
1360.637695	59054.914063
1359.554688	59378.527344
1358.470703	58562.574219
1357.387695	58733.660156
1356.303711	58431.574219
1355.219727	58203.574219
1354.135742	58020.484375
1353.050781	57398.226563
1351.966797	57766.523438
1350.881836	57670.968750
1349.796875	57069.257813
1348.711914	56817.105469
1347.626953	57312.851563
1346.541016	57011.492188
1345.455078	56880.339844
1344.369141	56547.832031
1343.283203	56662.910156
1342.197266	56782.421875
1341.110352	56837.027344
1340.023438	56144.742188
1338.936523	56588.453125
1337.849609	56142.343750
1336.762695	56201.484375
1335.674805	56962.238281
1334.586914	56636.937500
1333.499023	56923.789063
1332.411133	56790.671875
1331.323242	56532.558594
1330.234375	56788.007813
1329.145508	56902.742188
1328.056641	57347.722656
1326.967773	57660.894531
1325.878906	57023.597656
1324.789063	57323.324219
1323.699219	57593.953125
1322.609375	57951.437500
1321.519531	58014.527344
1320.429688	58423.066406
1319.338867	58552.894531
1318.248047	58709.410156
1317.157227	58736.664063
1316.066406	58895.316406
1314.975586	59363.437500
1313.883789	59423.949219
1312.791992	59551.214844
1311.700195	59912.125000
1310.608398	59870.136719
1309.516602	59565.625000
1308.423828	59563.746094
1307.331055	59457.335938
1306.238281	59008.523438
1305.145508	59406.921875
1304.051758	59774.050781
1302.958984	59836.574219
1301.865234	59814.636719
1300.771484	59375.039063
1299.677734	60590.406250
1298.583008	60730.453125
1297.489258	61529.910156
1296.394531	61698.593750
1295.299805	61887.187500
1294.204102	62104.562500
1293.109375	62701.273438
1292.013672	61782.589844
1290.917969	62339.210938
1289.822266	61502.976563
1288.726563	62006.226563
1287.630859	60995.222656
1286.534180	61281.171875
1285.437500	60456.800781
1284.340820	60157.824219
1283.244141	60392.812500
1282.146484	59724.078125
1281.048828	59711.042969
1279.951172	58883.261719
1278.853516	59009.835938
1277.755859	59140.789063
1276.658203	57968.359375
1275.559570	58415.816406
1274.460938	57836.750000
1273.362305	57554.242188
1272.262695	57919.710938
1271.164063	57394.101563
1270.064453	57368.222656
1268.964844	57097.046875
1267.865234	56635.941406
1266.765625	56764.851563
1265.665039	56299.550781
1264.564453	56019.917969
1263.463867	56151.070313
1262.363281	56275.550781
1261.262695	55832.738281
1260.161133	55681.378906
1259.059570	55130.714844
1257.958008	55846.480469
1256.856445	55331.273438
1255.754883	55263.902344
1254.652344	54927.570313
1253.549805	55554.667969
1252.447266	55006.816406
1251.344727	54705.964844
1250.242188	54610.113281
1249.138672	54298.421875
1248.035156	54475.769531
1246.931641	54331.562500
1245.828125	54568.277344
1244.724609	54016.882813
1243.620117	54770.750000
1242.515625	54490.160156
1241.411133	54390.066406
1240.306641	54439.582031
1239.201172	54211.976563
1238.096680	54314.273438
1236.991211	53708.648438
1235.885742	54120.906250
1234.779297	54141.843750
1233.673828	53936.460938
1232.567383	54232.015625
1231.460938	54134.312500
1230.354492	53744.570313
1229.248047	54307.855469
1228.140625	53586.750000
1227.033203	54125.710938
1225.926758	54416.507813
1224.818359	54193.804688
1223.710938	54008.468750
1222.602539	53926.277344
1221.495117	54210.312500
1220.386719	53860.636719
1219.278320	53899.070313
1218.168945	53834.484375
1217.060547	53804.976563
1215.951172	53659.367188
1214.841797	53708.753906
1213.731445	53388.007813
1212.622070	53242.542969
1211.511719	53002.996094
1210.402344	53608.414063
1209.291992	53104.082031
1208.180664	53643.617188
1207.070313	53152.582031
1205.958984	53678.785156
1204.847656	53369.425781
1203.736328	53718.292969
1202.625000	53647.312500
1201.512695	54061.562500
1200.401367	54213.433594
1199.289063	54306.257813
1198.176758	54405.597656
1197.063477	53987.281250
1195.951172	54339.941406
1194.837891	54755.785156
1193.724609	54697.796875
1192.611328	55021.757813
1191.498047	55197.214844
1190.383789	54622.117188
1189.269531	55039.703125
1188.155273	54600.050781
1187.041016	54430.937500
1185.926758	54407.945313
1184.811523	54108.144531
1183.696289	54423.000000
1182.581055	53966.421875
1181.465820	53969.664063
1180.350586	54229.914063
1179.234375	53714.816406
1178.118164	54201.453125
1177.001953	53867.222656
1175.885742	53498.289063
1174.768555	53046.792969
1173.652344	53095.871094
1172.535156	53414.667969
1171.417969	53267.917969
1170.299805	52925.507813
1169.182617	53348.511719
1168.064453	53251.839844
1166.946289	52583.617188
1165.828125	52823.921875
1164.709961	53101.066406
1163.590820	52900.238281
1162.471680	52538.773438
1161.352539	52505.308594
1160.233398	52886.507813
1159.114258	52507.871094
1157.994141	53162.363281
1156.874023	52506.078125
1155.753906	52639.683594
1154.633789	52625.746094
1153.513672	52308.207031
1152.392578	52617.390625
1151.271484	52479.894531
1150.150391	52771.585938
1149.029297	52610.269531
1147.907227	52360.179688
1146.786133	52907.339844
1145.664063	52668.109375
1144.541992	53234.500000
1143.418945	53315.714844
1142.296875	53552.753906
1141.173828	54047.242188
1140.050781	53695.492188
1138.927734	53737.617188
1137.803711	53933.296875
1136.680664	53778.550781
1135.556641	54023.878906
1134.432617	54303.707031
1133.308594	53831.238281
1132.183594	53722.000000
1131.059570	53906.652344
1129.934570	54089.070313
1128.809570	53718.492188
1127.684570	54019.648438
1126.558594	53981.714844
1125.432617	53937.312500
1124.307617	53951.203125
1123.180664	53438.554688
1122.054688	53679.062500
1120.928711	53330.585938
1119.801758	53622.785156
1118.674805	52819.457031
1117.547852	53234.523438
1116.419922	53181.683594
1115.292969	53376.703125
1114.165039	52815.332031
1113.037109	53006.035156
1111.909180	52940.339844
1110.780273	52980.195313
1109.652344	52587.242188
1108.523438	52937.144531
1107.394531	52630.437500
1106.264648	52504.605469
1105.135742	52852.171875
1104.005859	52590.816406
1102.875977	52267.175781
1101.746094	52713.507813
1100.616211	52516.816406
1099.485352	52371.781250
1098.355469	52654.500000
1097.224609	52503.042969
1096.092773	52416.093750
1094.961914	52780.269531
1093.830078	52545.105469
1092.699219	52060.941406
1091.567383	52386.332031
1090.434570	52516.265625
1089.302734	51766.250000
1088.169922	51685.964844
1087.037109	51863.148438
1085.904297	52274.062500
1084.771484	51689.757813
1083.637695	51598.816406
1082.504883	51452.171875
1081.371094	51601.359375
1080.236328	51846.925781
1079.102539	51970.269531
1077.968750	51363.085938
1076.833984	51818.449219
1075.699219	51618.375000
1074.564453	52002.867188
1073.428711	52265.199219
1072.292969	52580.937500
1071.158203	51858.742188
1070.022461	52048.210938
1068.885742	51876.109375
1067.750000	52349.941406
1066.613281	52004.640625
1065.476563	52080.625000
1064.339844	52086.046875
1063.203125	52288.070313
1062.065430	52220.796875
1060.927734	51852.328125
1059.790039	52374.667969
1058.652344	51995.621094
1057.514648	52406.710938
1056.375977	51739.605469
1055.237305	51875.253906
1054.098633	52309.605469
1052.959961	51950.109375
1051.820313	52220.027344
1050.681641	52123.007813
1049.541992	52234.996094
1048.402344	52451.406250
1047.261719	51911.019531
1046.122070	52214.785156
1044.981445	52369.281250
1043.840820	52442.761719
1042.700195	52175.406250
1041.558594	52344.722656
1040.417969	51636.722656
1039.276367	51780.523438
1038.134766	52009.414063
1036.992188	52250.984375
1035.850586	51694.574219
1034.708008	52082.894531
1033.565430	51524.589844
1032.422852	51749.050781
1031.280273	51524.812500
1030.136719	52127.566406
1028.994141	51924.589844
1027.850586	51494.312500
1026.706055	51812.042969
1025.562500	51934.230469
1024.417969	51574.265625
1023.273438	51324.851563
1022.128906	51523.480469
1020.984375	51497.035156
1019.839844	51551.242188
1018.694336	51531.164063
1017.548828	51335.011719
1016.403320	51919.480469
1015.256836	52130.492188
1014.111328	51535.714844
1012.964844	51882.386719
1011.818359	51743.562500
1010.671875	52155.757813
1009.524414	51631.324219
1008.377930	51799.773438
1007.230469	51112.507813
1006.083008	51268.285156
1004.934570	51891.894531
1003.787109	51569.070313
1002.638672	51832.605469
1001.490234	52235.695313
1000.341797	52539.203125
999.193359	52415.320313
998.043945	52209.000000
996.894531	52861.222656
995.745117	52447.714844
994.595703	52509.933594
993.446289	52823.609375
992.295898	52788.539063
991.145508	52947.828125
989.995117	52826.144531
988.844727	52446.875000
987.693359	52635.691406
986.541992	52387.468750
985.390625	52669.085938
984.239258	52760.679688
983.087891	52426.062500
981.935547	52812.980469
980.783203	53168.121094
979.630859	53143.574219
978.478516	53060.003906
977.325195	53526.609375
976.172852	53044.683594
975.019531	53435.261719
973.865234	53151.554688
972.711914	52926.925781
971.557617	53022.472656
970.404297	52987.441406
969.250000	52950.316406
968.094727	52845.851563
966.940430	53101.265625
965.785156	52540.246094
964.629883	52770.375000
963.474609	52905.773438
962.319336	52872.898438
961.163086	52720.191406
960.007813	52708.375000
958.851563	52669.238281
957.694336	53426.492188
956.538086	52862.015625
955.380859	52890.082031
954.223633	53361.253906
953.066406	52721.507813
951.909180	53083.371094
950.751953	52804.921875
949.593750	52396.460938
948.435547	52460.238281
947.277344	52158.972656
946.118164	52474.449219
944.959961	52070.539063
943.800781	52685.726563
942.641602	52231.609375
941.482422	52209.402344
940.322266	52576.953125
939.162109	52196.429688
938.001953	52519.855469
936.841797	52602.312500
935.681641	52364.371094
934.520508	52683.394531
933.360352	52663.207031
932.198242	52433.750000
931.037109	52407.335938
929.875977	52263.777344
928.713867	52569.960938
927.551758	52775.652344
926.389648	53002.171875
925.227539	53174.257813
924.064453	52830.035156
922.901367	53018.796875
921.738281	53109.292969
920.575195	52963.710938
919.412109	53313.152344
918.248047	52908.652344
917.083984	53322.691406
915.919922	53567.500000
914.755859	53893.605469
913.590820	54090.222656
912.426758	54222.093750
911.261719	54431.085938
910.095703	54423.113281
908.930664	55140.734375
907.764648	55053.414063
906.598633	54811.890625
905.432617	55306.058594
904.266602	55106.242188
903.099609	54610.695313
901.933594	54798.457031
900.766602	54792.496094
899.599609	54451.335938
898.431641	53993.734375
897.264648	54310.496094
896.096680	53721.996094
894.928711	53678.777344
893.759766	53677.171875
892.591797	53875.210938
891.422852	53775.839844
890.253906	53707.683594
889.084961	53795.441406
887.916016	54242.675781
886.746094	53941.761719
885.576172	53736.511719
884.406250	54279.039063
883.236328	54098.718750
882.065430	54331.625000
880.895508	54248.917969
879.724609	54350.953125
878.552734	54558.773438
877.381836	54872.320313
876.209961	54544.804688
875.039063	54528.488281
873.866211	55183.984375
872.694336	55053.531250
871.522461	54958.355469
870.349609	54869.433594
869.176758	54904.859375
868.003906	55398.085938
866.830078	55534.882813
865.657227	55460.402344
864.483398	55729.640625
863.309570	56373.453125
862.135742	56665.183594
860.960938	56617.437500
859.786133	56979.351563
858.611328	56627.492188
857.436523	56490.847656
856.261719	56854.640625
855.085938	56376.886719
853.910156	56128.738281
852.734375	55767.015625
851.558594	56120.335938
850.382813	56085.144531
849.206055	56262.703125
848.029297	56512.472656
846.852539	55921.824219
845.674805	56592.675781
844.498047	57209.613281
843.320313	57388.851563
842.142578	57968.273438
840.963867	57965.773438
839.786133	59013.027344
838.607422	59795.957031
837.428711	59850.839844
836.250000	60486.964844
835.070313	60758.085938
833.891602	60363.566406
832.711914	60424.472656
831.532227	59420.484375
830.352539	59187.054688
829.171875	58109.539063
827.991211	57610.878906
826.810547	57318.218750
825.629883	56550.312500
824.449219	56404.031250
823.267578	55817.593750
822.085938	55735.250000
820.904297	55527.503906
819.722656	55272.542969
818.540039	54826.515625
817.357422	54873.882813
816.174805	54865.750000
814.992188	54882.269531
813.809570	54660.519531
812.625977	54397.773438
811.442383	54241.894531
810.258789	54075.804688
809.074219	54603.503906
807.890625	54258.875000
806.706055	54263.156250
805.521484	54265.386719
804.336914	54704.457031
803.151367	54271.882813
801.966797	53843.562500
800.781250	54456.695313
799.594727	54016.199219
798.409180	54092.218750
797.222656	53408.164063
796.037109	53885.722656
794.849609	53222.433594
793.663086	53337.437500
792.476563	53251.781250
791.289063	52949.195313
790.101563	52970.046875
788.914063	52716.726563
787.725586	52884.890625
786.538086	52283.988281
785.349609	52143.398438
784.161133	52428.101563
782.971680	52489.894531
781.783203	52539.398438
780.593750	52386.593750
779.404297	52060.191406
778.214844	51962.679688
777.024414	52055.121094
775.834961	51976.011719
774.644531	51807.113281
773.454102	51840.332031
772.262695	52116.378906
771.072266	52294.386719
769.880859	51801.195313
768.689453	52087.285156
767.497070	52222.367188
766.305664	51970.035156
765.113281	52292.617188
763.920898	52386.820313
762.728516	52487.097656
761.536133	53076.273438
760.342773	52555.136719
759.149414	53109.457031
757.956055	53005.906250
756.762695	53313.605469
755.568359	53468.539063
754.374023	53900.167969
753.179688	53792.464844
751.985352	53792.617188
750.791016	53516.164063
749.595703	53319.113281
748.400391	53473.859375
747.205078	53114.273438
746.009766	52551.585938
744.813477	52346.726563
743.617188	52178.507813
742.420898	52197.218750
741.224609	51720.406250
740.027344	51434.628906
738.830078	51632.101563
737.632813	51167.832031
736.435547	51162.351563
735.238281	51037.164063
734.040039	51244.699219
732.841797	51527.199219
731.643555	51428.367188
730.445313	51106.554688
729.246094	50981.484375
728.046875	50619.339844
726.847656	50796.312500
725.648438	51072.488281
724.449219	50530.250000
723.249023	50397.289063
722.048828	50649.078125
720.848633	50584.972656
719.647461	50929.730469
718.447266	50895.941406
717.246094	50607.238281
716.044922	50294.363281
714.842773	50744.078125
713.641602	50528.351563
712.439453	50593.722656
711.237305	50758.113281
710.035156	50481.867188
708.832031	50882.621094
707.629883	50594.332031
706.426758	50758.589844
705.223633	50797.578125
704.019531	50973.847656
702.815430	50681.707031
701.612305	50401.785156
700.408203	51112.777344
699.203125	50592.781250
697.999023	50668.054688
696.793945	50866.320313
695.588867	50866.898438
694.383789	50667.882813
693.177734	51017.207031
691.971680	50949.230469
690.766602	51463.593750
689.559570	51327.054688
688.353516	51404.070313
687.146484	51358.214844
685.939453	51074.785156
684.732422	51375.250000
683.525391	51089.906250
682.318359	50911.320313
681.110352	50539.652344
679.902344	50435.660156
678.693359	50303.546875
677.485352	50605.812500
676.276367	50867.753906
675.067383	50667.285156
673.858398	50925.093750
672.649414	50999.957031
671.439453	50628.808594
670.229492	50661.515625
669.019531	51224.367188
667.809570	50730.902344
666.598633	50699.328125
665.387695	50471.070313
664.176758	50277.011719
662.965820	50861.464844
661.754883	50601.203125
660.542969	50423.265625
659.331055	50437.890625
658.119141	50496.609375
656.906250	50180.480469
655.694336	50642.035156
654.481445	50524.351563
653.268555	49927.929688
652.054688	50223.019531
650.841797	50353.792969
649.627930	49797.769531
648.414063	50483.062500
647.200195	50497.625000
645.985352	50498.167969
644.770508	50604.746094
643.555664	50381.234375
642.340820	50893.769531
641.125977	50440.335938
639.910156	50059.039063
638.694336	50637.304688
637.478516	50376.011719
636.262695	50634.308594
635.045898	50742.679688
633.829102	50759.132813
632.612305	50006.761719
631.395508	50494.527344
630.177734	50029.933594
628.959961	50270.027344
627.742188	49669.957031
626.524414	50023.738281
625.306641	49739.093750
624.087891	49901.273438
622.869141	49971.671875
621.650391	50073.937500
620.430664	49731.683594
619.211914	49491.187500
617.992188	49958.093750
616.772461	49400.906250
615.551758	49704.332031
614.332031	49736.820313
613.111328	49615.996094
611.890625	49435.496094
610.669922	49298.843750
609.448242	49154.285156
608.226563	49326.097656
607.004883	49390.433594
605.783203	49237.976563
604.561523	49648.265625
603.338867	49913.281250
602.116211	49778.691406
600.893555	49793.191406
599.669922	49541.445313
598.447266	49271.917969
597.223633	49761.167969
596.000000	49414.253906
594.775391	49784.167969
593.551758	49473.101563
592.327148	49658.296875
591.102539	49746.195313
589.877930	49613.847656
588.652344	49850.476563
587.426758	49833.175781
586.201172	50212.425781
584.975586	50137.570313
583.750000	50038.957031
582.523438	49841.300781
581.296875	50509.511719
580.070313	50416.820313
578.842773	50615.292969
577.616211	50605.777344
576.388672	50976.371094
575.161133	50796.562500
573.932617	50537.656250
572.705078	51103.929688
571.476563	50528.539063
570.248047	50671.332031
569.018555	50373.085938
567.790039	50304.296875
566.560547	49907.386719
565.331055	49876.257813
564.101563	49938.007813
562.871094	49928.613281
561.641602	49810.578125
560.411133	49862.425781
559.179688	49560.812500
557.949219	49271.152344
556.717773	49484.917969
555.486328	49430.214844
554.254883	49411.042969
553.023438	49241.953125
551.791016	48899.363281
550.558594	48900.015625
549.326172	48811.945313
548.093750	48605.636719
546.860352	49073.421875
545.627930	49192.257813
544.393555	48806.707031
543.160156	49018.121094
541.926758	48516.554688
540.692383	48631.460938
539.458008	48559.304688
538.223633	48687.929688
536.988281	48745.664063
535.752930	48769.925781
534.517578	48351.578125
533.282227	48495.871094
532.046875	48693.199219
530.810547	48801.980469
529.574219	48665.019531
528.337891	48771.792969
527.101563	48868.703125
525.864258	48826.093750
524.626953	48865.992188
523.389648	48758.589844
522.152344	48979.113281
520.914063	48530.156250
519.675781	49101.953125
518.437500	49051.484375
517.199219	48461.503906
515.959961	48750.519531
514.721680	48939.402344
513.482422	48867.425781
512.242188	49087.578125
511.002930	48747.062500
509.762695	48571.289063
508.522461	48542.531250
507.282227	48887.945313
506.041016	48494.832031
504.800781	48475.886719
503.559570	48298.363281
502.318359	48438.015625
501.076172	48751.796875
499.833984	48394.289063
498.592773	48496.667969
497.349609	48573.574219
496.107422	48323.859375
494.864258	48588.472656
493.622070	48755.238281
492.377930	48646.347656
491.134766	48699.695313
489.891602	48672.910156
488.647461	48271.078125
487.403320	48377.191406
486.158203	48698.054688
484.914063	48657.617188
483.668945	48503.980469
482.423828	48746.566406
481.178711	48479.796875
479.932617	48402.355469
478.686523	48594.105469
477.440430	48768.230469
476.194336	48909.140625
474.948242	48874.554688
473.701172	48871.164063
472.454102	48577.421875
471.207031	49039.718750
469.958984	48868.769531
468.711914	49527.531250
467.463867	49202.726563
466.215820	49238.195313
464.966797	49075.117188
463.718750	49480.343750
462.469727	49470.984375
461.220703	49669.773438
459.970703	49967.679688
458.721680	50092.402344
457.471680	50277.343750
456.221680	50238.671875
454.970703	50837.476563
453.720703	50596.625000
452.469727	51066.906250
451.218750	51463.195313
449.966797	51690.378906
448.715820	52265.027344
447.463867	52614.269531
446.211914	52604.308594
444.959961	53694.632813
443.707031	53732.968750
442.454102	53780.988281
441.201172	54096.628906
439.948242	53335.964844
438.695313	52899.351563
437.441406	52077.167969
436.187500	51261.113281
434.933594	50115.968750
433.678711	49645.414063
432.424805	49872.304688
431.169922	49624.667969
429.914063	49361.628906
428.659180	49381.312500
427.403320	48986.812500
426.147461	48646.636719
424.891602	48937.289063
423.635742	48324.511719
422.378906	48207.054688
421.122070	48569.160156
419.865234	48364.699219
418.608398	48320.738281
417.350586	48485.496094
416.092773	48885.906250
414.834961	48030.539063
413.577148	48139.242188
412.318359	48213.144531
411.059570	48134.500000
409.800781	48090.625000
408.541992	48274.492188
407.282227	48479.511719
406.022461	48032.390625
404.762695	47986.632813
403.502930	48151.085938
402.242188	47978.062500
400.981445	47995.945313
