#Wave		#Intensity
2001.248047	36231.839844
2000.278320	36251.890625
1999.308594	36403.445313
1998.338867	36251.761719
1997.369141	36252.949219
1996.398438	36101.343750
1995.428711	36067.492188
1994.458008	36216.437500
1993.487305	36117.484375
1992.516602	36371.492188
1991.545898	36375.152344
1990.574219	36388.816406
1989.603516	36129.789063
1988.631836	36110.972656
1987.660156	36099.664063
1986.688477	36023.347656
1985.715820	36409.550781
1984.744141	36220.722656
1983.771484	36389.332031
1982.798828	36530.394531
1981.826172	35861.984375
1980.853516	36225.390625
1979.880859	36421.347656
1978.907227	36492.386719
1977.933594	36296.277344
1976.959961	36284.941406
1975.986328	36825.136719
1975.012695	36659.011719
1974.039063	36413.109375
1973.064453	36239.625000
1972.089844	36063.710938
1971.115234	36423.937500
1970.140625	36482.386719
1969.166016	36428.652344
1968.190430	36621.652344
1967.215820	36807.109375
1966.240234	36088.175781
1965.264648	36664.714844
1964.289063	36337.046875
1963.312500	36612.054688
1962.336914	36735.105469
1961.360352	36385.187500
1960.383789	36806.871094
1959.407227	36733.250000
1958.430664	36475.562500
1957.454102	36237.859375
1956.476563	36641.855469
1955.499023	37033.277344
1954.521484	37096.410156
1953.543945	36615.171875
1952.566406	36569.000000
1951.587891	36883.132813
1950.610352	36836.929688
1949.631836	37131.027344
1948.653320	36826.519531
1947.674805	37048.507813
1946.696289	36965.066406
1945.716797	36978.453125
1944.737305	36731.257813
1943.758789	37226.035156
1942.779297	36991.285156
1941.798828	36979.847656
1940.819336	37159.371094
1939.838867	37289.234375
1938.859375	37300.058594
1937.878906	36968.828125
1936.898438	37472.863281
1935.916992	37354.800781
1934.936523	37286.324219
1933.955078	36863.675781
1932.974609	37421.855469
1931.993164	37041.417969
1931.010742	37393.890625
1930.029297	37469.023438
1929.047852	37106.097656
1928.065430	37121.863281
1927.083008	37011.457031
1926.100586	37502.132813
1925.118164	37418.898438
1924.135742	37184.867188
1923.152344	37526.921875
1922.168945	37290.476563
1921.185547	37249.343750
1920.202148	37084.679688
1919.218750	37125.117188
1918.235352	37516.277344
1917.250977	37433.144531
1916.266602	37273.500000
1915.282227	37471.863281
1914.297852	37356.691406
1913.313477	37520.417969
1912.328125	37153.605469
1911.343750	37339.511719
1910.358398	37614.144531
1909.373047	37104.472656
1908.387695	37016.597656
1907.401367	37219.648438
1906.416016	37676.500000
1905.429688	37467.812500
1904.443359	37623.859375
1903.457031	37257.593750
1902.470703	37842.187500
1901.483398	37608.988281
1900.497070	37663.945313
1899.509766	36990.203125
1898.522461	37488.281250
1897.535156	37036.285156
1896.546875	37642.437500
1895.559570	37554.652344
1894.571289	37636.605469
1893.583008	37666.886719
1892.594727	37434.074219
1891.606445	37405.378906
1890.618164	37039.964844
1889.628906	37232.515625
1888.639648	37427.453125
1887.650391	37325.078125
1886.661133	37465.890625
1885.671875	37547.718750
1884.682617	37587.777344
1883.692383	37694.101563
1882.702148	37633.484375
1881.711914	37558.164063
1880.721680	37671.792969
1879.731445	37689.707031
1878.740234	37678.183594
1877.749023	37649.492188
1876.757813	37618.363281
1875.766602	37332.292969
1874.775391	37592.890625
1873.784180	37676.957031
1872.791992	37366.523438
1871.799805	37455.496094
1870.807617	37559.132813
1869.815430	37359.074219
1868.823242	37499.414063
1867.830078	37404.699219
1866.837891	37596.375000
1865.844727	37367.082031
1864.851563	37294.453125
1863.858398	37168.031250
1862.864258	37616.417969
1861.871094	37409.285156
1860.876953	37182.664063
1859.882813	37564.804688
1858.888672	37206.253906
1857.894531	37094.632813
1856.899414	37132.089844
1855.905273	37079.148438
1854.910156	37541.558594
1853.915039	37510.539063
1852.919922	37225.609375
1851.923828	37338.675781
1850.928711	37005.062500
1849.932617	37144.964844
1848.936523	37260.421875
1847.940430	37295.335938
1846.944336	37142.437500
1845.947266	36848.160156
1844.951172	37436.566406
1843.954102	37127.714844
1842.957031	37116.304688
1841.959961	37492.351563
1840.962891	37130.042969
1839.964844	37389.027344
1838.966797	37021.992188
1837.969727	37458.660156
1836.970703	37230.511719
1835.972656	37533.105469
1834.974609	37051.910156
1833.975586	37403.089844
1832.976563	37532.750000
1831.978516	37265.863281
1830.978516	37507.375000
1829.979492	37551.835938
1828.980469	37567.101563
1827.980469	37346.578125
1826.980469	37726.429688
1825.980469	37676.046875
1824.980469	37414.312500
1823.979492	37791.515625
1822.979492	37231.128906
1821.978516	37409.117188
1820.977539	37693.859375
1819.976563	37791.597656
1818.975586	37386.921875
1817.973633	37455.554688
1816.972656	37752.214844
1815.970703	37541.808594
1814.968750	37947.484375
1813.966797	37829.253906
1812.963867	38193.515625
1811.961914	37934.695313
1810.958984	37860.152344
1809.956055	38267.828125
1808.953125	38076.960938
1807.950195	37840.136719
1806.946289	37717.218750
1805.943359	38146.417969
1804.939453	38011.382813
1803.935547	37815.878906
1802.930664	38244.828125
1801.926758	38339.710938
1800.922852	37916.839844
1799.917969	38137.523438
1798.913086	37959.089844
1797.908203	38404.554688
1796.903320	38141.523438
1795.897461	37890.667969
1794.891602	38473.656250
1793.886719	38285.648438
1792.880859	38563.964844
1791.874023	38320.449219
1790.868164	38337.839844
1789.862305	38722.230469
1788.855469	38531.925781
1787.848633	38800.289063
1786.841797	38610.031250
1785.833984	38526.007813
1784.827148	38784.574219
1783.819336	39086.464844
1782.812500	38905.933594
1781.804688	38920.765625
1780.795898	38938.003906
1779.788086	39355.343750
1778.779297	39013.421875
1777.771484	38874.015625
1776.762695	39086.375000
1775.753906	39370.910156
1774.744141	39205.019531
1773.735352	39527.957031
1772.725586	39407.835938
1771.715820	39037.433594
1770.706055	39480.550781
1769.696289	39475.980469
1768.686523	39396.839844
1767.675781	39842.058594
1766.666016	39606.566406
1765.655273	39354.328125
1764.644531	40087.781250
1763.632813	40306.628906
1762.622070	40335.554688
1761.610352	40119.394531
1760.598633	40345.320313
1759.586914	40066.789063
1758.575195	39958.851563
1757.563477	40295.125000
1756.550781	40055.152344
1755.538086	40700.898438
1754.525391	40297.757813
1753.512695	41060.792969
1752.500000	40717.699219
1751.486328	40931.156250
1750.473633	41245.246094
1749.459961	40717.687500
1748.446289	40705.691406
1747.432617	40895.023438
1746.417969	41105.855469
1745.404297	41304.628906
1744.389648	41187.132813
1743.375000	41476.832031
1742.360352	41390.472656
1741.344727	41170.074219
1740.330078	41888.093750
1739.314453	41555.191406
1738.298828	41794.308594
1737.283203	41782.128906
1736.267578	41942.179688
1735.251953	42484.835938
1734.235352	42329.062500
1733.218750	42441.109375
1732.202148	42581.800781
1731.185547	42863.449219
1730.168945	42815.242188
1729.151367	43158.859375
1728.133789	43387.695313
1727.117188	43642.722656
1726.098633	43878.554688
1725.081055	44450.925781
1724.063477	44371.445313
1723.044922	44900.566406
1722.026367	44549.011719
1721.007813	44741.523438
1719.989258	45103.320313
1718.970703	45209.804688
1717.951172	45521.312500
1716.931641	45684.902344
1715.912109	46182.132813
1714.892578	45885.589844
1713.873047	46327.800781
1712.853516	45776.421875
1711.833008	46349.500000
1710.812500	45729.246094
1709.791992	46223.546875
1708.771484	46581.976563
1707.750000	46247.632813
1706.729492	46322.730469
1705.708008	46238.382813
1704.686523	45706.820313
1703.665039	45986.519531
1702.642578	45704.886719
1701.621094	46146.171875
1700.598633	45588.843750
1699.576172	46215.378906
1698.553711	45282.757813
1697.531250	45787.945313
1696.507813	45290.457031
1695.485352	45648.203125
1694.461914	45967.824219
1693.438477	45434.949219
1692.415039	45403.152344
1691.390625	45803.339844
1690.367188	45657.578125
1689.342773	45462.042969
1688.318359	45854.882813
1687.293945	45713.929688
1686.269531	45482.914063
1685.244141	45496.183594
1684.218750	45936.140625
1683.194336	46098.640625
1682.168945	45995.671875
1681.142578	45672.398438
1680.117188	45915.394531
1679.090820	46193.824219
1678.064453	45979.613281
1677.038086	46217.679688
1676.011719	46299.429688
1674.985352	46698.292969
1673.958008	46687.636719
1672.931641	46598.910156
1671.904297	47070.832031
1670.876953	47114.507813
1669.848633	47125.058594
1668.821289	46705.316406
1667.792969	47224.152344
1666.764648	46974.703125
1665.736328	47443.679688
1664.708008	47208.453125
1663.679688	47580.371094
1662.650391	47652.218750
1661.621094	47532.773438
1660.591797	47486.558594
1659.562500	47815.667969
1658.533203	47892.132813
1657.502930	48192.734375
1656.472656	48299.773438
1655.442383	48333.652344
1654.412109	48537.316406
1653.381836	48653.660156
1652.351563	48359.757813
1651.320313	48695.300781
1650.289063	48667.792969
1649.257813	48607.304688
1648.226563	49237.097656
1647.194336	49388.515625
1646.163086	49961.421875
1645.130859	49427.468750
1644.098633	49449.289063
1643.066406	49588.781250
1642.033203	50260.078125
1641.000977	49869.968750
1639.967773	50094.000000
1638.934570	50280.316406
1637.901367	50327.812500
1636.868164	50419.964844
1635.833984	50608.468750
1634.800781	50728.738281
1633.766602	51093.363281
1632.732422	50877.511719
1631.697266	51011.761719
1630.663086	51613.355469
1629.627930	50815.140625
1628.593750	51564.468750
1627.558594	51599.898438
1626.522461	51583.675781
1625.487305	52184.625000
1624.451172	52393.535156
1623.416016	52489.773438
1622.379883	52815.820313
1621.343750	53343.421875
1620.306641	53854.417969
1619.270508	54332.410156
1618.233398	55288.351563
1617.196289	55744.828125
1616.159180	57531.894531
1615.122070	58463.324219
1614.083984	59670.781250
1613.046875	60067.601563
1612.008789	61438.226563
1610.970703	61970.351563
1609.932617	62172.289063
1608.893555	62243.113281
1607.855469	61860.039063
1606.816406	60508.699219
1605.777344	59595.175781
1604.738281	58964.910156
1603.698242	57369.320313
1602.659180	56931.343750
1601.619141	55806.429688
1600.579102	54737.988281
1599.539063	54681.511719
1598.499023	53933.656250
1597.458008	53851.648438
1596.417969	53559.519531
1595.376953	53267.492188
1594.335938	53022.250000
1593.294922	53166.824219
1592.252930	52499.355469
1591.210938	52312.699219
1590.169922	52702.226563
1589.127930	52371.007813
1588.084961	52051.562500
1587.042969	52275.402344
1586.000000	51911.796875
1584.958008	52026.050781
1583.915039	52007.457031
1582.872070	52161.250000
1581.828125	51772.296875
1580.785156	52277.710938
1579.741211	51860.933594
1578.697266	51963.421875
1577.653320	51898.292969
1576.609375	52072.871094
1575.564453	52035.660156
1574.520508	52140.363281
1573.475586	52386.902344
1572.430664	52351.972656
1571.384766	52498.406250
1570.339844	52707.550781
1569.293945	52844.566406
1568.249023	52639.937500
1567.202148	52728.125000
1566.156250	52374.917969
1565.110352	52184.414063
1564.063477	51661.917969
1563.017578	51805.925781
1561.970703	51717.753906
1560.922852	51177.046875
1559.875977	51622.710938
1558.829102	50998.691406
1557.781250	50954.789063
1556.733398	51277.332031
1555.685547	51138.324219
1554.636719	50948.359375
1553.588867	51497.886719
1552.540039	50953.335938
1551.491211	50598.984375
1550.442383	50772.964844
1549.393555	50650.394531
1548.344727	50796.511719
1547.294922	50868.476563
1546.245117	51090.890625
1545.195313	50628.093750
1544.145508	51160.574219
1543.094727	50758.085938
1542.044922	50582.449219
1540.994141	50344.421875
1539.943359	50573.617188
1538.892578	50344.925781
1537.840820	50839.886719
1536.790039	50417.070313
1535.738281	50507.425781
1534.686523	50285.828125
1533.634766	50018.105469
1532.583008	50036.878906
1531.530273	49711.562500
1530.477539	49815.808594
1529.424805	49492.949219
1528.372070	49537.183594
1527.319336	49793.699219
1526.265625	49466.398438
1525.212891	50064.238281
1524.159180	49208.839844
1523.105469	49370.679688
1522.051758	49737.652344
1520.997070	49429.085938
1519.942383	49611.535156
1518.888672	49466.703125
1517.833984	49713.582031
1516.778320	49769.183594
1515.723633	49532.273438
1514.667969	49528.015625
1513.612305	49194.531250
1512.556641	49238.667969
1511.500977	49531.343750
1510.445313	49255.558594
1509.388672	49092.597656
1508.332031	49743.964844
1507.275391	49468.285156
1506.218750	49224.890625
1505.162109	49445.972656
1504.104492	49145.203125
1503.047852	49425.968750
1501.990234	49587.148438
1500.931641	48983.261719
1499.874023	49663.558594
1498.816406	49342.343750
1497.757813	49358.761719
1496.699219	49471.589844
1495.640625	49380.097656
1494.582031	48868.679688
1493.522461	49162.789063
1492.462891	49722.898438
1491.403320	49594.718750
1490.343750	48996.480469
1489.284180	49125.265625
1488.224609	49130.214844
1487.164063	49387.277344
1486.103516	49270.722656
1485.042969	49163.375000
1483.982422	49310.332031
1482.920898	49303.781250
1481.860352	49134.648438
1480.798828	48995.335938
1479.737305	49567.980469
1478.675781	49009.808594
1477.613281	49483.847656
1476.550781	49358.292969
1475.489258	49255.656250
1474.426758	49036.414063
1473.363281	49297.441406
1472.300781	49574.375000
1471.237305	49051.175781
1470.174805	48900.683594
1469.111328	49597.972656
1468.046875	48949.390625
1466.983398	49603.019531
1465.919922	49299.511719
1464.855469	49096.582031
1463.791016	49300.085938
1462.726563	49590.250000
1461.661133	49419.320313
1460.596680	49910.144531
1459.531250	49732.371094
1458.465820	50083.824219
1457.400391	49958.531250
1456.334961	50505.898438
1455.268555	49760.500000
1454.202148	49819.945313
1453.135742	50271.324219
1452.069336	50212.171875
1451.002930	50207.714844
1449.935547	50501.621094
1448.869141	49934.636719
1447.801758	50633.750000
1446.734375	50025.964844
1445.666016	50617.839844
1444.598633	50226.453125
1443.530273	50563.253906
1442.461914	50774.820313
1441.393555	51327.464844
1440.325195	51097.671875
1439.256836	51752.359375
1438.187500	51470.285156
1437.118164	52056.488281
1436.048828	51858.531250
1434.979492	51965.078125
1433.909180	52189.703125
1432.839844	52745.820313
1431.769531	52693.195313
1430.699219	52956.156250
1429.627930	53262.148438
1428.557617	52973.429688
1427.486328	53299.722656
1426.416016	53131.335938
1425.343750	52498.019531
1424.272461	52914.929688
1423.201172	52041.531250
1422.128906	52365.421875
1421.056641	52399.070313
1419.984375	52206.085938
1418.912109	53021.437500
1417.839844	52108.019531
1416.766602	51847.234375
1415.693359	52039.453125
1414.620117	51726.695313
1413.546875	51773.980469
1412.473633	52287.496094
1411.399414	52040.480469
1410.325195	52117.089844
1409.250977	51962.937500
1408.176758	51969.417969
1407.102539	52181.671875
1406.027344	52359.933594
1404.952148	51853.203125
1403.876953	51880.027344
1402.801758	52422.046875
1401.726563	52550.425781
1400.650391	52583.882813
1399.574219	52788.968750
1398.498047	52375.273438
1397.421875	52848.976563
1396.345703	52737.882813
1395.268555	52852.511719
1394.191406	52813.660156
1393.114258	53508.019531
1392.037109	53608.906250
1390.959961	53418.835938
1389.881836	54072.121094
1388.804688	53906.828125
1387.726563	53982.765625
1386.647461	54746.015625
1385.569336	54560.406250
1384.491211	54636.179688
1383.412109	55479.976563
1382.333008	55742.460938
1381.253906	55595.070313
1380.173828	55549.035156
1379.094727	55642.554688
1378.014648	55814.800781
1376.934570	55991.484375
1375.854492	55738.441406
1374.773438	55676.664063
1373.693359	55549.695313
1372.612305	54896.664063
1371.531250	55421.765625
1370.450195	54840.910156
1369.369141	54293.968750
1368.287109	53859.554688
1367.205078	53715.062500
1366.123047	53595.328125
1365.041016	53522.789063
1363.958984	53443.535156
1362.875977	53148.824219
1361.793945	52804.843750
1360.710938	52925.460938
1359.626953	52731.949219
1358.543945	52235.695313
1357.460938	52674.796875
1356.376953	52564.390625
1355.292969	52622.160156
1354.208984	52535.000000
1353.124023	52447.757813
1352.040039	52360.593750
1350.955078	52273.355469
1349.870117	52186.113281
1348.785156	52098.875000
1347.700195	52011.632813
1346.614258	51809.722656
1345.528320	51522.832031
1344.442383	51806.679688
1343.356445	51522.128906
1342.270508	51090.035156
1341.183594	51698.101563
1340.096680	51737.957031
1339.009766	51451.378906
1337.922852	51332.554688
1336.835938	51437.265625
1335.748047	51039.160156
1334.661133	51054.515625
1333.573242	51411.625000
1332.484375	51610.035156
1331.396484	51247.906250
1330.307617	51548.968750
1329.219727	51657.953125
1328.130859	51081.761719
1327.041992	51155.089844
1325.952148	51609.871094
1324.863281	51350.726563
1323.773438	51956.953125
1322.683594	51394.593750
1321.593750	51891.351563
1320.502930	51509.746094
1319.413086	51112.675781
1318.322266	51399.769531
1317.231445	51539.730469
1316.140625	51595.000000
1315.048828	51570.082031
1313.958008	51502.867188
1312.866211	51480.195313
1311.774414	51502.042969
1310.682617	51815.390625
1309.589844	51872.761719
1308.498047	51569.750000
1307.405273	52309.925781
1306.312500	51971.363281
1305.218750	52166.496094
1304.125977	52048.136719
1303.032227	52249.851563
1301.939453	51962.640625
1300.845703	52330.914063
1299.750977	52197.054688
1298.657227	52336.402344
1297.562500	52378.000000
1296.467773	52794.765625
1295.373047	52771.890625
1294.278320	52780.089844
1293.183594	52455.460938
1292.087891	53047.156250
1290.992188	53396.871094
1289.896484	52560.027344
1288.800781	52794.402344
1287.704102	53124.015625
1286.608398	53307.222656
1285.511719	53248.816406
1284.415039	52718.500000
1283.317383	52815.281250
1282.220703	52799.066406
1281.123047	52209.324219
1280.025391	52153.371094
1278.927734	51670.207031
1277.830078	52118.980469
1276.731445	51901.531250
1275.633789	52060.269531
1274.535156	51267.781250
1273.436523	50920.113281
1272.336914	50800.324219
1271.238281	51045.359375
1270.138672	50244.781250
1269.039063	50737.343750
1267.939453	50162.484375
1266.839844	50338.964844
1265.739258	50080.242188
1264.638672	50329.542969
1263.538086	49874.398438
1262.437500	49481.230469
1261.336914	48951.359375
1260.235352	49600.109375
1259.134766	48849.761719
1258.033203	49218.125000
1256.930664	48739.402344
1255.829102	48446.089844
1254.726563	48525.492188
1253.625000	47906.070313
1252.522461	48358.015625
1251.418945	48556.378906
1250.316406	48410.968750
1249.212891	47798.617188
1248.110352	47873.632813
1247.006836	47928.800781
1245.902344	47319.066406
1244.798828	47605.437500
1243.694336	47572.585938
1242.589844	47647.566406
1241.485352	47425.515625
1240.380859	47256.332031
1239.276367	47252.152344
1238.170898	47058.871094
1237.065430	47224.000000
1235.959961	47263.781250
1234.854492	47242.011719
1233.748047	47198.277344
1232.642578	46921.691406
1231.536133	47051.542969
1230.429688	47082.523438
1229.322266	46858.800781
1228.215820	46705.402344
1227.108398	46486.214844
1226.000977	46348.300781
1224.893555	46190.683594
1223.786133	46313.906250
1222.677734	46369.093750
1221.569336	46301.460938
1220.460938	46542.984375
1219.352539	46159.687500
1218.244141	46214.851563
1217.134766	45851.472656
1216.025391	46038.121094
1214.916016	46084.511719
1213.806641	46141.835938
1212.697266	46002.066406
1211.586914	46262.980469
1210.476563	45689.847656
1209.366211	46600.683594
1208.255859	46399.660156
1207.145508	46386.843750
1206.034180	46244.984375
1204.922852	46678.316406
1203.811523	46208.484375
1202.700195	46462.406250
1201.587891	46473.625000
1200.476563	46049.968750
1199.364258	46423.941406
1198.251953	46828.359375
1197.138672	46939.960938
1196.026367	47031.867188
1194.913086	47704.488281
1193.799805	47025.664063
1192.686523	47193.886719
1191.573242	47706.812500
1190.458984	47076.347656
1189.344727	47586.921875
1188.230469	47316.554688
1187.116211	47211.996094
1186.001953	47052.972656
1184.886719	47175.187500
1183.772461	46994.433594
1182.657227	47007.664063
1181.541016	47245.273438
1180.425781	47136.476563
1179.309570	47258.554688
1178.193359	46655.539063
1177.077148	46290.023438
1175.960938	46214.121094
1174.844727	46479.890625
1173.727539	46153.765625
1172.610352	46260.648438
1171.493164	46356.617188
1170.375977	46206.824219
1169.257813	45754.878906
1168.139648	45890.007813
1167.022461	45686.042969
1165.903320	45666.851563
1164.785156	45895.335938
1163.666992	45261.386719
1162.547852	45433.390625
1161.428711	45212.312500
1160.309570	45494.980469
1159.189453	45289.164063
1158.070313	45348.179688
1156.950195	45543.871094
1155.830078	45487.839844
1154.709961	45266.980469
1153.588867	45386.671875
1152.468750	44938.250000
1151.347656	45248.718750
1150.226563	44999.882813
1149.104492	45191.039063
1147.983398	45252.125000
1146.861328	45501.652344
1145.739258	45239.945313
1144.617188	45080.109375
1143.495117	45546.027344
1142.372070	45210.855469
1141.250000	45490.449219
1140.126953	46053.406250
1139.003906	45854.613281
1137.879883	45874.363281
1136.756836	46166.601563
1135.632813	45721.390625
1134.508789	45996.250000
1133.384766	46182.386719
1132.259766	46160.988281
1131.135742	46191.453125
1130.010742	45748.796875
1128.885742	46157.304688
1127.759766	45626.269531
1126.634766	45702.144531
1125.508789	45713.222656
1124.382813	45948.765625
1123.256836	45806.578125
1122.130859	45550.093750
1121.003906	45569.812500
1119.877930	45306.988281
1118.750977	45259.898438
1117.624023	45484.472656
1116.496094	45383.468750
1115.369141	44816.984375
1114.241211	44306.726563
1113.113281	44964.335938
1111.985352	45031.507813
1110.856445	44917.750000
1109.728516	44537.031250
1108.599609	44457.847656
1107.470703	44542.273438
1106.340820	44594.386719
1105.211914	44556.109375
1104.082031	44485.574219
1102.952148	44793.613281
1101.822266	44529.519531
1100.692383	44416.019531
1099.561523	44689.503906
1098.431641	44296.609375
1097.300781	44946.062500
1096.169922	44222.394531
1095.038086	44203.562500
1093.907227	44064.464844
1092.775391	44341.996094
1091.643555	43986.082031
1090.511719	43990.910156
1089.378906	43909.890625
1088.246094	43640.074219
1087.114258	43325.300781
1085.980469	43879.351563
1084.847656	43135.734375
1083.714844	43342.253906
1082.581055	43473.664063
1081.447266	43163.488281
1080.313477	43687.046875
1079.179688	43374.800781
1078.044922	43319.726563
1076.910156	43369.625000
1075.775391	43160.386719
1074.640625	43083.968750
1073.505859	43410.019531
1072.370117	43237.269531
1071.234375	43516.089844
1070.098633	43223.570313
1068.962891	42954.683594
1067.826172	43087.964844
1066.690430	43296.039063
1065.553711	42727.976563
1064.416992	43263.074219
1063.279297	43131.191406
1062.142578	43232.261719
1061.004883	43228.609375
1059.867188	42938.742188
1058.729492	43217.035156
1057.590820	43040.433594
1056.453125	42848.957031
1055.314453	43263.707031
1054.175781	42910.070313
1053.037109	43060.085938
1051.897461	43282.574219
1050.757813	43097.617188
1049.618164	43091.843750
1048.478516	43109.527344
1047.338867	43368.074219
1046.199219	42880.589844
1045.058594	43083.679688
1043.917969	43116.253906
1042.777344	43144.554688
1041.635742	43057.839844
1040.495117	42707.125000
1039.353516	42846.183594
1038.211914	42840.449219
1037.069336	43151.804688
1035.927734	42565.144531
1034.785156	42459.476563
1033.642578	42947.261719
1032.500000	42654.417969
1031.357422	42567.921875
1030.213867	42557.980469
1029.071289	42511.910156
1027.927734	42438.230469
1026.783203	42492.050781
1025.639648	42369.542969
1024.495117	42521.046875
1023.351563	42417.683594
1022.207031	42537.277344
1021.061523	42219.558594
1019.916992	42581.078125
1018.771484	42698.445313
1017.625977	42845.468750
1016.480469	42706.089844
1015.334961	42325.000000
1014.188477	42537.738281
1013.041992	42394.246094
1011.895508	42659.875000
1010.749023	42641.441406
1009.602539	42582.753906
1008.455078	42212.687500
1007.307617	42505.683594
1006.160156	42252.230469
1005.012695	42252.929688
1003.864258	42829.402344
1002.716797	42404.593750
1001.568359	42707.855469
1000.419922	43023.695313
999.270508	42654.078125
998.122070	42305.738281
996.972656	42780.058594
995.823242	42510.046875
994.673828	42884.804688
993.523438	42923.410156
992.373047	42302.769531
991.222656	42406.953125
990.072266	42633.597656
988.921875	42836.929688
987.771484	42457.449219
986.620117	42428.527344
985.468750	42741.527344
984.317383	42425.574219
983.165039	42839.730469
982.013672	42382.539063
980.861328	42651.019531
979.708984	42862.468750
978.555664	42723.867188
977.403320	42294.425781
976.250000	42644.914063
975.096680	42594.921875
973.943359	42943.109375
972.790039	42286.457031
971.635742	42529.277344
970.481445	42847.804688
969.327148	42467.300781
968.172852	42638.382813
967.018555	43080.867188
965.863281	42347.054688
964.708008	42688.453125
963.552734	42733.167969
962.397461	42979.738281
961.241211	42746.859375
960.084961	42587.632813
958.929688	42638.632813
957.772461	42786.269531
956.616211	42393.921875
955.458984	42461.726563
954.301758	42147.285156
953.144531	42120.617188
951.987305	42326.984375
950.830078	42161.761719
949.671875	42053.257813
948.513672	41986.753906
947.355469	42268.507813
946.196289	41776.214844
945.038086	41994.988281
943.878906	41829.996094
942.719727	41755.203125
941.560547	41760.074219
940.400391	41693.699219
939.241211	41991.890625
938.081055	41705.550781
936.919922	41999.437500
935.759766	42048.226563
934.599609	42071.871094
933.438477	41455.000000
932.277344	41962.171875
931.116211	42473.339844
929.954102	42185.171875
928.791992	41993.324219
927.630859	42169.601563
926.467773	42331.175781
925.305664	42689.191406
924.143555	42526.648438
922.980469	42773.738281
921.817383	43089.679688
920.654297	42818.523438
919.490234	42779.289063
918.327148	43061.640625
917.163086	43371.027344
915.999023	43471.558594
914.833984	43511.531250
913.669922	43710.066406
912.504883	43958.597656
911.339844	44004.707031
910.174805	43915.246094
909.008789	44434.652344
907.843750	44336.800781
906.677734	44799.656250
905.511719	44699.687500
904.345703	44620.589844
903.178711	44208.214844
902.011719	44233.367188
900.844727	43798.308594
899.677734	43831.851563
898.510742	44021.500000
897.342773	43374.429688
896.174805	43593.222656
895.006836	43493.621094
893.838867	43589.582031
892.670898	43313.246094
891.501953	43423.753906
890.333008	43103.890625
889.164063	43089.683594
887.994141	43046.386719
886.825195	42947.000000
885.655273	43435.546875
884.485352	43469.050781
883.315430	43164.054688
882.144531	43563.007813
880.973633	43397.183594
879.803711	43258.402344
878.631836	43609.382813
877.460938	43769.359375
876.289063	43821.414063
875.118164	44319.335938
873.945313	43842.515625
872.773438	44139.152344
871.601563	44226.328125
870.428711	43679.324219
869.255859	44098.066406
868.083008	44435.859375
866.910156	44102.449219
865.736328	44659.621094
864.562500	44837.691406
863.388672	45046.746094
862.214844	44976.312500
861.040039	45218.367188
859.866211	45019.648438
858.691406	45160.246094
857.516602	44992.628906
856.340820	44854.023438
855.166016	44928.410156
853.990234	44595.566406
852.814453	44614.167969
851.637695	44655.492188
850.461914	43760.964844
849.285156	44475.769531
848.108398	44632.730469
846.931641	44946.550781
845.754883	44787.523438
844.577148	45346.804688
843.399414	45363.160156
842.221680	45763.257813
841.043945	46340.605469
839.865234	46694.996094
838.687500	47368.871094
837.508789	48083.722656
836.329102	48365.441406
835.150391	48548.132813
833.970703	48320.714844
832.791992	48680.511719
831.611328	48135.953125
830.431641	47768.695313
829.251953	47080.371094
828.071289	45840.601563
826.890625	45939.121094
825.709961	45609.578125
824.528320	44965.363281
823.347656	44963.191406
822.166016	44619.605469
820.984375	44477.664063
819.801758	44335.773438
818.620117	43967.828125
817.437500	44173.398438
816.254883	43918.625000
815.072266	43916.636719
813.888672	43434.003906
812.706055	43575.855469
811.522461	43341.906250
810.338867	43301.011719
809.154297	43288.863281
807.970703	44040.097656
806.786133	43178.402344
805.601563	43076.019531
804.416992	43139.800781
803.231445	43381.957031
802.045898	43384.148438
800.861328	43347.390625
799.674805	43540.179688
798.489258	43300.546875
797.302734	42784.429688
796.117188	42923.953125
794.930664	42850.441406
793.743164	42670.484375
792.556641	42609.328125
791.369141	42484.738281
790.181641	42812.449219
788.994141	42473.035156
787.805664	42602.195313
786.618164	42487.921875
785.429688	42831.734375
784.241211	42388.296875
783.052734	42411.074219
781.863281	41873.859375
780.673828	41980.500000
779.484375	41723.449219
778.294922	41836.199219
777.105469	42353.261719
775.915039	42018.691406
774.724609	41608.707031
773.534180	41478.500000
772.343750	42293.175781
771.152344	41938.453125
769.960938	42273.355469
768.769531	42546.945313
767.578125	41866.101563
766.385742	41691.128906
765.194336	42321.386719
764.001953	42545.843750
762.808594	43124.765625
761.616211	42678.722656
760.422852	42628.000000
759.230469	43410.230469
758.037109	43589.468750
756.842773	43660.746094
755.649414	43805.265625
754.455078	44043.339844
753.260742	44195.871094
752.066406	43931.324219
750.871094	44004.492188
749.676758	43496.058594
748.481445	43426.960938
747.286133	43266.414063
746.089844	42644.585938
744.894531	42915.019531
743.698242	42886.703125
742.501953	42494.812500
741.304688	42539.695313
740.108398	42111.460938
738.911133	42091.429688
737.713867	41876.554688
736.516602	42002.683594
735.319336	41899.492188
734.121094	42139.160156
732.922852	42027.867188
731.724609	41983.527344
730.526367	41708.078125
729.327148	41815.839844
728.127930	41676.308594
726.928711	41628.007813
725.729492	41753.953125
724.530273	41517.277344
723.330078	41645.218750
722.129883	41582.777344
720.929688	41506.191406
719.728516	41520.707031
718.528320	41510.937500
717.327148	41357.515625
716.125977	41046.363281
714.923828	41552.417969
713.722656	41239.320313
712.520508	41197.250000
711.318359	41339.140625
710.116211	41321.320313
708.913086	41281.273438
707.710938	41679.632813
706.507813	41360.792969
705.304688	41132.945313
704.100586	41042.476563
702.897461	40937.914063
701.693359	41220.910156
700.489258	41249.535156
699.284180	40997.699219
698.080078	41316.828125
696.875000	41133.644531
695.669922	41378.019531
694.464844	41378.351563
693.258789	41096.480469
692.053711	41191.582031
690.847656	41520.382813
689.641602	40874.000000
688.434570	41633.773438
687.228516	41420.578125
686.021484	41322.230469
684.814453	41177.617188
683.607422	41489.937500
682.399414	41451.996094
681.191406	41468.386719
679.983398	41744.265625
678.775391	41422.710938
677.567383	41768.871094
676.358398	41604.242188
675.149414	41705.003906
673.940430	41626.863281
672.730469	41785.851563
671.521484	41671.558594
670.311523	41687.863281
669.101563	41820.636719
667.890625	41762.617188
666.680664	41415.542969
665.469727	41668.710938
664.258789	41799.375000
663.047852	41438.441406
661.835938	41474.816406
660.625000	41601.425781
659.413086	41246.738281
658.201172	41154.812500
656.988281	41183.187500
655.776367	41315.761719
654.563477	41536.445313
653.350586	40899.628906
652.136719	41028.167969
650.923828	40844.257813
649.709961	40846.621094
648.496094	40915.039063
647.282227	40563.125000
646.067383	40991.757813
644.852539	40902.050781
643.637695	40806.375000
642.422852	41154.714844
641.208008	41356.960938
639.992188	41053.328125
638.776367	40759.804688
637.560547	41001.972656
636.344727	40982.296875
635.127930	41240.308594
633.911133	41004.882813
632.694336	41109.023438
631.477539	40997.496094
630.259766	41470.890625
629.042969	40836.429688
627.825195	40846.730469
626.606445	40715.378906
625.388672	40945.109375
624.169922	41220.625000
622.951172	41468.117188
621.732422	40947.992188
620.513672	41061.894531
619.293945	40902.738281
618.074219	40920.964844
616.854492	40979.027344
615.634766	40578.972656
614.414063	41134.902344
613.193359	40587.632813
611.972656	41029.890625
610.751953	41028.160156
609.530273	41225.410156
608.309570	40740.203125
607.087891	40656.968750
605.866211	41160.437500
604.643555	40981.710938
603.420898	41055.523438
602.198242	41210.796875
600.975586	40986.453125
599.752930	41827.140625
598.529297	41129.976563
597.305664	41054.722656
596.082031	40985.453125
594.858398	40928.121094
593.633789	40962.117188
592.410156	41353.328125
591.185547	41204.679688
589.959961	40923.164063
588.735352	40901.589844
587.509766	40903.820313
586.284180	40925.875000
585.058594	40912.234375
583.832031	41306.890625
582.606445	41055.386719
581.379883	40859.449219
580.153320	41135.035156
578.925781	40994.609375
577.699219	40862.152344
576.471680	41466.218750
575.244141	41104.109375
574.015625	41521.867188
572.788086	41755.457031
571.559570	41381.621094
570.331055	41126.597656
569.101563	40873.648438
567.873047	41380.023438
566.643555	41388.054688
565.414063	41376.312500
564.184570	41295.414063
562.954102	41465.457031
561.724609	41406.296875
560.494141	41445.902344
559.263672	41057.011719
558.032227	41203.269531
556.800781	41503.429688
555.570313	41604.160156
554.337891	41385.207031
553.106445	41625.976563
551.874023	41531.359375
550.642578	41253.378906
549.409180	41162.804688
548.176758	41397.515625
546.944336	41419.281250
545.710938	41494.238281
544.477539	41675.554688
543.243164	41234.363281
542.009766	41277.800781
540.775391	41427.542969
539.541016	41825.273438
538.306641	41345.015625
537.071289	41600.921875
535.836914	41063.824219
534.601563	41191.816406
533.366211	41386.632813
532.129883	41457.488281
530.894531	41107.585938
529.658203	41194.187500
528.421875	41626.644531
527.184570	41591.289063
525.948242	41220.007813
524.710938	41667.925781
523.473633	41683.632813
522.235352	41349.843750
520.998047	41432.347656
519.759766	41428.460938
518.521484	41357.851563
517.283203	41387.328125
516.043945	41520.753906
514.804688	41381.523438
513.565430	40899.191406
512.326172	41663.902344
511.085938	41583.515625
509.846680	41058.300781
508.606445	41540.394531
507.366211	41859.707031
506.125000	41021.351563
504.883789	41924.195313
503.643555	41614.769531
502.401367	41088.171875
501.160156	41475.761719
499.917969	41076.574219
498.675781	41702.695313
497.433594	41311.437500
496.191406	41798.421875
494.948242	41943.039063
493.705078	41694.664063
492.461914	41434.652344
491.218750	41592.933594
489.975586	41463.937500
488.731445	41530.335938
487.487305	41944.359375
486.242188	41950.101563
484.998047	41465.804688
483.752930	41942.058594
482.507813	41967.312500
481.262695	41787.671875
480.016602	41943.648438
478.771484	42076.156250
477.525391	42120.859375
476.278320	42173.339844
475.032227	42258.937500
473.785156	41962.492188
472.538086	42580.078125
471.291016	42533.062500
470.043945	42673.062500
468.795898	42351.437500
467.547852	42394.054688
466.299805	42722.835938
465.051758	43059.277344
463.802734	42761.164063
462.553711	43379.597656
461.304688	43729.332031
460.055664	43981.687500
458.805664	44072.539063
457.555664	43834.781250
456.305664	44310.511719
455.055664	44321.558594
453.804688	44453.078125
452.553711	44739.964844
451.302734	45314.218750
450.051758	45457.117188
448.799805	45811.605469
447.548828	46282.433594
446.296875	46819.070313
445.043945	47204.140625
443.791992	47331.015625
442.539063	47521.855469
441.286133	47340.246094
440.033203	46871.714844
438.779297	46550.703125
437.526367	45851.832031
436.272461	45044.695313
435.017578	44524.628906
433.763672	44343.777344
432.508789	44157.183594
431.253906	43610.464844
429.999023	43449.242188
428.744141	43272.597656
427.488281	43486.968750
426.232422	42905.953125
424.976563	42892.015625
423.720703	42849.066406
422.463867	42908.632813
421.207031	43461.242188
419.950195	42994.828125
418.693359	42687.082031
417.435547	42725.371094
416.177734	42877.632813
414.919922	42834.730469
413.662109	42505.996094
412.403320	42642.761719
411.144531	43159.812500
409.885742	43072.484375
408.626953	42828.863281
407.367188	43102.453125
406.107422	43074.984375
404.847656	42538.312500
403.587891	42769.371094
402.327148	42751.613281
401.067383	42755.066406
