#Wave		#Intensity
2001.242188	33289.140625
2000.272461	33126.218750
1999.302734	33052.769531
1998.333008	33325.128906
1997.363281	33472.128906
1996.392578	33401.160156
1995.422852	32899.468750
1994.452148	33389.496094
1993.481445	33068.230469
1992.510742	33530.523438
1991.540039	32994.117188
1990.568359	33123.472656
1989.596680	33332.835938
1988.625977	33256.976563
1987.654297	33231.160156
1986.681641	33010.320313
1985.709961	33679.546875
1984.738281	33491.199219
1983.765625	33310.410156
1982.792969	33124.687500
1981.820313	33581.070313
1980.847656	33080.640625
1979.874023	33649.250000
1978.901367	33568.464844
1977.927734	33477.718750
1976.954102	33152.375000
1975.980469	33568.335938
1975.006836	33507.578125
1974.032227	33509.203125
1973.058594	33593.140625
1972.083984	33799.246094
1971.109375	33616.304688
1970.134766	33533.148438
1969.160156	33185.804688
1968.184570	33494.011719
1967.209961	33727.355469
1966.234375	33218.226563
1965.258789	33640.835938
1964.283203	33572.695313
1963.306641	33960.234375
1962.331055	33446.437500
1961.354492	33682.027344
1960.377930	33810.519531
1959.401367	33660.292969
1958.424805	33549.917969
1957.447266	33591.308594
1956.470703	33776.921875
1955.493164	33589.500000
1954.515625	33876.972656
1953.538086	33707.000000
1952.560547	33725.953125
1951.582031	33707.628906
1950.604492	33935.250000
1949.625977	33685.894531
1948.647461	33843.906250
1947.668945	33294.210938
1946.689453	33846.953125
1945.710938	33751.675781
1944.731445	33827.660156
1943.751953	33906.101563
1942.772461	33694.257813
1941.792969	34122.425781
1940.813477	33826.296875
1939.833008	34093.121094
1938.852539	33554.152344
1937.873047	33838.277344
1936.891602	34013.257813
1935.911133	33985.003906
1934.930664	34003.824219
1933.949219	33680.828125
1932.967773	34078.589844
1931.986328	33919.109375
1931.004883	33732.449219
1930.023438	34253.746094
1929.041016	33901.285156
1928.059570	34207.105469
1927.077148	33750.871094
1926.094727	34162.964844
1925.112305	33961.613281
1924.128906	33691.097656
1923.146484	33724.750000
1922.163086	34232.953125
1921.179688	33922.988281
1920.196289	34097.410156
1919.212891	34271.773438
1918.228516	34107.691406
1917.245117	33748.566406
1916.260742	34078.449219
1915.276367	34079.882813
1914.291992	34098.589844
1913.307617	33937.140625
1912.322266	34148.316406
1911.336914	33999.246094
1910.352539	33877.359375
1909.367188	34320.242188
1908.380859	34301.894531
1907.395508	33938.425781
1906.409180	34026.136719
1905.423828	34372.566406
1904.437500	34169.425781
1903.451172	34338.339844
1902.463867	33970.246094
1901.477539	34587.328125
1900.490234	34411.371094
1899.503906	34380.714844
1898.516602	34172.855469
1897.528320	34474.468750
1896.541016	34461.039063
1895.553711	34026.949219
1894.565430	34584.222656
1893.577148	34637.171875
1892.588867	34072.960938
1891.600586	34551.265625
1890.611328	34532.910156
1889.623047	34421.179688
1888.633789	34486.390625
1887.644531	34492.617188
1886.655273	34221.300781
1885.666016	34534.535156
1884.675781	34398.339844
1883.686523	34588.687500
1882.696289	34288.085938
1881.706055	34878.378906
1880.715820	34339.835938
1879.724609	34456.460938
1878.734375	34840.386719
1877.743164	34951.972656
1876.751953	34582.964844
1875.760742	34326.847656
1874.769531	34732.578125
1873.778320	35037.695313
1872.786133	34850.230469
1871.793945	34760.820313
1870.801758	34916.363281
1869.809570	35164.902344
1868.817383	35249.312500
1867.824219	34885.718750
1866.832031	34913.851563
1865.838867	34964.000000
1864.845703	34908.921875
1863.851563	35387.136719
1862.858398	34808.601563
1861.865234	34809.816406
1860.871094	35275.570313
1859.876953	34883.136719
1858.882813	34994.320313
1857.887695	35049.257813
1856.893555	35426.683594
1855.898438	35347.167969
1854.904297	35013.675781
1853.909180	35241.945313
1852.913086	35160.058594
1851.917969	35495.625000
1850.922852	35421.046875
1849.926758	35448.976563
1848.930664	35752.593750
1847.934570	35587.746094
1846.938477	35857.085938
1845.941406	35272.851563
1844.945313	35788.394531
1843.948242	36206.246094
1842.951172	36002.460938
1841.954102	35913.273438
1840.956055	35916.699219
1839.958984	35888.457031
1838.960938	36016.093750
1837.962891	36231.343750
1836.964844	36646.160156
1835.966797	36174.777344
1834.968750	36243.855469
1833.969727	36266.675781
1832.970703	36530.343750
1831.971680	36351.207031
1830.972656	36361.832031
1829.973633	36370.019531
1828.973633	36470.585938
1827.974609	36439.855469
1826.974609	36440.730469
1825.974609	36276.367188
1824.974609	36614.968750
1823.973633	36423.910156
1822.973633	36708.929688
1821.972656	36942.859375
1820.971680	37004.328125
1819.970703	36900.714844
1818.968750	36644.238281
1817.967773	36550.429688
1816.965820	36789.023438
1815.964844	36797.093750
1814.961914	36802.738281
1813.959961	37225.441406
1812.958008	37138.875000
1811.955078	37316.550781
1810.953125	37397.218750
1809.950195	37073.203125
1808.947266	37333.160156
1807.943359	37508.250000
1806.940430	37077.820313
1805.936523	37412.699219
1804.932617	37224.531250
1803.928711	37249.433594
1802.924805	37521.179688
1801.920898	37277.433594
1800.916016	37527.300781
1799.911133	37525.519531
1798.907227	37545.503906
1797.901367	37497.777344
1796.896484	37413.804688
1795.891602	37595.738281
1794.885742	37702.691406
1793.879883	37580.058594
1792.874023	37602.421875
1791.868164	37692.402344
1790.862305	37830.652344
1789.855469	37782.929688
1788.848633	37957.320313
1787.842773	38283.714844
1786.834961	38219.039063
1785.828125	38120.609375
1784.821289	38495.042969
1783.813477	38401.417969
1782.805664	38117.308594
1781.797852	38573.519531
1780.790039	38805.371094
1779.782227	38571.953125
1778.773438	38071.121094
1777.764648	38780.003906
1776.755859	38467.214844
1775.747070	38915.644531
1774.738281	38463.261719
1773.729492	38718.914063
1772.719727	38649.488281
1771.709961	38791.886719
1770.700195	38958.304688
1769.690430	38951.421875
1768.680664	38898.835938
1767.669922	38752.464844
1766.659180	39481.476563
1765.648438	39399.968750
1764.637695	39496.375000
1763.626953	39460.554688
1762.615234	39434.359375
1761.604492	39528.300781
1760.592773	39480.480469
1759.581055	39929.843750
1758.569336	39874.757813
1757.556641	39973.355469
1756.544922	40071.910156
1755.532227	40535.250000
1754.519531	40000.156250
1753.506836	40185.023438
1752.494141	40360.230469
1751.480469	40480.210938
1750.466797	40674.484375
1749.454102	40557.003906
1748.440430	40851.871094
1747.425781	40736.796875
1746.412109	40923.691406
1745.397461	41206.355469
1744.383789	41369.144531
1743.369141	40657.691406
1742.353516	41270.699219
1741.338867	40820.480469
1740.324219	41447.601563
1739.308594	41346.929688
1738.292969	41365.937500
1737.277344	41691.171875
1736.261719	41925.390625
1735.245117	42025.597656
1734.229492	42250.105469
1733.212891	42142.218750
1732.196289	42720.398438
1731.179688	42956.609375
1730.162109	43075.652344
1729.145508	43122.976563
1728.127930	43483.195313
1727.110352	43673.722656
1726.092773	43584.808594
1725.075195	44434.164063
1724.056641	44409.589844
1723.039063	44537.761719
1722.020508	45083.457031
1721.001953	45118.414063
1719.983398	45258.312500
1718.963867	45534.097656
1717.945313	45681.023438
1716.925781	45768.292969
1715.906250	46320.332031
1714.886719	45804.511719
1713.867188	46587.468750
1712.846680	46345.750000
1711.826172	46549.527344
1710.806641	46186.441406
1709.786133	46030.632813
1708.764648	46448.609375
1707.744141	46985.449219
1706.722656	46253.667969
1705.701172	46740.378906
1704.679688	46879.593750
1703.658203	47178.113281
1702.636719	47017.554688
1701.614258	46838.027344
1700.592773	47112.621094
1699.570313	46895.105469
1698.547852	47012.742188
1697.524414	47199.242188
1696.501953	47164.742188
1695.478516	46916.488281
1694.456055	47200.261719
1693.432617	47206.136719
1692.408203	47781.746094
1691.384766	47709.187500
1690.360352	47356.636719
1689.336914	47417.042969
1688.312500	47690.925781
1687.288086	48367.914063
1686.262695	47764.121094
1685.238281	48170.562500
1684.212891	48448.851563
1683.187500	48101.332031
1682.162109	48313.175781
1681.136719	49093.570313
1680.110352	48603.984375
1679.084961	49099.832031
1678.058594	49408.433594
1677.032227	49030.320313
1676.005859	49469.015625
1674.978516	49753.710938
1673.952148	49751.976563
1672.924805	49627.218750
1671.897461	49351.109375
1670.870117	49829.550781
1669.842773	49541.675781
1668.814453	50100.292969
1667.787109	50117.402344
1666.758789	50460.644531
1665.730469	49865.671875
1664.701172	50334.050781
1663.672852	50088.898438
1662.643555	50294.917969
1661.615234	50378.074219
1660.585938	50435.230469
1659.555664	51021.105469
1658.526367	50596.675781
1657.497070	50767.019531
1656.466797	51387.902344
1655.436523	51642.957031
1654.406250	50956.933594
1653.375977	51237.906250
1652.344727	51799.320313
1651.313477	51653.402344
1650.282227	51601.800781
1649.250977	51691.593750
1648.219727	51503.363281
1647.188477	51687.351563
1646.156250	52007.867188
1645.124023	51972.718750
1644.091797	51883.441406
1643.059570	52413.222656
1642.027344	52394.492188
1640.994141	52368.707031
1639.961914	52594.644531
1638.928711	52684.078125
1637.895508	52782.886719
1636.861328	53297.824219
1635.828125	53067.367188
1634.793945	53553.863281
1633.759766	53875.687500
1632.725586	53715.730469
1631.691406	54711.609375
1630.656250	54826.359375
1629.622070	55103.101563
1628.586914	54952.421875
1627.551758	55508.386719
1626.516602	55667.500000
1625.480469	56253.640625
1624.445313	56909.957031
1623.409180	57451.093750
1622.373047	57846.621094
1621.336914	58764.929688
1620.300781	59314.820313
1619.263672	60588.847656
1618.227539	61466.332031
1617.190430	62931.667969
1616.153320	63967.734375
1615.115234	65333.714844
1614.078125	66155.851563
1613.040039	67947.125000
1612.001953	68517.992188
1610.963867	68910.750000
1609.925781	68818.906250
1608.887695	68942.367188
1607.848633	67315.796875
1606.809570	66735.398438
1605.770508	65731.898438
1604.731445	64370.988281
1603.692383	63728.296875
1602.652344	62478.085938
1601.613281	61307.777344
1600.573242	60796.816406
1599.533203	60519.656250
1598.492188	59333.964844
1597.452148	58797.929688
1596.411133	58894.859375
1595.370117	58387.101563
1594.329102	58351.019531
1593.288086	57820.203125
1592.247070	57504.234375
1591.205078	57263.027344
1590.163086	57486.066406
1589.121094	56951.105469
1588.079102	57190.437500
1587.036133	57187.234375
1585.994141	57477.710938
1584.951172	56873.210938
1583.908203	57072.765625
1582.865234	57078.894531
1581.822266	57313.277344
1580.778320	57177.300781
1579.734375	57977.355469
1578.691406	57720.257813
1577.646484	58112.617188
1576.602539	58309.359375
1575.558594	58394.347656
1574.513672	58504.894531
1573.468750	58773.554688
1572.423828	58439.835938
1571.378906	58926.957031
1570.333008	59495.261719
1569.288086	58575.894531
1568.242188	58212.230469
1567.196289	57920.718750
1566.150391	57773.328125
1565.103516	57361.222656
1564.057617	56946.937500
1563.010742	56360.996094
1561.963867	56346.292969
1560.916992	55983.460938
1559.869141	55346.949219
1558.822266	55729.148438
1557.774414	55568.425781
1556.726563	55669.820313
1555.678711	55567.128906
1554.630859	55381.007813
1553.582031	54717.457031
1552.534180	54902.355469
1551.485352	54686.324219
1550.436523	55288.167969
1549.386719	55162.476563
1548.337891	54881.660156
1547.288086	54725.980469
1546.238281	54331.906250
1545.188477	54590.695313
1544.138672	54703.593750
1543.088867	54244.937500
1542.038086	54464.269531
1540.987305	54540.117188
1539.936523	54403.175781
1538.885742	54252.410156
1537.834961	54069.332031
1536.783203	53969.527344
1535.731445	53657.148438
1534.679688	54687.281250
1533.627930	53746.535156
1532.576172	53951.726563
1531.523438	54108.347656
1530.471680	54015.550781
1529.418945	53502.652344
1528.366211	53698.496094
1527.312500	53356.597656
1526.259766	52857.929688
1525.206055	52945.359375
1524.152344	53173.445313
1523.098633	53479.847656
1522.044922	52651.812500
1520.990234	53075.757813
1519.936523	52794.300781
1518.881836	52969.199219
1517.827148	52609.531250
1516.772461	53051.597656
1515.716797	52848.644531
1514.662109	52634.250000
1513.606445	52659.363281
1512.550781	52470.394531
1511.495117	52194.039063
1510.438477	52520.640625
1509.382813	52948.355469
1508.326172	52032.601563
1507.269531	52998.390625
1506.212891	52903.824219
1505.155273	52602.382813
1504.098633	52900.968750
1503.041016	52808.761719
1501.983398	52606.296875
1500.925781	53035.660156
1499.867188	52729.863281
1498.809570	53025.851563
1497.750977	52630.613281
1496.692383	52848.453125
1495.633789	52912.433594
1494.575195	53029.171875
1493.515625	52861.355469
1492.457031	52881.703125
1491.397461	52959.386719
1490.337891	52681.593750
1489.277344	52734.054688
1488.217773	52662.710938
1487.157227	52472.207031
1486.096680	52508.632813
1485.036133	52515.257813
1483.975586	52966.281250
1482.915039	53126.269531
1481.853516	53059.500000
1480.791992	53223.988281
1479.730469	52806.988281
1478.668945	53630.597656
1477.606445	53030.609375
1476.544922	52808.328125
1475.482422	52878.917969
1474.419922	53127.867188
1473.357422	53472.765625
1472.293945	53248.273438
1471.231445	52845.562500
1470.167969	53647.398438
1469.104492	53208.195313
1468.041016	53242.058594
1466.976563	53333.007813
1465.913086	53704.824219
1464.848633	53807.074219
1463.784180	53637.613281
1462.719727	53988.625000
1461.655273	53691.390625
1460.589844	54108.433594
1459.524414	54146.628906
1458.458984	54805.210938
1457.393555	54453.300781
1456.328125	54051.351563
1455.261719	54153.351563
1454.196289	54471.843750
1453.129883	54473.457031
1452.063477	54743.921875
1450.996094	54474.398438
1449.929688	54967.968750
1448.862305	55354.332031
1447.794922	55141.753906
1446.727539	55225.183594
1445.660156	55121.949219
1444.591797	55446.554688
1443.524414	55798.347656
1442.456055	56482.121094
1441.387695	56105.804688
1440.318359	56455.007813
1439.250000	56999.605469
1438.180664	57048.464844
1437.111328	57092.757813
1436.041992	57514.234375
1434.972656	57465.277344
1433.903320	57802.484375
1432.833008	58219.058594
1431.762695	57656.820313
1430.692383	58357.046875
1429.622070	58734.703125
1428.550781	58601.593750
1427.480469	59335.300781
1426.409180	59882.714844
1425.337891	59828.851563
1424.266602	60065.285156
1423.194336	60308.433594
1422.122070	60614.968750
1421.050781	60778.593750
1419.978516	61019.207031
1418.905273	61318.644531
1417.833008	61033.503906
1416.759766	60680.515625
1415.687500	60508.816406
1414.614258	60106.234375
1413.540039	59574.761719
1412.466797	59428.242188
1411.392578	59442.441406
1410.319336	58558.414063
1409.245117	58923.386719
1408.169922	58539.601563
1407.095703	58872.781250
1406.020508	58688.097656
1404.946289	59260.734375
1403.871094	59139.324219
1402.794922	60082.257813
1401.719727	60453.257813
1400.643555	60236.816406
1399.568359	60402.128906
1398.492188	60560.605469
1397.415039	60007.871094
1396.338867	60355.960938
1395.261719	60469.218750
1394.185547	60954.738281
1393.108398	60632.429688
1392.031250	61223.753906
1390.953125	61882.519531
1389.875977	61833.039063
1388.797852	61914.332031
1387.719727	62216.480469
1386.641602	62230.058594
1385.562500	61811.023438
1384.484375	62392.359375
1383.405273	61698.656250
1382.326172	62318.082031
1381.247070	61969.117188
1380.166992	61757.597656
1379.087891	61393.105469
1378.007813	61460.796875
1376.927734	61616.214844
1375.847656	61467.886719
1374.767578	61373.585938
1373.686523	60973.496094
1372.605469	60766.902344
1371.524414	60432.250000
1370.443359	59953.875000
1369.362305	60363.265625
1368.280273	60356.875000
1367.199219	60197.734375
1366.117188	60519.265625
1365.034180	60640.828125
1363.952148	61406.679688
1362.870117	60924.226563
1361.787109	61263.335938
1360.704102	62304.644531
1359.621094	61808.820313
1358.537109	61497.101563
1357.454102	62335.960938
1356.370117	61705.859375
1355.286133	61114.093750
1354.202148	60704.093750
1353.118164	60184.429688
1352.033203	60113.070313
1350.948242	59304.707031
1349.863281	58962.511719
1348.778320	58642.832031
1347.693359	58117.281250
1346.607422	58395.562500
1345.521484	57928.433594
1344.435547	57870.980469
1343.349609	57556.246094
1342.263672	57659.937500
1341.176758	58076.707031
1340.090820	57999.132813
1339.003906	58379.914063
1337.916016	57859.710938
1336.829102	58148.738281
1335.741211	57492.453125
1334.654297	57964.640625
1333.566406	57907.257813
1332.478516	58280.929688
1331.389648	58808.531250
1330.301758	58605.910156
1329.212891	58695.761719
1328.124023	58901.632813
1327.035156	58888.753906
1325.945313	59647.773438
1324.856445	59632.531250
1323.766602	59996.410156
1322.676758	60328.937500
1321.586914	61401.468750
1320.496094	61428.257813
1319.406250	62678.476563
1318.315430	63529.410156
1317.224609	64460.234375
1316.133789	64784.894531
1315.041992	65897.750000
1313.951172	66197.539063
1312.859375	67340.898438
1311.767578	67504.546875
1310.675781	66844.781250
1309.583008	66543.460938
1308.491211	65990.875000
1307.398438	65616.414063
1306.305664	64775.117188
1305.212891	64336.535156
1304.119141	63958.121094
1303.026367	63728.746094
1301.932617	63768.320313
1300.838867	63832.316406
1299.744141	64245.019531
1298.650391	64859.667969
1297.555664	65474.093750
1296.461914	65733.085938
1295.366211	66247.242188
1294.271484	66692.406250
1293.176758	66518.359375
1292.081055	66446.414063
1290.985352	66181.531250
1289.889648	65209.312500
1288.793945	65006.820313
1287.697266	64915.242188
1286.601563	63974.804688
1285.504883	64127.203125
1284.408203	63235.984375
1283.311523	63428.328125
1282.213867	62635.007813
1281.116211	62129.847656
1280.018555	61815.269531
1278.920898	60936.332031
1277.823242	61837.136719
1276.725586	61029.316406
1275.626953	60400.996094
1274.528320	60144.515625
1273.429688	60268.523438
1272.330078	59481.464844
1271.231445	59755.878906
1270.131836	59440.011719
1269.032227	59455.753906
1267.932617	58843.964844
1266.833008	58886.316406
1265.732422	58586.285156
1264.632813	58584.496094
1263.532227	58209.550781
1262.430664	57823.703125
1261.330078	58192.855469
1260.228516	57425.367188
1259.127930	57849.613281
1258.026367	57620.726563
1256.924805	57352.218750
1255.822266	57513.820313
1254.720703	57371.097656
1253.618164	56818.406250
1252.515625	56927.113281
1251.413086	56930.003906
1250.309570	57104.742188
1249.207031	56651.617188
1248.103516	57125.863281
1247.000000	56179.644531
1245.895508	56763.878906
1244.791992	57028.726563
1243.687500	56824.703125
1242.583008	56642.757813
1241.478516	56630.273438
1240.374023	56809.160156
1239.269531	57225.488281
1238.164063	57265.671875
1237.058594	57224.496094
1235.953125	57161.351563
1234.847656	56726.832031
1233.741211	56914.277344
1232.635742	57237.855469
1231.529297	56937.531250
1230.422852	57072.125000
1229.315430	57226.429688
1228.208984	57027.242188
1227.101563	57385.609375
1225.994141	57206.214844
1224.886719	57783.816406
1223.779297	57856.671875
1222.670898	57446.992188
1221.562500	57767.667969
1220.454102	57193.718750
1219.345703	56639.699219
1218.237305	56888.015625
1217.127930	57164.726563
1216.018555	56968.113281
1214.909180	57117.660156
1213.799805	56518.156250
1212.690430	55973.609375
1211.580078	56550.144531
1210.469727	56366.945313
1209.359375	56726.539063
1208.249023	56700.906250
1207.138672	56659.968750
1206.027344	57325.519531
1204.916016	57032.992188
1203.804688	57516.753906
1202.693359	57324.847656
1201.581055	57480.527344
1200.469727	57124.800781
1199.357422	57769.863281
1198.245117	57560.566406
1197.131836	58480.503906
1196.019531	58135.761719
1194.906250	58463.585938
1193.792969	58747.632813
1192.679688	59116.691406
1191.566406	58641.148438
1190.452148	58375.218750
1189.337891	58990.617188
1188.223633	58310.347656
1187.109375	58247.398438
1185.995117	57375.656250
1184.879883	57086.207031
1183.764648	57197.855469
1182.649414	56745.121094
1181.534180	56756.570313
1180.418945	56436.941406
1179.302734	57056.023438
1178.186523	56172.527344
1177.070313	56353.863281
1175.954102	56067.179688
1174.837891	56191.882813
1173.720703	56375.285156
1172.603516	55899.492188
1171.486328	55758.808594
1170.369141	55855.203125
1169.250977	56142.878906
1168.132813	55793.542969
1167.015625	55587.773438
1165.896484	55125.667969
1164.778320	55876.015625
1163.660156	55622.546875
1162.541016	55529.878906
1161.421875	55673.921875
1160.302734	55906.921875
1159.182617	55519.046875
1158.063477	56235.933594
1156.943359	55457.574219
1155.823242	55662.230469
1154.703125	55786.558594
1153.582031	55503.140625
1152.461914	55445.316406
1151.340820	55723.519531
1150.219727	55630.992188
1149.097656	55636.011719
1147.976563	55697.363281
1146.854492	55685.035156
1145.732422	55819.984375
1144.610352	55779.480469
1143.488281	55632.906250
1142.365234	55863.027344
1141.243164	56281.355469
1140.120117	56530.746094
1138.996094	56844.945313
1137.873047	56533.902344
1136.750000	57008.019531
1135.625977	56716.519531
1134.501953	56725.621094
1133.377930	57275.089844
1132.252930	57139.285156
1131.127930	56612.445313
1130.003906	56701.480469
1128.878906	56490.253906
1127.752930	56447.546875
1126.627930	56296.894531
1125.501953	56586.671875
1124.375977	56246.113281
1123.250000	56397.683594
1122.124023	56042.171875
1120.997070	56528.078125
1119.871094	56616.960938
1118.744141	56384.507813
1117.617188	56206.039063
1116.489258	56510.484375
1115.362305	56258.773438
1114.234375	55901.574219
1113.106445	56330.851563
1111.978516	55751.898438
1110.849609	55741.707031
1109.721680	56463.609375
1108.592773	56380.089844
1107.463867	55879.031250
1106.333984	56185.160156
1105.205078	55796.199219
1104.075195	55880.652344
1102.945313	56601.722656
1101.815430	56058.054688
1100.685547	56559.519531
1099.554688	56071.945313
1098.424805	56457.156250
1097.293945	56010.605469
1096.162109	56644.906250
1095.031250	56385.363281
1093.899414	56922.710938
1092.768555	56302.460938
1091.636719	56171.929688
1090.503906	56292.589844
1089.372070	55771.507813
1088.239258	55229.160156
1087.106445	55641.683594
1085.973633	55517.816406
1084.840820	55333.945313
1083.708008	55746.214844
1082.574219	55731.722656
1081.440430	56208.066406
1080.306641	55964.191406
1079.171875	55572.558594
1078.038086	56029.386719
1076.903320	55837.070313
1075.768555	56156.625000
1074.633789	56369.003906
1073.498047	56178.867188
1072.363281	56517.437500
1071.227539	56569.140625
1070.091797	56013.214844
1068.956055	56715.261719
1067.819336	56668.515625
1066.682617	56889.066406
1065.546875	56666.992188
1064.409180	56141.468750
1063.272461	56932.597656
1062.135742	56541.828125
1060.998047	56725.871094
1059.860352	56570.230469
1058.722656	56160.511719
1057.583984	56259.109375
1056.446289	56268.011719
1055.307617	56287.574219
1054.168945	56533.332031
1053.029297	56444.023438
1051.890625	56448.605469
1050.750977	56126.867188
1049.611328	56210.398438
1048.471680	56174.507813
1047.332031	56264.390625
1046.191406	56477.851563
1045.051758	56906.445313
1043.911133	56832.093750
1042.769531	56076.140625
1041.628906	56457.714844
1040.487305	56662.414063
1039.346680	56241.140625
1038.205078	56882.140625
1037.062500	56169.425781
1035.920898	56012.304688
1034.778320	56721.062500
1033.635742	56423.515625
1032.493164	55896.406250
1031.350586	55684.160156
1030.207031	56407.328125
1029.063477	56048.410156
1027.919922	56244.246094
1026.776367	56083.070313
1025.632813	55998.425781
1024.488281	56124.066406
1023.343750	55814.355469
1022.199219	56111.949219
1021.054688	56390.324219
1019.910156	56365.109375
1018.764648	56649.695313
1017.619141	56111.039063
1016.473633	56418.894531
1015.327148	56332.183594
1014.181641	56480.859375
1013.035156	56498.039063
1011.888672	56415.593750
1010.742188	56371.320313
1009.594727	56583.429688
1008.448242	56255.277344
1007.300781	56238.582031
1006.153320	56289.656250
1005.005859	56698.511719
1003.857422	57003.496094
1002.708984	57678.734375
1001.560547	57331.679688
1000.412109	57754.847656
999.263672	58135.546875
998.114258	57932.406250
996.965820	58329.843750
995.816406	58109.824219
994.666016	58760.722656
993.516602	58536.468750
992.366211	58185.523438
991.215820	57978.355469
990.065430	58311.968750
988.915039	58351.921875
987.763672	58024.480469
986.613281	58668.207031
985.461914	58482.230469
984.309570	58454.589844
983.158203	58211.750000
982.005859	58876.054688
980.854492	58498.246094
979.701172	58023.574219
978.548828	57816.828125
977.396484	58175.062500
976.243164	58480.472656
975.089844	58168.390625
973.936523	58404.167969
972.783203	58441.855469
971.628906	58140.476563
970.474609	57986.593750
969.320313	58161.167969
968.166016	57470.617188
967.010742	57575.773438
965.856445	57653.535156
964.701172	58433.867188
963.545898	57766.902344
962.390625	58002.289063
961.234375	57997.910156
960.078125	58424.449219
958.921875	58136.265625
957.765625	57928.031250
956.609375	58549.722656
955.452148	58213.355469
954.294922	58364.335938
953.137695	58244.390625
951.980469	58036.316406
950.822266	57700.277344
949.665039	57861.722656
948.506836	57806.996094
947.347656	58018.703125
946.189453	57930.398438
945.030273	57655.492188
943.872070	57764.367188
942.712891	57833.371094
941.552734	57604.738281
940.393555	57460.000000
939.233398	58054.882813
938.073242	58297.632813
936.913086	58236.613281
935.752930	58230.058594
934.591797	57976.464844
933.430664	58286.019531
932.269531	58350.601563
931.108398	58787.605469
929.947266	58333.253906
928.785156	58521.187500
927.623047	58456.015625
926.460938	58367.863281
925.298828	58434.437500
924.135742	58634.746094
922.972656	58588.398438
921.810547	58531.617188
920.646484	58769.390625
919.483398	58712.589844
918.319336	58941.882813
917.155273	59106.121094
915.991211	59270.355469
914.827148	59434.593750
913.662109	59598.968750
912.498047	59763.207031
911.333008	59927.582031
910.167969	60091.957031
909.001953	60654.242188
907.836914	60553.394531
906.670898	60592.230469
905.504883	60974.890625
904.337891	60682.347656
903.171875	60323.250000
902.004883	60455.812500
900.837891	60153.105469
899.670898	59758.902344
898.503906	59752.019531
897.335938	59817.980469
896.167969	59344.976563
895.000000	60020.550781
893.832031	59443.675781
892.663086	59418.128906
891.495117	59735.667969
890.326172	59431.496094
889.156250	60014.957031
887.987305	59463.542969
886.817383	59872.250000
885.648438	59927.648438
884.478516	59634.093750
883.307617	60133.902344
882.137695	59792.660156
880.966797	60263.187500
879.795898	60077.703125
878.625000	60203.539063
877.454102	60744.257813
876.282227	60370.015625
875.110352	60852.429688
873.938477	61510.914063
872.766602	61271.484375
871.593750	61154.429688
870.421875	61049.851563
869.249023	61262.324219
868.076172	60938.167969
866.902344	61467.472656
865.729492	62031.781250
864.555664	61945.757813
863.381836	62265.496094
862.207031	62616.160156
861.033203	62484.542969
859.858398	62971.578125
858.683594	63218.476563
857.508789	62948.246094
856.333984	62715.335938
855.158203	62486.640625
853.982422	62295.234375
852.806641	62242.355469
851.630859	62141.976563
850.454102	62157.312500
849.278320	62311.031250
848.101563	62078.519531
846.924805	62705.003906
845.747070	62398.183594
844.570313	62789.082031
843.392578	63006.496094
842.214844	63475.535156
841.036133	64472.468750
839.858398	64679.128906
838.679688	65324.921875
837.500977	65923.054688
836.322266	66588.976563
835.143555	66560.140625
833.963867	66205.757813
832.784180	66393.304688
831.604492	65563.273438
830.424805	64824.160156
829.244141	64077.082031
828.063477	63826.398438
826.882813	63269.132813
825.702148	62868.464844
824.521484	62208.703125
823.339844	61876.257813
822.158203	61365.000000
820.976563	61951.992188
819.794922	61724.621094
818.612305	61398.667969
817.430664	61070.777344
816.248047	61577.238281
815.064453	61017.285156
813.881836	61180.546875
812.698242	60838.550781
811.514648	60720.484375
810.331055	60532.660156
809.147461	60777.980469
807.962891	61355.640625
806.778320	61428.363281
805.593750	61673.371094
804.409180	61600.382813
803.224609	61461.804688
802.039063	61175.660156
800.853516	60717.433594
799.667969	60960.281250
798.482422	60510.457031
797.295898	60404.972656
796.109375	60070.117188
794.922852	59618.648438
793.736328	59726.324219
792.548828	59700.890625
791.362305	59556.753906
790.174805	59244.863281
788.986328	59221.570313
787.798828	59519.449219
786.610352	59217.957031
785.421875	58716.179688
784.233398	59214.335938
783.044922	58915.101563
781.856445	59075.816406
780.666992	59032.136719
779.477539	58788.257813
778.288086	58519.953125
777.097656	59021.660156
775.907227	58839.167969
774.717773	58603.660156
773.526367	58851.968750
772.335938	58536.957031
771.144531	58260.824219
769.954102	58549.847656
768.762695	58789.816406
767.570313	58656.523438
766.378906	58947.343750
765.186523	59127.980469
763.994141	59561.261719
762.801758	59762.085938
761.609375	59842.636719
760.416016	60247.015625
759.222656	59938.468750
758.029297	60240.871094
756.835938	60559.441406
755.641602	60191.972656
754.447266	61049.703125
753.252930	60444.222656
752.058594	60967.964844
750.864258	60735.992188
749.668945	60503.832031
748.473633	60271.671875
747.278320	60039.511719
746.083008	59807.351563
744.886719	59575.000000
743.690430	59391.210938
742.494141	58890.621094
741.297852	58796.382813
740.100586	59548.867188
738.904297	58469.953125
737.707031	58879.199219
736.509766	58103.171875
735.311523	58496.093750
734.113281	58714.414063
732.916016	58332.308594
731.716797	58503.933594
730.518555	58671.433594
729.320313	58153.730469
728.121094	58266.511719
726.921875	58055.039063
725.721680	58056.363281
724.522461	58150.859375
723.322266	57973.949219
722.122070	58027.925781
720.921875	58290.390625
719.721680	57888.878906
718.520508	57948.902344
717.319336	57992.714844
716.118164	57898.953125
714.916992	58090.394531
713.714844	57935.980469
712.513672	57929.210938
711.311523	58314.582031
710.108398	58350.179688
708.906250	58422.128906
707.703125	58831.429688
706.500000	58493.226563
705.296875	59021.507813
704.093750	59101.343750
702.889648	58914.675781
701.685547	58461.652344
700.481445	58906.792969
699.277344	59307.378906
698.072266	59195.437500
696.868164	59482.871094
695.663086	59197.519531
694.457031	59462.660156
693.251953	59675.292969
692.045898	60018.843750
690.839844	59904.863281
689.633789	60046.773438
688.427734	59763.632813
687.220703	60205.574219
686.013672	59777.531250
684.806641	59536.867188
683.599609	59720.968750
682.391602	58989.386719
681.184570	58944.152344
679.976563	59273.085938
678.767578	58855.742188
677.559570	59184.562500
676.350586	58853.832031
675.141602	58832.773438
673.932617	59177.484375
672.723633	58981.554688
671.513672	58594.847656
670.303711	59531.929688
669.093750	59093.046875
667.883789	59017.738281
666.672852	58647.363281
665.462891	58582.195313
664.251953	58904.343750
663.040039	58580.332031
661.829102	58382.816406
660.617188	58251.554688
659.405273	58846.214844
658.193359	58953.480469
656.981445	58597.679688
655.768555	58340.210938
654.555664	58627.835938
653.342773	58935.382813
652.129883	58948.378906
650.916016	58831.203125
649.702148	58766.125000
648.488281	59471.765625
647.274414	59596.722656
646.059570	60462.023438
644.845703	60586.742188
643.630859	60527.382813
642.416016	61002.027344
641.200195	61070.578125
639.984375	60767.253906
638.769531	60641.933594
637.552734	60712.503906
636.336914	60215.593750
635.120117	59686.906250
633.904297	59603.816406
632.687500	59444.867188
631.469727	59204.117188
630.252930	59079.234375
629.035156	58696.937500
627.817383	58486.386719
626.599609	58066.429688
625.380859	58233.066406
624.163086	58054.621094
622.944336	58247.117188
621.724609	58240.175781
620.505859	58621.914063
619.286133	58172.492188
618.066406	58131.691406
616.846680	58118.792969
615.626953	58639.671875
614.406250	58210.492188
613.186523	58547.984375
611.965820	58351.871094
610.744141	58110.054688
609.523438	58459.308594
608.301758	58382.683594
607.080078	58152.925781
605.858398	58623.277344
604.635742	58461.156250
603.414063	58454.156250
602.191406	57910.503906
600.968750	58710.414063
599.745117	58888.140625
598.522461	58793.648438
597.298828	58478.734375
596.075195	59059.496094
594.850586	58776.410156
593.626953	58787.203125
592.402344	58958.742188
591.177734	59181.804688
589.953125	59071.492188
588.727539	59421.386719
587.501953	59543.089844
586.276367	59825.347656
585.050781	59431.503906
583.825195	59953.492188
582.598633	60174.074219
581.372070	60283.621094
580.145508	60418.871094
578.917969	61272.996094
577.691406	61045.640625
576.463867	61533.062500
575.236328	61468.050781
574.007813	61763.238281
572.780273	61686.328125
571.551758	61134.656250
570.323242	60960.972656
569.094727	61143.300781
567.865234	60491.199219
566.635742	60169.464844
565.406250	60217.437500
564.176758	59595.511719
562.947266	59313.628906
561.716797	59037.777344
560.486328	59313.035156
559.255859	58752.945313
558.024414	58623.437500
556.793945	58413.046875
555.562500	58423.757813
554.331055	58175.992188
553.098633	58632.570313
551.867188	58021.945313
550.634766	57654.093750
549.402344	57877.859375
548.168945	57975.375000
546.936523	58157.601563
545.703125	57740.730469
544.469727	57607.710938
543.236328	58087.320313
542.001953	57536.777344
540.767578	57972.898438
539.533203	57792.675781
538.298828	57677.468750
537.064453	57585.917969
535.829102	58066.945313
534.593750	57674.378906
533.358398	58080.464844
532.122070	58032.156250
530.886719	58150.976563
529.650391	58083.011719
528.414063	58400.265625
527.176758	59075.007813
525.940430	58594.347656
524.703125	58581.335938
523.465820	58692.042969
522.227539	58203.863281
520.990234	58854.437500
519.751953	58505.757813
518.513672	58357.359375
517.275391	58595.523438
516.036133	58870.859375
514.796875	58667.554688
513.557617	59266.308594
512.318359	58857.152344
511.079102	58793.125000
509.838867	58695.804688
508.598633	58539.734375
507.358398	58511.058594
506.117188	58541.144531
504.876953	58514.429688
503.635742	58804.898438
502.394531	58754.648438
501.152344	58489.128906
499.911133	58446.781250
498.668945	58222.496094
497.425781	58103.921875
496.183594	58982.777344
494.941406	58408.515625
493.698242	58700.500000
492.455078	58869.230469
491.210938	58236.683594
489.967773	58561.738281
488.723633	58886.667969
487.479492	59256.394531
486.235352	58967.914063
484.990234	58497.972656
483.745117	59088.128906
482.500000	59045.738281
481.254883	58952.628906
480.008789	59029.277344
478.763672	59591.566406
477.517578	59139.574219
476.271484	59687.976563
475.024414	59774.164063
473.777344	60252.066406
472.530273	59899.660156
471.283203	60287.734375
470.036133	60155.562500
468.788086	60087.710938
467.540039	60187.335938
466.291992	60386.210938
465.043945	60380.628906
463.794922	60419.804688
462.545898	60455.074219
461.296875	60663.460938
460.047852	60937.894531
458.797852	61363.902344
457.547852	61214.250000
456.297852	61185.171875
455.047852	61319.355469
453.796875	61601.164063
452.545898	62079.082031
451.294922	62541.277344
450.043945	62556.628906
448.792969	62645.753906
447.541016	63589.011719
446.289063	64058.320313
445.036133	64312.050781
443.784180	64687.910156
442.531250	65238.210938
441.278320	65041.609375
440.025391	64304.070313
438.771484	63989.453125
437.518555	63552.832031
436.264648	62197.769531
435.010742	62092.980469
433.755859	60976.984375
432.500977	60610.980469
431.246094	60860.925781
429.991211	60229.824219
428.736328	60272.613281
427.480469	59905.074219
426.224609	60094.968750
424.968750	59882.371094
423.712891	59520.906250
422.456055	59534.765625
421.199219	59765.179688
419.942383	59541.195313
418.685547	58982.906250
417.427734	59677.082031
416.169922	59082.265625
414.912109	58964.816406
413.654297	59055.996094
412.395508	59123.968750
411.136719	59276.859375
409.877930	58794.625000
408.619141	58742.945313
407.359375	58870.726563
406.099609	58977.238281
404.839844	59226.441406
403.580078	59165.062500
402.319336	59047.789063
401.059570	59100.199219
