#Wave		#Intensity
2001.242188	31842.876953
2000.272461	31446.845703
1999.302734	31696.976563
1998.333008	31866.839844
1997.363281	31665.869141
1996.392578	31978.447266
1995.422852	32178.220703
1994.452148	31974.792969
1993.481445	32016.775391
1992.510742	32076.263672
1991.540039	31830.414063
1990.568359	31877.400391
1989.596680	31679.201172
1988.625977	31986.328125
1987.654297	32058.267578
1986.681641	32107.675781
1985.709961	32054.568359
1984.738281	32133.953125
1983.765625	32435.728516
1982.792969	31830.382813
1981.820313	32079.640625
1980.847656	32226.400391
1979.874023	31851.162109
1978.901367	31865.572266
1977.927734	32464.150391
1976.954102	31919.332031
1975.980469	32180.783203
1975.006836	31985.525391
1974.032227	32246.871094
1973.058594	32510.619141
1972.083984	31774.236328
1971.109375	31918.287109
1970.134766	32049.820313
1969.160156	32430.562500
1968.184570	32434.861328
1967.209961	32110.255859
1966.234375	32017.447266
1965.258789	32452.720703
1964.283203	32232.875000
1963.306641	31940.894531
1962.331055	31850.666016
1961.354492	32235.878906
1960.377930	32332.273438
1959.401367	32197.232422
1958.424805	32510.033203
1957.447266	32623.738281
1956.470703	32374.316406
1955.493164	32639.675781
1954.515625	32855.222656
1953.538086	32822.132813
1952.560547	32190.130859
1951.582031	32564.658203
1950.604492	32799.933594
1949.625977	32525.939453
1948.647461	32202.371094
1947.668945	32509.589844
1946.689453	32692.572266
1945.710938	32741.457031
1944.731445	32656.312500
1943.751953	32176.679688
1942.772461	32744.111328
1941.792969	32455.617188
1940.813477	32343.298828
1939.833008	32322.757813
1938.852539	32966.613281
1937.873047	32549.388672
1936.891602	32925.332031
1935.911133	32959.207031
1934.930664	32685.884766
1933.949219	32779.234375
1932.967773	32615.001953
1931.986328	32827.179688
1931.004883	32712.501953
1930.023438	32493.908203
1929.041016	33337.046875
1928.059570	32435.513672
1927.077148	32721.746094
1926.094727	33002.929688
1925.112305	32848.765625
1924.128906	32934.496094
1923.146484	32768.035156
1922.163086	32621.408203
1921.179688	32739.253906
1920.196289	32918.828125
1919.212891	33056.339844
1918.228516	33062.894531
1917.245117	33267.011719
1916.260742	32969.824219
1915.276367	32781.363281
1914.291992	32960.734375
1913.307617	32787.144531
1912.322266	32830.746094
1911.336914	33204.894531
1910.352539	33351.996094
1909.367188	32983.636719
1908.380859	33120.859375
1907.395508	33213.656250
1906.409180	33232.480469
1905.423828	33039.359375
1904.437500	33070.523438
1903.451172	33303.679688
1902.463867	33815.074219
1901.477539	33139.316406
1900.490234	33286.156250
1899.503906	33536.335938
1898.516602	34007.945313
1897.528320	32894.582031
1896.541016	33159.460938
1895.553711	33655.484375
1894.565430	33438.054688
1893.577148	33501.042969
1892.588867	33721.363281
1891.600586	33710.531250
1890.611328	33569.429688
1889.623047	33448.039063
1888.633789	33053.960938
1887.644531	33097.289063
1886.655273	33663.757813
1885.666016	33888.683594
1884.675781	33497.257813
1883.686523	33321.992188
1882.696289	33654.847656
1881.706055	33646.484375
1880.715820	33755.890625
1879.724609	33578.246094
1878.734375	33751.394531
1877.743164	33711.132813
1876.751953	34021.496094
1875.760742	33775.285156
1874.769531	33784.054688
1873.778320	33611.484375
1872.786133	33679.082031
1871.793945	34099.410156
1870.801758	34005.246094
1869.809570	34214.765625
1868.817383	33726.421875
1867.824219	33889.402344
1866.832031	34091.484375
1865.838867	33992.503906
1864.845703	33940.042969
1863.851563	33894.937500
1862.858398	33778.917969
1861.865234	34149.570313
1860.871094	33903.960938
1859.876953	34350.234375
1858.882813	34217.105469
1857.887695	34357.707031
1856.893555	34153.765625
1855.898438	34416.464844
1854.904297	34215.023438
1853.909180	34497.156250
1852.913086	34691.292969
1851.917969	34436.199219
1850.922852	34535.089844
1849.926758	34455.812500
1848.930664	34915.750000
1847.934570	34651.035156
1846.938477	34854.687500
1845.941406	34416.941406
1844.945313	35152.058594
1843.948242	34614.468750
1842.951172	34637.625000
1841.954102	35084.769531
1840.956055	34986.015625
1839.958984	35091.910156
1838.960938	35044.332031
1837.962891	35138.000000
1836.964844	35085.558594
1835.966797	34877.343750
1834.968750	35146.218750
1833.969727	35062.164063
1832.970703	35170.339844
1831.971680	35020.632813
1830.972656	35046.082031
1829.973633	35222.285156
1828.973633	35741.222656
1827.974609	35253.636719
1826.974609	35541.500000
1825.974609	35588.699219
1824.974609	35276.312500
1823.973633	35571.304688
1822.973633	35667.042969
1821.972656	35723.894531
1820.971680	35855.984375
1819.970703	35643.343750
1818.968750	35588.523438
1817.967773	35584.679688
1816.965820	35937.472656
1815.964844	36231.917969
1814.961914	35886.003906
1813.959961	35751.164063
1812.958008	36033.363281
1811.955078	35644.031250
1810.953125	35824.359375
1809.950195	36232.394531
1808.947266	35944.980469
1807.943359	36461.843750
1806.940430	35941.996094
1805.936523	36233.488281
1804.932617	36471.617188
1803.928711	36290.906250
1802.924805	36395.832031
1801.920898	36462.910156
1800.916016	36530.054688
1799.911133	36597.195313
1798.907227	36664.273438
1797.901367	36731.484375
1796.896484	36798.625000
1795.891602	36865.769531
1794.885742	37045.351563
1793.879883	36734.371094
1792.874023	37061.273438
1791.868164	36682.761719
1790.862305	37011.972656
1789.855469	37085.125000
1788.848633	37054.437500
1787.842773	37045.488281
1786.834961	37135.480469
1785.828125	37449.835938
1784.821289	37033.113281
1783.813477	37330.488281
1782.805664	37273.257813
1781.797852	37317.312500
1780.790039	37226.351563
1779.782227	37427.062500
1778.773438	37533.722656
1777.764648	37582.511719
1776.755859	37662.601563
1775.747070	37906.445313
1774.738281	37822.691406
1773.729492	37659.507813
1772.719727	37392.867188
1771.709961	37679.902344
1770.700195	37783.945313
1769.690430	37541.480469
1768.680664	38470.636719
1767.669922	37956.343750
1766.659180	38396.925781
1765.648438	38245.882813
1764.637695	38279.992188
1763.626953	38318.894531
1762.615234	38062.207031
1761.604492	38250.093750
1760.592773	38125.628906
1759.581055	38483.960938
1758.569336	39156.750000
1757.556641	38792.089844
1756.544922	38946.066406
1755.532227	38655.972656
1754.519531	38617.941406
1753.506836	39206.128906
1752.494141	38844.171875
1751.480469	38556.695313
1750.466797	39410.750000
1749.454102	39195.195313
1748.440430	39660.500000
1747.425781	39456.957031
1746.412109	39277.449219
1745.397461	39752.070313
1744.383789	39646.824219
1743.369141	39376.363281
1742.353516	39886.628906
1741.338867	39802.960938
1740.324219	39922.789063
1739.308594	39927.691406
1738.292969	40265.207031
1737.277344	40241.335938
1736.261719	40612.156250
1735.245117	40743.687500
1734.229492	40638.437500
1733.212891	41068.757813
1732.196289	41307.699219
1731.179688	41192.839844
1730.162109	40984.832031
1729.145508	41453.003906
1728.127930	41849.351563
1727.110352	41849.109375
1726.092773	42352.695313
1725.075195	41953.664063
1724.056641	42920.121094
1723.039063	43394.605469
1722.020508	42580.410156
1721.001953	43195.539063
1719.983398	43433.574219
1718.963867	43399.648438
1717.945313	43666.171875
1716.925781	44018.425781
1715.906250	44027.316406
1714.886719	44009.984375
1713.867188	43928.324219
1712.846680	44513.742188
1711.826172	44236.699219
1710.806641	44814.707031
1709.786133	44430.562500
1708.764648	44491.726563
1707.744141	44445.761719
1706.722656	44587.812500
1705.701172	44349.113281
1704.679688	44629.105469
1703.658203	44204.953125
1702.636719	44304.132813
1701.614258	44526.917969
1700.592773	44697.320313
1699.570313	44437.449219
1698.547852	44750.390625
1697.524414	44659.296875
1696.501953	44679.886719
1695.478516	44603.085938
1694.456055	44229.468750
1693.432617	44708.359375
1692.408203	44660.074219
1691.384766	44830.164063
1690.360352	44748.648438
1689.336914	45134.570313
1688.312500	45136.054688
1687.288086	45367.597656
1686.262695	45236.242188
1685.238281	45052.765625
1684.212891	45364.792969
1683.187500	45923.203125
1682.162109	45822.636719
1681.136719	45866.628906
1680.110352	46083.531250
1679.084961	45926.144531
1678.058594	46618.921875
1677.032227	46257.878906
1676.005859	46727.835938
1674.978516	46499.437500
1673.952148	46547.972656
1672.924805	46700.593750
1671.897461	47004.546875
1670.870117	47114.457031
1669.842773	46997.316406
1668.814453	47088.269531
1667.787109	47146.097656
1666.758789	47280.542969
1665.730469	47414.992188
1664.701172	47549.566406
1663.672852	47684.011719
1662.643555	47818.585938
1661.615234	47953.031250
1660.585938	47918.546875
1659.555664	47612.617188
1658.526367	48340.488281
1657.497070	47942.566406
1656.466797	48266.695313
1655.436523	48331.238281
1654.406250	48624.523438
1653.375977	48273.980469
1652.344727	48340.843750
1651.313477	48565.605469
1650.282227	48514.554688
1649.250977	48454.093750
1648.219727	48765.878906
1647.188477	48759.566406
1646.156250	48816.839844
1645.124023	48433.781250
1644.091797	48775.941406
1643.059570	48995.585938
1642.027344	48800.960938
1640.994141	49011.105469
1639.961914	49209.410156
1638.928711	49214.769531
1637.895508	49161.335938
1636.861328	49399.476563
1635.828125	49802.082031
1634.793945	49915.445313
1633.759766	50092.214844
1632.725586	50099.753906
1631.691406	50353.945313
1630.656250	50821.777344
1629.622070	50739.941406
1628.586914	51362.496094
1627.551758	51477.773438
1626.516602	51743.218750
1625.480469	52609.308594
1624.445313	53315.542969
1623.409180	53310.746094
1622.373047	53882.914063
1621.336914	54656.546875
1620.300781	55701.867188
1619.263672	56261.574219
1618.227539	57193.734375
1617.190430	58866.042969
1616.153320	59429.570313
1615.115234	61084.480469
1614.078125	61832.429688
1613.040039	63106.976563
1612.001953	63786.394531
1610.963867	64079.339844
1609.925781	64498.558594
1608.887695	64157.136719
1607.848633	63499.996094
1606.809570	62277.015625
1605.770508	60914.144531
1604.731445	59970.312500
1603.692383	59290.996094
1602.652344	58036.902344
1601.613281	57309.089844
1600.573242	55957.652344
1599.533203	56062.156250
1598.492188	55257.996094
1597.452148	54806.761719
1596.411133	54596.187500
1595.370117	53778.699219
1594.329102	53899.828125
1593.288086	53220.441406
1592.247070	52716.296875
1591.205078	52949.519531
1590.163086	52713.832031
1589.121094	53023.925781
1588.079102	52562.132813
1587.036133	51962.960938
1585.994141	52247.378906
1584.951172	52529.359375
1583.908203	52170.496094
1582.865234	52300.964844
1581.822266	52717.871094
1580.778320	52682.855469
1579.734375	52780.558594
1578.691406	53104.035156
1577.646484	52778.023438
1576.602539	53315.468750
1575.558594	53326.898438
1574.513672	53896.617188
1573.468750	54063.761719
1572.423828	53961.097656
1571.378906	54323.468750
1570.333008	54046.449219
1569.288086	54060.046875
1568.242188	53873.792969
1567.196289	53360.011719
1566.150391	53183.238281
1565.103516	52346.933594
1564.057617	52358.488281
1563.010742	51921.953125
1561.963867	51525.031250
1560.916992	51044.699219
1559.869141	51091.277344
1558.822266	51179.593750
1557.774414	51049.835938
1556.726563	50973.464844
1555.678711	51077.980469
1554.630859	51386.472656
1553.582031	50811.714844
1552.534180	50800.324219
1551.485352	50666.125000
1550.436523	50613.054688
1549.386719	50921.343750
1548.337891	50625.078125
1547.288086	50616.035156
1546.238281	51019.070313
1545.188477	50540.082031
1544.138672	50968.437500
1543.088867	50600.691406
1542.038086	50593.960938
1540.987305	50501.648438
1539.936523	50571.250000
1538.885742	50631.578125
1537.834961	50812.089844
1536.783203	50544.136719
1535.731445	50197.707031
1534.679688	50223.390625
1533.627930	50528.582031
1532.576172	49907.484375
1531.523438	50512.824219
1530.471680	50069.726563
1529.418945	49855.320313
1528.366211	49553.285156
1527.312500	49906.718750
1526.259766	49934.707031
1525.206055	49383.679688
1524.152344	49891.472656
1523.098633	49714.214844
1522.044922	50104.179688
1520.990234	49666.460938
1519.936523	49756.675781
1518.881836	49243.128906
1517.827148	49591.421875
1516.772461	49734.578125
1515.716797	49548.339844
1514.662109	49366.773438
1513.606445	49740.109375
1512.550781	49850.902344
1511.495117	49984.667969
1510.438477	49892.882813
1509.382813	50005.882813
1508.326172	50075.136719
1507.269531	49574.019531
1506.212891	50415.910156
1505.155273	50241.359375
1504.098633	50395.558594
1503.041016	50540.507813
1501.983398	50092.593750
1500.925781	50249.027344
1499.867188	50095.320313
1498.809570	50263.179688
1497.750977	50054.417969
1496.692383	49990.355469
1495.633789	49839.093750
1494.575195	49481.347656
1493.515625	49566.554688
1492.457031	49810.015625
1491.397461	49397.414063
1490.337891	49585.777344
1489.277344	49968.957031
1488.217773	49703.257813
1487.157227	49717.269531
1486.096680	49960.425781
1485.036133	49344.320313
1483.975586	49715.734375
1482.915039	49617.500000
1481.853516	49736.839844
1480.791992	49883.609375
1479.730469	49895.265625
1478.668945	49918.363281
1477.606445	50257.226563
1476.544922	49689.976563
1475.482422	49699.367188
1474.419922	49907.722656
1473.357422	49930.781250
1472.293945	49882.960938
1471.231445	50050.019531
1470.167969	50221.589844
1469.104492	49833.269531
1468.041016	50087.058594
1466.976563	50224.257813
1465.913086	50450.472656
1464.848633	50308.984375
1463.784180	49994.042969
1462.719727	50546.574219
1461.655273	50510.117188
1460.589844	50617.417969
1459.524414	50955.089844
1458.458984	50585.566406
1457.393555	50599.289063
1456.328125	50936.777344
1455.261719	50945.871094
1454.196289	50711.078125
1453.129883	51214.710938
1452.063477	51077.921875
1450.996094	51212.265625
1449.929688	50979.863281
1448.862305	51417.042969
1447.794922	51740.218750
1446.727539	51341.664063
1445.660156	51701.152344
1444.591797	52001.343750
1443.524414	52735.976563
1442.456055	52712.855469
1441.387695	52764.792969
1440.318359	53239.660156
1439.250000	53564.304688
1438.180664	54295.714844
1437.111328	54008.687500
1436.041992	54326.195313
1434.972656	54441.386719
1433.903320	54860.910156
1432.833008	55645.929688
1431.762695	55581.429688
1430.692383	55764.410156
1429.622070	55974.562500
1428.550781	55864.644531
1427.480469	56145.035156
1426.409180	56516.070313
1425.337891	56925.531250
1424.266602	57425.550781
1423.194336	57077.382813
1422.122070	57899.105469
1421.050781	58226.414063
1419.978516	58249.933594
1418.905273	57965.296875
1417.833008	58115.710938
1416.759766	58032.781250
1415.687500	58205.769531
1414.614258	57853.410156
1413.540039	57537.398438
1412.466797	56488.175781
1411.392578	57003.011719
1410.319336	56388.660156
1409.245117	56199.808594
1408.169922	56286.945313
1407.095703	56855.707031
1406.020508	57157.476563
1404.946289	57068.070313
1403.871094	57168.542969
1402.794922	57388.734375
1401.719727	57251.886719
1400.643555	57505.863281
1399.568359	57626.500000
1398.492188	58243.859375
1397.415039	57770.554688
1396.338867	58037.792969
1395.261719	57842.281250
1394.185547	58481.710938
1393.108398	58243.320313
1392.031250	58934.320313
1390.953125	59234.921875
1389.875977	59747.363281
1388.797852	59860.589844
1387.719727	59676.250000
1386.641602	59919.984375
1385.562500	60163.945313
1384.484375	60407.679688
1383.405273	59793.164063
1382.326172	59512.156250
1381.247070	59683.804688
1380.166992	59342.132813
1379.087891	60058.421875
1378.007813	59377.000000
1376.927734	59384.296875
1375.847656	59191.378906
1374.767578	58800.609375
1373.686523	58596.621094
1372.605469	58559.078125
1371.524414	58296.753906
1370.443359	58162.628906
1369.362305	58233.035156
1368.280273	58155.132813
1367.199219	57978.421875
1366.117188	57961.226563
1365.034180	57887.898438
1363.952148	58153.597656
1362.870117	58910.777344
1361.787109	59292.890625
1360.704102	59293.414063
1359.621094	59538.468750
1358.537109	59556.882813
1357.454102	59079.671875
1356.370117	58882.906250
1355.286133	58849.859375
1354.202148	58137.679688
1353.118164	57336.109375
1352.033203	57800.769531
1350.948242	56717.281250
1349.863281	57206.515625
1348.778320	56405.683594
1347.693359	56453.714844
1346.607422	56483.816406
1345.521484	55976.742188
1344.435547	56297.828125
1343.349609	56106.433594
1342.263672	56326.707031
1341.176758	56426.128906
1340.090820	56263.878906
1339.003906	56864.074219
1337.916016	56404.500000
1336.829102	56881.527344
1335.741211	56779.636719
1334.654297	56329.253906
1333.566406	56984.726563
1332.478516	56798.000000
1331.389648	56760.941406
1330.301758	57165.933594
1329.212891	57233.726563
1328.124023	57805.859375
1327.035156	57688.308594
1325.945313	58271.304688
1324.856445	58642.187500
1323.766602	58578.066406
1322.676758	58979.968750
1321.586914	59856.566406
1320.496094	60177.847656
1319.406250	60770.890625
1318.315430	61330.289063
1317.224609	62475.367188
1316.133789	62954.070313
1315.041992	64158.562500
1313.951172	64621.195313
1312.859375	64700.777344
1311.767578	64684.625000
1310.675781	64846.492188
1309.583008	64741.320313
1308.491211	64124.550781
1307.398438	63559.160156
1306.305664	62607.054688
1305.212891	62473.445313
1304.119141	61986.453125
1303.026367	61608.531250
1301.932617	61784.031250
1300.838867	61539.578125
1299.744141	62636.839844
1298.650391	62785.402344
1297.555664	63591.160156
1296.461914	64267.859375
1295.366211	64515.921875
1294.271484	64435.445313
1293.176758	64816.511719
1292.081055	64077.132813
1290.985352	64396.015625
1289.889648	63413.035156
1288.793945	62960.320313
1287.697266	62414.664063
1286.601563	62520.832031
1285.504883	61829.187500
1284.408203	61315.042969
1283.311523	61638.433594
1282.213867	60745.769531
1281.116211	60792.339844
1280.018555	59534.835938
1278.920898	59601.523438
1277.823242	59493.343750
1276.725586	59106.386719
1275.626953	58606.730469
1274.528320	58573.988281
1273.429688	57884.410156
1272.330078	58088.406250
1271.231445	57790.472656
1270.131836	57589.902344
1269.032227	57252.378906
1267.932617	57060.812500
1266.833008	56984.191406
1265.732422	56379.691406
1264.632813	56954.695313
1263.532227	56248.847656
1262.430664	55905.296875
1261.330078	56232.859375
1260.228516	55951.226563
1259.127930	55768.976563
1258.026367	55650.765625
1256.924805	55777.417969
1255.822266	55284.363281
1254.720703	55144.250000
1253.618164	55268.710938
1252.515625	55062.527344
1251.413086	54702.164063
1250.309570	54533.609375
1249.207031	54651.472656
1248.103516	54412.507813
1247.000000	54803.394531
1245.895508	54747.214844
1244.791992	54517.156250
1243.687500	54439.035156
1242.583008	54917.640625
1241.478516	54733.871094
1240.374023	55410.210938
1239.269531	55235.210938
1238.164063	54992.105469
1237.058594	55160.191406
1235.953125	55147.976563
1234.847656	55258.828125
1233.741211	55018.085938
1232.635742	55218.988281
1231.529297	54589.570313
1230.422852	55001.289063
1229.315430	54820.039063
1228.208984	55462.054688
1227.101563	55322.484375
1225.994141	55588.929688
1224.886719	55466.933594
1223.779297	55910.933594
1222.670898	55172.625000
1221.562500	55706.417969
1220.454102	55494.589844
1219.345703	55210.500000
1218.237305	55794.394531
1217.127930	54603.183594
1216.018555	54704.988281
1214.909180	54351.144531
1213.799805	54658.816406
1212.690430	54743.035156
1211.580078	54623.617188
1210.469727	54639.953125
1209.359375	54796.335938
1208.249023	55090.507813
1207.138672	55041.113281
1206.027344	55556.039063
1204.916016	55484.703125
1203.804688	55756.660156
1202.693359	55855.820313
1201.581055	55594.308594
1200.469727	55918.539063
1199.357422	56183.656250
1198.245117	56024.890625
1197.131836	56379.433594
1196.019531	56650.867188
1194.906250	57070.660156
1193.792969	57202.160156
1192.679688	57460.191406
1191.566406	57098.417969
1190.452148	57146.929688
1189.337891	56953.300781
1188.223633	56676.863281
1187.109375	56657.824219
1185.995117	56564.664063
1184.879883	56325.496094
1183.764648	56016.675781
1182.649414	56034.800781
1181.534180	55845.957031
1180.418945	55626.687500
1179.302734	55296.433594
1178.186523	55201.445313
1177.070313	54910.566406
1175.954102	55026.800781
1174.837891	54766.523438
1173.720703	54982.820313
1172.603516	54526.859375
1171.486328	55236.824219
1170.369141	55459.437500
1169.250977	55321.054688
1168.132813	55089.250000
1167.015625	54922.730469
1165.896484	55138.707031
1164.778320	55204.695313
1163.660156	54840.570313
1162.541016	55436.492188
1161.421875	55791.175781
1160.302734	55429.308594
1159.182617	55675.328125
1158.063477	55734.621094
1156.943359	55743.988281
1155.823242	55955.097656
1154.703125	55968.753906
1153.582031	55644.097656
1152.461914	55271.859375
1151.340820	55563.101563
1150.219727	54831.218750
1149.097656	55230.781250
1147.976563	55201.203125
1146.854492	55438.082031
1145.732422	55564.414063
1144.610352	55443.839844
1143.488281	55680.535156
1142.365234	55601.105469
1141.243164	55753.277344
1140.120117	56227.804688
1138.996094	55990.378906
1137.873047	56308.945313
1136.750000	56638.203125
1135.625977	56502.453125
1134.501953	56340.804688
1133.377930	56265.675781
1132.252930	56389.386719
1131.127930	55830.273438
1130.003906	56081.476563
1128.878906	55913.558594
1127.752930	56495.054688
1126.627930	55873.707031
1125.501953	55626.039063
1124.375977	55596.453125
1123.250000	55692.035156
1122.124023	55807.000000
1120.997070	55425.773438
1119.871094	55749.945313
1118.744141	55532.746094
1117.617188	55367.371094
1116.489258	55348.628906
1115.362305	54978.597656
1114.234375	55089.218750
1113.106445	55193.332031
1111.978516	54857.992188
1110.849609	55226.996094
1109.721680	55005.886719
1108.592773	55152.984375
1107.463867	54841.562500
1106.333984	55578.289063
1105.205078	55180.832031
1104.075195	55390.167969
1102.945313	55382.191406
1101.815430	55281.742188
1100.685547	55232.929688
1099.554688	55278.718750
1098.424805	55135.351563
1097.293945	55144.605469
1096.162109	55113.035156
1095.031250	54916.066406
1093.899414	55219.582031
1092.768555	55014.074219
1091.636719	54304.113281
1090.503906	54723.480469
1089.372070	54531.042969
1088.239258	54224.953125
1087.106445	54300.843750
1085.973633	54069.972656
1084.840820	54006.460938
1083.708008	54150.953125
1082.574219	54413.300781
1081.440430	55020.632813
1080.306641	54712.683594
1079.171875	55283.308594
1078.038086	54542.695313
1076.903320	54581.968750
1075.768555	54715.445313
1074.633789	54846.734375
1073.498047	55271.238281
1072.363281	54811.664063
1071.227539	55556.988281
1070.091797	55407.746094
1068.956055	55198.664063
1067.819336	55319.007813
1066.682617	55460.691406
1065.546875	55285.910156
1064.409180	55622.054688
1063.272461	55284.886719
1062.135742	55695.687500
1060.998047	55042.445313
1059.860352	55873.914063
1058.722656	55517.714844
1057.583984	55353.808594
1056.446289	55744.992188
1055.307617	55365.527344
1054.168945	55686.144531
1053.029297	55415.636719
1051.890625	55576.128906
1050.750977	55286.542969
1049.611328	55483.246094
1048.471680	55641.500000
1047.332031	55603.585938
1046.191406	55128.773438
1045.051758	55653.503906
1043.911133	55962.863281
1042.769531	55903.605469
1041.628906	55584.546875
1040.487305	55725.527344
1039.346680	54870.132813
1038.205078	55556.085938
1037.062500	55213.902344
1035.920898	55146.320313
1034.778320	55148.964844
1033.635742	54996.335938
1032.493164	55364.769531
1031.350586	55131.359375
1030.207031	54819.378906
1029.063477	55255.644531
1027.919922	54820.500000
1026.776367	55118.503906
1025.632813	55106.257813
1024.488281	55293.652344
1023.343750	54916.144531
1022.199219	55334.914063
1021.054688	54862.015625
1019.910156	54610.000000
1018.764648	54765.472656
1017.619141	55425.800781
1016.473633	55271.386719
1015.327148	55036.437500
1014.181641	55473.710938
1013.035156	55291.804688
1011.888672	55357.945313
1010.742188	55258.769531
1009.594727	54761.300781
1008.448242	55088.058594
1007.300781	55586.246094
1006.153320	55383.328125
1005.005859	55563.695313
1003.857422	55871.003906
1002.708984	55867.082031
1001.560547	55922.406250
1000.412109	56447.378906
999.263672	56566.031250
998.114258	56589.468750
996.965820	56591.746094
995.816406	56511.574219
994.666016	56693.527344
993.516602	56890.203125
992.366211	55912.023438
991.215820	56301.007813
990.065430	55946.371094
988.915039	56651.960938
987.763672	56514.855469
986.613281	56707.109375
985.461914	56546.824219
984.309570	56475.222656
983.158203	56620.957031
982.005859	56705.457031
980.854492	56945.996094
979.701172	57458.460938
978.548828	57471.074219
977.396484	56891.367188
976.243164	57296.070313
975.089844	57256.019531
973.936523	57152.785156
972.783203	56617.789063
971.628906	56999.062500
970.474609	56413.753906
969.320313	57157.011719
968.166016	56914.957031
967.010742	57083.347656
965.856445	56626.789063
964.701172	56938.207031
963.545898	56862.519531
962.390625	57064.429688
961.234375	57119.089844
960.078125	57032.890625
958.921875	56824.824219
957.765625	57373.292969
956.609375	57375.324219
955.452148	57299.636719
954.294922	57400.382813
953.137695	56913.164063
951.980469	57274.253906
950.822266	56785.132813
949.665039	56898.480469
948.506836	56619.425781
947.347656	56730.656250
946.189453	56718.097656
945.030273	56929.921875
943.872070	57286.335938
942.712891	57007.453125
941.552734	56776.871094
940.393555	56678.390625
939.233398	56942.390625
938.073242	57474.414063
936.913086	57840.789063
935.752930	57235.441406
934.591797	57425.863281
933.430664	57643.417969
932.269531	57737.421875
931.108398	57969.484375
929.947266	58036.187500
928.785156	57948.089844
927.623047	58382.824219
926.460938	58087.691406
925.298828	58116.687500
924.135742	58294.066406
922.972656	58009.554688
921.810547	58157.632813
920.646484	58322.363281
919.483398	58656.199219
918.319336	58538.871094
917.155273	58864.191406
915.991211	58373.226563
914.827148	58796.535156
913.662109	58712.644531
912.498047	59094.007813
911.333008	59431.421875
910.167969	59777.054688
909.001953	60095.449219
907.836914	60405.382813
906.670898	60106.589844
905.504883	60587.285156
904.337891	60036.457031
903.171875	59573.324219
902.004883	59814.324219
900.837891	59603.363281
899.670898	59810.953125
898.503906	59019.300781
897.335938	59035.445313
896.167969	59007.886719
895.000000	58630.820313
893.832031	58711.500000
892.663086	58609.136719
891.495117	58966.332031
890.326172	58637.355469
889.156250	58946.601563
887.987305	59295.214844
886.817383	59014.140625
885.648438	59030.230469
884.478516	59229.085938
883.307617	59473.546875
882.137695	59105.437500
880.966797	58924.285156
879.795898	59878.460938
878.625000	59651.574219
877.454102	60020.199219
876.282227	60054.726563
875.110352	60472.906250
873.938477	60820.433594
872.766602	60597.714844
871.593750	60858.027344
870.421875	60438.503906
869.249023	60601.363281
868.076172	61325.558594
866.902344	60680.410156
865.729492	61164.105469
864.555664	61432.289063
863.381836	61673.457031
862.207031	62065.625000
861.033203	62445.226563
859.858398	62514.347656
858.683594	62194.554688
857.508789	62094.101563
856.333984	62436.187500
855.158203	62112.445313
853.982422	61945.910156
852.806641	61248.316406
851.630859	61792.781250
850.454102	61454.925781
849.278320	61319.605469
848.101563	61646.914063
846.924805	61383.593750
845.747070	61979.125000
844.570313	62060.515625
843.392578	62820.777344
842.214844	63349.679688
841.036133	63597.847656
839.858398	63955.222656
838.679688	64613.523438
837.500977	65149.937500
836.322266	65385.203125
835.143555	66382.906250
833.963867	65836.921875
832.784180	65859.734375
831.604492	65161.628906
830.424805	65019.800781
829.244141	63722.941406
828.063477	63173.828125
826.882813	62773.105469
825.702148	61948.617188
824.521484	61805.445313
823.339844	61966.765625
822.158203	61295.074219
820.976563	61446.144531
819.794922	61089.343750
818.612305	60755.285156
817.430664	60820.046875
816.248047	60317.667969
815.064453	60756.378906
813.881836	60424.671875
812.698242	60358.003906
811.514648	60044.968750
810.331055	60715.367188
809.147461	59649.117188
807.962891	60239.300781
806.778320	60265.042969
805.593750	60729.757813
804.409180	60613.875000
803.224609	61000.425781
802.039063	60796.375000
800.853516	60559.597656
799.667969	60351.601563
798.482422	59692.886719
797.295898	59855.929688
796.109375	59670.699219
794.922852	59250.027344
793.736328	59306.582031
792.548828	58800.148438
791.362305	58799.449219
790.174805	59011.574219
788.986328	58652.781250
787.798828	58905.761719
786.610352	58510.304688
785.421875	58601.664063
784.233398	58586.679688
783.044922	58295.738281
781.856445	58229.718750
780.666992	57918.515625
779.477539	57979.242188
778.288086	58166.589844
777.097656	58594.839844
775.907227	57730.457031
774.717773	57721.757813
773.526367	58082.488281
772.335938	57798.230469
771.144531	58746.414063
769.954102	58449.890625
768.762695	58269.730469
767.570313	58917.535156
766.378906	58466.191406
765.186523	58761.066406
763.994141	59190.339844
762.801758	59126.339844
761.609375	59064.398438
760.416016	59656.320313
759.222656	59842.753906
758.029297	59821.425781
756.835938	59934.464844
755.641602	60310.023438
754.447266	60268.265625
753.252930	60269.246094
752.058594	60127.828125
750.864258	60043.406250
749.668945	59865.476563
748.473633	59171.199219
747.278320	59404.101563
746.083008	59449.937500
744.886719	59528.265625
743.690430	58629.371094
742.494141	58823.593750
741.297852	58497.851563
740.100586	57867.660156
738.904297	58191.835938
737.707031	57872.472656
736.509766	58078.820313
735.311523	58240.449219
734.113281	57840.109375
732.916016	57667.066406
731.716797	57808.398438
730.518555	57532.023438
729.320313	57697.648438
728.121094	57508.539063
726.921875	57655.863281
725.721680	57395.917969
724.522461	57182.660156
723.322266	57826.113281
722.122070	56879.878906
720.921875	57547.437500
719.721680	57395.019531
718.520508	57246.699219
717.319336	57664.945313
716.118164	57951.546875
714.916992	57311.730469
713.714844	57739.835938
712.513672	57765.449219
711.311523	57485.820313
710.108398	58055.113281
708.906250	58011.945313
707.703125	58029.394531
706.500000	58303.359375
705.296875	58605.492188
704.093750	58949.910156
702.889648	58280.792969
701.685547	58019.632813
700.481445	58267.093750
699.277344	58455.953125
698.072266	58670.960938
696.868164	58954.457031
695.663086	58782.125000
694.457031	58688.480469
693.251953	59203.617188
692.045898	59355.796875
690.839844	59475.675781
689.633789	59498.804688
688.427734	59378.917969
687.220703	59591.355469
686.013672	59197.656250
684.806641	59194.640625
683.599609	58966.203125
682.391602	58623.144531
681.184570	58060.906250
679.976563	58263.277344
678.767578	58481.656250
677.559570	58432.515625
676.350586	58473.855469
675.141602	58342.316406
673.932617	58293.218750
672.723633	58039.183594
671.513672	58456.230469
670.303711	58216.316406
669.093750	58191.367188
667.883789	57917.457031
666.672852	57980.894531
665.462891	58054.339844
664.251953	57888.957031
663.040039	57689.531250
661.829102	57758.968750
660.617188	58075.062500
659.405273	57328.289063
658.193359	58119.480469
656.981445	57727.757813
655.768555	57654.820313
654.555664	57541.835938
653.342773	57821.542969
652.129883	57844.761719
650.916016	57938.062500
649.702148	58357.679688
648.488281	58572.953125
647.274414	58742.113281
646.059570	59509.519531
644.845703	59616.410156
643.630859	60025.304688
642.416016	59928.062500
641.200195	60110.789063
639.984375	60863.214844
638.769531	60553.984375
637.552734	60192.910156
636.336914	59318.464844
635.120117	59453.179688
633.904297	59092.503906
632.687500	58420.437500
631.469727	59226.082031
630.252930	58332.660156
629.035156	58106.175781
627.817383	58498.359375
626.599609	57683.375000
625.380859	58398.625000
624.163086	57980.832031
622.944336	57820.410156
621.724609	58046.800781
620.505859	58275.097656
619.286133	57929.371094
618.066406	58117.746094
616.846680	57819.984375
615.626953	57910.710938
614.406250	57820.191406
613.186523	57924.816406
611.965820	58196.605469
610.744141	58086.175781
609.523438	57842.460938
608.301758	58229.496094
607.080078	57892.355469
605.858398	57682.613281
604.635742	57999.859375
603.414063	57931.320313
602.191406	57620.316406
600.968750	58179.828125
599.745117	58484.812500
598.522461	58342.718750
597.298828	58244.375000
596.075195	58388.320313
594.850586	58706.921875
593.626953	58801.097656
592.402344	58597.542969
591.177734	58987.351563
589.953125	58835.414063
588.727539	58893.777344
587.501953	59245.621094
586.276367	59640.953125
585.050781	59903.308594
583.825195	59763.222656
582.598633	60380.164063
581.372070	60723.457031
580.145508	60496.125000
578.917969	61494.812500
577.691406	61350.582031
576.463867	61174.726563
575.236328	61345.328125
574.007813	61458.468750
572.780273	61516.164063
571.551758	61532.289063
570.323242	61338.750000
569.094727	60625.187500
567.865234	61297.882813
566.635742	60608.312500
565.406250	60389.386719
564.176758	59992.695313
562.947266	59677.152344
561.716797	59391.359375
560.486328	59713.945313
559.255859	58812.179688
558.024414	58807.035156
556.793945	58687.406250
555.562500	58919.093750
554.331055	58829.078125
553.098633	58316.937500
551.867188	57962.773438
550.634766	58147.085938
549.402344	57536.773438
548.168945	57825.562500
546.936523	58165.484375
545.703125	58174.234375
544.469727	57588.007813
543.236328	57785.953125
542.001953	57613.582031
540.767578	58106.789063
539.533203	58003.316406
538.298828	58141.800781
537.064453	58280.281250
535.829102	58418.875000
534.593750	58557.464844
533.358398	58696.058594
532.122070	58415.601563
530.886719	58449.812500
529.650391	58694.328125
528.414063	58818.867188
527.176758	58627.007813
525.940430	59124.773438
524.703125	58822.925781
523.465820	58517.265625
522.227539	58078.203125
520.990234	58607.093750
519.751953	58776.609375
518.513672	58537.894531
517.275391	58836.839844
516.036133	59084.671875
514.796875	58800.917969
513.557617	59536.902344
512.318359	58929.691406
511.079102	58655.917969
509.838867	58803.589844
508.598633	58910.054688
507.358398	58462.082031
506.117188	58819.269531
504.876953	58422.394531
503.635742	58515.132813
502.394531	58165.437500
501.152344	58283.628906
499.911133	58693.332031
498.668945	58015.121094
497.425781	58264.316406
496.183594	58222.027344
494.941406	58447.621094
493.698242	58420.945313
492.455078	58521.320313
491.210938	58498.542969
489.967773	58356.585938
488.723633	58562.398438
487.479492	58240.792969
486.235352	58434.824219
484.990234	58402.308594
483.745117	58549.382813
482.500000	58243.628906
481.254883	58792.628906
480.008789	58555.214844
478.763672	59304.843750
477.517578	59028.417969
476.271484	59182.988281
475.024414	59754.667969
473.777344	59398.394531
472.530273	59492.394531
471.283203	59917.558594
470.036133	59524.437500
468.788086	59554.082031
467.540039	59934.203125
466.291992	59399.175781
465.043945	59956.304688
463.794922	60221.304688
462.545898	59556.156250
461.296875	60338.589844
460.047852	60708.386719
458.797852	60984.703125
457.547852	61478.664063
456.297852	61412.605469
455.047852	61039.492188
453.796875	61894.578125
452.545898	61764.355469
451.294922	61803.167969
450.043945	62492.542969
448.792969	62692.351563
447.541016	63171.632813
446.289063	63751.656250
445.036133	64005.441406
443.784180	64732.535156
442.531250	64989.914063
441.278320	64806.933594
440.025391	63937.582031
438.771484	63369.058594
437.518555	62674.757813
436.264648	61806.292969
435.010742	61482.628906
433.755859	60467.484375
432.500977	60638.097656
431.246094	60401.972656
429.991211	60111.718750
428.736328	59757.695313
427.480469	59740.562500
426.224609	59228.062500
424.968750	59686.964844
423.712891	59282.988281
422.456055	59354.910156
421.199219	59175.433594
419.942383	58785.304688
418.685547	58866.937500
417.427734	58467.347656
416.169922	58858.140625
414.912109	59067.199219
413.654297	59083.035156
412.395508	58550.453125
411.136719	58697.664063
409.877930	58962.558594
408.619141	58825.929688
407.359375	58857.222656
406.099609	58458.289063
404.839844	58946.761719
403.580078	59211.343750
402.319336	58394.167969
401.059570	58737.789063
