#Wave		#Intensity
2001.248047	33244.058594
2000.278320	33610.011719
1999.308594	33010.203125
1998.338867	32638.615234
1997.369141	33261.726563
1996.398438	33373.640625
1995.428711	33087.328125
1994.458008	32996.417969
1993.487305	33120.839844
1992.516602	33047.472656
1991.545898	32959.117188
1990.574219	33333.687500
1989.603516	33205.281250
1988.631836	33284.527344
1987.660156	32998.617188
1986.688477	33255.398438
1985.715820	33152.089844
1984.744141	33146.296875
1983.771484	32935.582031
1982.798828	32902.343750
1981.826172	33688.531250
1980.853516	33065.691406
1979.880859	33092.378906
1978.907227	33401.207031
1977.933594	33155.707031
1976.959961	33090.007813
1975.986328	33061.765625
1975.012695	33475.175781
1974.039063	33491.777344
1973.064453	33341.253906
1972.089844	32869.074219
1971.115234	33057.816406
1970.140625	32775.316406
1969.166016	33205.781250
1968.190430	33050.449219
1967.215820	33271.414063
1966.240234	33143.523438
1965.264648	33312.085938
1964.289063	32907.800781
1963.312500	33327.824219
1962.336914	33416.597656
1961.360352	33194.203125
1960.383789	33255.589844
1959.407227	33707.601563
1958.430664	33517.613281
1957.454102	33452.054688
1956.476563	33416.359375
1955.499023	33012.679688
1954.521484	33103.859375
1953.543945	33515.644531
1952.566406	33489.898438
1951.587891	33407.011719
1950.610352	33500.539063
1949.631836	33805.156250
1948.653320	33739.636719
1947.674805	33311.625000
1946.696289	33385.238281
1945.716797	33739.300781
1944.737305	33465.375000
1943.758789	33948.320313
1942.779297	33701.738281
1941.798828	33876.906250
1940.819336	33980.089844
1939.838867	33468.324219
1938.859375	33754.992188
1937.878906	33818.484375
1936.898438	33862.125000
1935.916992	33940.441406
1934.936523	33585.191406
1933.955078	34042.488281
1932.974609	33949.851563
1931.993164	34000.851563
1931.010742	34128.578125
1930.029297	34681.988281
1929.047852	34250.257813
1928.065430	33979.507813
1927.083008	33985.925781
1926.100586	33868.664063
1925.118164	33753.917969
1924.135742	34049.656250
1923.152344	34065.937500
1922.168945	34235.460938
1921.185547	33792.046875
1920.202148	34495.253906
1919.218750	34311.335938
1918.235352	34520.210938
1917.250977	34368.457031
1916.266602	34392.062500
1915.282227	34553.902344
1914.297852	34466.390625
1913.313477	34470.218750
1912.328125	34518.457031
1911.343750	34455.667969
1910.358398	34469.355469
1909.373047	34468.242188
1908.387695	34284.671875
1907.401367	34576.949219
1906.416016	34455.042969
1905.429688	34779.218750
1904.443359	34553.832031
1903.457031	34710.359375
1902.470703	34699.343750
1901.483398	34845.937500
1900.497070	34697.019531
1899.509766	34506.300781
1898.522461	34630.695313
1897.535156	34695.984375
1896.546875	34239.632813
1895.559570	34912.589844
1894.571289	34645.746094
1893.583008	34779.839844
1892.594727	35007.312500
1891.606445	34873.339844
1890.618164	34980.277344
1889.628906	34696.449219
1888.639648	34832.863281
1887.650391	34787.445313
1886.661133	34955.722656
1885.671875	35092.015625
1884.682617	34521.140625
1883.692383	34893.125000
1882.702148	34587.558594
1881.711914	34993.753906
1880.721680	34388.941406
1879.731445	34633.121094
1878.740234	34715.335938
1877.749023	34603.789063
1876.757813	34416.277344
1875.766602	34819.613281
1874.775391	34531.636719
1873.784180	34714.261719
1872.791992	34558.707031
1871.799805	34442.398438
1870.807617	35085.398438
1869.815430	34457.234375
1868.823242	34899.230469
1867.830078	34991.015625
1866.837891	34943.261719
1865.844727	34988.507813
1864.851563	34671.632813
1863.858398	34829.433594
1862.864258	34683.902344
1861.871094	34817.191406
1860.876953	34818.406250
1859.882813	35066.515625
1858.888672	35238.765625
1857.894531	35164.148438
1856.899414	34671.765625
1855.905273	34944.144531
1854.910156	34654.687500
1853.915039	34738.945313
1852.919922	34872.000000
1851.923828	35105.093750
1850.928711	35152.613281
1849.932617	35266.000000
1848.936523	34984.101563
1847.940430	34941.355469
1846.944336	35179.101563
1845.947266	35499.671875
1844.951172	35564.128906
1843.954102	35496.929688
1842.957031	35461.437500
1841.959961	35503.933594
1840.962891	35400.230469
1839.964844	35959.136719
1838.966797	35748.226563
1837.969727	35987.878906
1836.970703	35482.441406
1835.972656	35583.300781
1834.974609	35742.535156
1833.975586	36072.046875
1832.976563	35883.226563
1831.978516	36032.589844
1830.978516	35843.839844
1829.979492	36044.218750
1828.980469	35940.621094
1827.980469	36109.308594
1826.980469	36144.265625
1825.980469	35625.187500
1824.980469	36355.050781
1823.979492	36032.867188
1822.979492	36106.667969
1821.978516	36049.312500
1820.977539	36169.207031
1819.976563	36340.035156
1818.975586	36457.406250
1817.973633	36400.027344
1816.972656	36575.570313
1815.970703	36600.656250
1814.968750	36451.121094
1813.966797	36442.269531
1812.963867	36850.417969
1811.961914	36776.050781
1810.958984	36919.828125
1809.956055	36508.664063
1808.953125	36693.621094
1807.950195	36658.085938
1806.946289	36888.960938
1805.943359	37136.703125
1804.939453	36733.117188
1803.935547	36731.484375
1802.930664	36950.074219
1801.926758	36307.187500
1800.922852	36944.304688
1799.917969	37080.500000
1798.913086	37204.550781
1797.908203	36997.300781
1796.903320	37348.570313
1795.897461	37264.632813
1794.891602	37161.394531
1793.886719	37343.308594
1792.880859	37054.066406
1791.874023	37296.316406
1790.868164	37352.527344
1789.862305	37338.691406
1788.855469	37264.507813
1787.848633	37352.066406
1786.841797	37241.703125
1785.833984	37493.308594
1784.827148	37694.160156
1783.819336	37376.359375
1782.812500	37635.035156
1781.804688	37640.449219
1780.795898	37245.675781
1779.788086	37870.597656
1778.779297	37936.210938
1777.771484	37876.503906
1776.762695	37674.687500
1775.753906	38089.539063
1774.744141	37988.894531
1773.735352	37847.351563
1772.725586	38261.949219
1771.715820	37836.394531
1770.706055	38000.570313
1769.696289	38321.082031
1768.686523	38424.968750
1767.675781	38521.605469
1766.666016	38096.371094
1765.655273	38558.488281
1764.644531	38671.871094
1763.632813	38838.093750
1762.622070	38304.957031
1761.610352	38858.003906
1760.598633	38721.417969
1759.586914	39372.667969
1758.575195	38849.417969
1757.563477	38866.558594
1756.550781	39346.996094
1755.538086	39160.035156
1754.525391	39383.480469
1753.512695	39292.546875
1752.500000	39496.695313
1751.486328	39595.246094
1750.473633	39871.207031
1749.459961	39264.765625
1748.446289	39310.562500
1747.432617	39660.718750
1746.417969	40161.718750
1745.404297	39984.511719
1744.389648	39989.417969
1743.375000	40360.753906
1742.360352	40164.445313
1741.344727	40205.222656
1740.330078	40171.781250
1739.314453	40588.292969
1738.298828	40557.183594
1737.283203	41054.820313
1736.267578	40707.882813
1735.251953	40478.261719
1734.235352	41281.714844
1733.218750	41283.972656
1732.202148	41250.375000
1731.185547	41455.777344
1730.168945	42064.933594
1729.151367	42181.722656
1728.133789	42570.773438
1727.117188	42988.343750
1726.098633	42591.519531
1725.081055	42827.496094
1724.063477	43643.417969
1723.044922	43454.316406
1722.026367	43532.523438
1721.007813	44044.898438
1719.989258	43963.152344
1718.970703	44134.234375
1717.951172	44143.109375
1716.931641	44187.738281
1715.912109	44535.070313
1714.892578	44908.488281
1713.873047	44440.664063
1712.853516	44759.167969
1711.833008	45015.632813
1710.812500	45036.234375
1709.791992	45059.210938
1708.771484	44970.285156
1707.750000	44952.796875
1706.729492	44673.531250
1705.708008	44779.828125
1704.686523	44945.554688
1703.665039	45434.703125
1702.642578	44965.296875
1701.621094	45064.324219
1700.598633	44920.832031
1699.576172	44855.824219
1698.553711	44824.109375
1697.531250	45053.761719
1696.507813	45109.914063
1695.485352	45256.300781
1694.461914	44987.058594
1693.438477	44300.023438
1692.415039	44681.488281
1691.390625	45207.597656
1690.367188	44618.179688
1689.342773	44854.648438
1688.318359	44820.597656
1687.293945	45177.906250
1686.269531	44524.878906
1685.244141	44635.527344
1684.218750	44727.171875
1683.194336	44868.554688
1682.168945	45545.433594
1681.142578	45257.777344
1680.117188	44979.699219
1679.090820	45483.296875
1678.064453	45479.960938
1677.038086	45325.101563
1676.011719	45643.726563
1674.985352	45711.359375
1673.958008	45726.910156
1672.931641	46163.582031
1671.904297	46235.816406
1670.876953	46258.351563
1669.848633	46505.523438
1668.821289	46710.046875
1667.792969	46363.726563
1666.764648	46414.582031
1665.736328	46938.007813
1664.708008	46461.886719
1663.679688	46933.148438
1662.650391	46428.851563
1661.621094	46805.496094
1660.591797	47427.535156
1659.562500	46682.652344
1658.533203	47592.410156
1657.502930	46623.593750
1656.472656	47214.546875
1655.442383	47366.554688
1654.412109	47372.289063
1653.381836	47559.578125
1652.351563	47546.414063
1651.320313	47698.246094
1650.289063	47524.800781
1649.257813	47843.875000
1648.226563	47821.238281
1647.194336	47956.417969
1646.163086	48082.128906
1645.130859	48066.519531
1644.098633	48500.558594
1643.066406	48656.699219
1642.033203	48302.105469
1641.000977	47997.050781
1639.967773	48562.527344
1638.934570	48706.777344
1637.901367	49387.148438
1636.868164	48628.320313
1635.833984	48878.265625
1634.800781	49024.695313
1633.766602	49149.925781
1632.732422	49615.796875
1631.697266	49395.546875
1630.663086	49360.921875
1629.627930	49610.457031
1628.593750	49885.726563
1627.558594	50013.003906
1626.522461	49971.246094
1625.487305	50328.429688
1624.451172	50026.195313
1623.416016	50936.847656
1622.379883	50939.511719
1621.343750	51786.359375
1620.306641	51470.003906
1619.270508	52121.890625
1618.233398	53075.878906
1617.196289	53980.320313
1616.159180	54987.523438
1615.122070	55858.500000
1614.083984	57108.578125
1613.046875	57981.207031
1612.008789	58673.246094
1610.970703	59311.199219
1609.932617	59185.960938
1608.893555	59652.773438
1607.855469	58430.261719
1606.816406	57647.937500
1605.777344	56915.007813
1604.738281	56355.367188
1603.698242	55227.820313
1602.659180	54374.156250
1601.619141	53373.558594
1600.579102	53174.781250
1599.539063	52630.312500
1598.499023	52181.804688
1597.458008	51845.550781
1596.417969	51261.910156
1595.376953	51304.132813
1594.335938	51395.359375
1593.294922	50667.410156
1592.252930	50933.710938
1591.210938	50882.636719
1590.169922	50407.074219
1589.127930	50575.324219
1588.084961	50494.023438
1587.042969	50401.097656
1586.000000	50483.011719
1584.958008	50590.531250
1583.915039	50777.226563
1582.872070	50483.964844
1581.828125	51087.527344
1580.785156	51055.128906
1579.741211	50945.902344
1578.697266	50750.582031
1577.653320	51127.894531
1576.609375	51007.074219
1575.564453	51081.734375
1574.520508	51198.234375
1573.475586	51612.402344
1572.430664	51675.281250
1571.384766	51526.558594
1570.339844	51089.640625
1569.293945	51598.812500
1568.249023	51164.355469
1567.202148	51413.113281
1566.156250	50700.093750
1565.110352	50904.714844
1564.063477	50730.757813
1563.017578	50357.199219
1561.970703	50120.722656
1560.922852	49554.773438
1559.875977	49650.343750
1558.829102	49520.835938
1557.781250	49191.886719
1556.733398	49484.597656
1555.685547	49320.402344
1554.636719	49399.691406
1553.588867	49462.726563
1552.540039	48865.234375
1551.491211	49201.757813
1550.442383	48794.496094
1549.393555	48679.230469
1548.344727	49010.964844
1547.294922	48467.335938
1546.245117	48789.730469
1545.195313	48651.390625
1544.145508	48665.839844
1543.094727	48543.765625
1542.044922	48252.855469
1540.994141	48156.339844
1539.943359	48395.175781
1538.892578	47968.027344
1537.840820	47920.152344
1536.790039	47569.507813
1535.738281	48164.152344
1534.686523	47453.148438
1533.634766	47407.703125
1532.583008	47156.710938
1531.530273	47388.441406
1530.477539	47100.597656
1529.424805	46854.402344
1528.372070	47155.300781
1527.319336	46807.648438
1526.265625	46861.570313
1525.212891	46770.144531
1524.159180	46574.960938
1523.105469	46732.656250
1522.051758	46599.796875
1520.997070	46349.421875
1519.942383	46553.164063
1518.888672	46842.089844
1517.833984	46499.640625
1516.778320	46555.816406
1515.723633	46139.839844
1514.667969	46414.812500
1513.612305	46302.902344
1512.556641	46485.667969
1511.500977	46433.621094
1510.445313	46054.843750
1509.388672	45752.121094
1508.332031	45937.148438
1507.275391	45935.820313
1506.218750	46155.234375
1505.162109	46176.855469
1504.104492	46205.363281
1503.047852	46155.722656
1501.990234	45609.789063
1500.931641	45973.785156
1499.874023	46041.347656
1498.816406	45610.550781
1497.757813	46063.890625
1496.699219	45750.316406
1495.640625	46178.218750
1494.582031	45967.996094
1493.522461	45709.667969
1492.462891	45818.472656
1491.403320	45599.250000
1490.343750	45902.953125
1489.284180	45984.148438
1488.224609	45959.859375
1487.164063	46517.738281
1486.103516	46096.921875
1485.042969	45871.000000
1483.982422	46098.722656
1482.920898	46353.843750
1481.860352	46196.691406
1480.798828	46410.488281
1479.737305	46358.675781
1478.675781	46604.406250
1477.613281	46069.746094
1476.550781	46267.394531
1475.489258	46707.437500
1474.426758	46506.949219
1473.363281	46663.242188
1472.300781	46705.171875
1471.237305	46683.078125
1470.174805	46660.992188
1469.111328	46510.953125
1468.046875	46829.300781
1466.983398	46446.296875
1465.919922	46801.082031
1464.855469	46979.917969
1463.791016	47044.539063
1462.726563	46892.300781
1461.661133	47212.507813
1460.596680	47267.921875
1459.531250	47309.628906
1458.465820	47294.292969
1457.400391	47171.781250
1456.334961	47452.882813
1455.268555	47765.792969
1454.202148	47100.792969
1453.135742	47454.671875
1452.069336	47614.757813
1451.002930	47382.960938
1449.935547	47634.101563
1448.869141	47475.250000
1447.801758	47801.414063
1446.734375	47897.542969
1445.666016	47704.582031
1444.598633	47586.785156
1443.530273	48085.601563
1442.461914	47760.769531
1441.393555	48145.652344
1440.325195	48418.968750
1439.256836	48494.390625
1438.187500	49342.644531
1437.118164	48649.691406
1436.048828	49104.500000
1434.979492	49495.527344
1433.909180	49504.804688
1432.839844	49316.492188
1431.769531	50027.429688
1430.699219	49789.140625
1429.627930	50463.414063
1428.557617	50356.757813
1427.486328	50152.566406
1426.416016	50061.878906
1425.343750	50381.769531
1424.272461	50758.238281
1423.201172	50220.804688
1422.128906	50354.593750
1421.056641	49885.421875
1419.984375	49955.765625
1418.912109	49577.457031
1417.839844	49142.648438
1416.766602	49070.390625
1415.693359	49568.824219
1414.620117	49919.906250
1413.546875	49283.867188
1412.473633	49576.023438
1411.399414	49680.250000
1410.325195	49359.082031
1409.250977	49275.550781
1408.176758	49454.402344
1407.102539	49829.921875
1406.027344	50042.519531
1404.952148	49764.515625
1403.876953	50261.816406
1402.801758	49825.687500
1401.726563	49631.460938
1400.650391	49602.195313
1399.574219	50074.312500
1398.498047	50175.941406
1397.421875	50187.222656
1396.345703	49995.351563
1395.268555	50444.480469
1394.191406	50175.910156
1393.114258	50787.273438
1392.037109	50604.445313
1390.959961	50967.437500
1389.881836	51499.406250
1388.804688	51523.945313
1387.726563	51424.503906
1386.647461	51701.441406
1385.569336	51924.199219
1384.491211	52171.660156
1383.412109	52047.386719
1382.333008	52441.105469
1381.253906	52607.277344
1380.173828	52910.703125
1379.094727	52763.871094
1378.014648	52927.636719
1376.934570	52913.593750
1375.854492	52609.371094
1374.773438	52732.582031
1373.693359	52464.472656
1372.612305	52243.675781
1371.531250	52405.093750
1370.450195	51779.832031
1369.369141	51927.792969
1368.287109	51455.609375
1367.205078	51405.898438
1366.123047	51387.644531
1365.041016	50953.980469
1363.958984	50837.027344
1362.875977	51068.035156
1361.793945	50558.355469
1360.710938	50701.816406
1359.626953	50320.257813
1358.543945	50308.933594
1357.460938	50163.054688
1356.376953	50048.617188
1355.292969	49869.207031
1354.208984	50265.902344
1353.124023	49676.410156
1352.040039	49958.722656
1350.955078	49895.941406
1349.870117	50086.273438
1348.785156	49508.425781
1347.700195	49239.765625
1346.614258	49645.015625
1345.528320	49895.679688
1344.442383	49197.433594
1343.356445	49649.449219
1342.270508	49360.863281
1341.183594	49414.570313
1340.096680	49445.898438
1339.009766	48907.093750
1337.922852	49749.925781
1336.835938	49962.199219
1335.748047	49555.425781
1334.661133	49468.277344
1333.573242	49760.894531
1332.484375	49725.105469
1331.396484	49434.769531
1330.307617	49606.671875
1329.219727	50157.968750
1328.130859	49858.781250
1327.041992	49669.035156
1325.952148	49909.917969
1324.863281	49983.425781
1323.773438	49952.089844
1322.683594	50224.000000
1321.593750	49907.277344
1320.502930	49980.722656
1319.413086	50085.339844
1318.322266	49757.667969
1317.231445	49866.738281
1316.140625	50249.722656
1315.048828	50156.011719
1313.958008	50133.582031
1312.866211	50253.628906
1311.774414	50640.707031
1310.682617	50073.003906
1309.589844	50755.878906
1308.498047	50648.820313
1307.405273	50512.886719
1306.312500	50650.507813
1305.218750	50739.167969
1304.125977	50603.281250
1303.032227	50774.144531
1301.939453	50709.402344
1300.845703	51233.421875
1299.750977	51186.386719
1298.657227	50972.804688
1297.562500	50721.550781
1296.467773	51456.082031
1295.373047	51362.421875
1294.278320	51484.054688
1293.183594	52386.675781
1292.087891	52297.328125
1290.992188	51844.250000
1289.896484	51852.605469
1288.800781	52056.066406
1287.704102	52173.000000
1286.608398	51886.496094
1285.511719	51471.566406
1284.415039	51650.570313
1283.317383	52358.945313
1282.220703	51680.585938
1281.123047	51511.781250
1280.025391	51064.074219
1278.927734	51495.332031
1277.830078	50762.281250
1276.731445	50985.425781
1275.633789	50469.542969
1274.535156	50082.144531
1273.436523	50608.277344
1272.336914	50289.535156
1271.238281	50050.496094
1270.138672	49829.222656
1269.039063	49829.031250
1267.939453	49634.390625
1266.839844	49596.671875
1265.739258	49137.082031
1264.638672	49055.292969
1263.538086	48794.687500
1262.437500	49097.109375
1261.336914	48827.753906
1260.235352	48918.207031
1259.134766	49361.644531
1258.033203	48269.542969
1256.930664	48913.648438
1255.829102	49242.167969
1254.726563	49023.781250
1253.625000	48973.000000
1252.522461	49166.882813
1251.418945	49164.574219
1250.316406	49428.847656
1249.212891	49642.363281
1248.110352	49067.335938
1247.006836	49611.132813
1245.902344	49161.808594
1244.798828	49425.832031
1243.694336	49595.125000
1242.589844	49207.652344
1241.485352	49711.320313
1240.380859	49570.320313
1239.276367	49858.210938
1238.170898	49640.269531
1237.065430	49952.222656
1235.959961	50226.695313
1234.854492	50021.988281
1233.748047	49982.140625
1232.642578	50135.628906
1231.536133	50027.683594
1230.429688	49921.968750
1229.322266	50444.238281
1228.215820	49993.835938
1227.108398	50129.613281
1226.000977	49982.253906
1224.893555	50098.230469
1223.786133	50602.433594
1222.677734	50141.437500
1221.569336	50268.277344
1220.460938	50125.406250
1219.352539	50578.812500
1218.244141	50403.054688
1217.134766	50470.585938
1216.025391	50450.457031
1214.916016	50458.808594
1213.806641	50570.085938
1212.697266	50182.082031
1211.586914	50488.207031
1210.476563	50796.410156
1209.366211	50977.566406
1208.255859	51449.664063
1207.145508	50827.765625
1206.034180	51002.250000
1204.922852	50719.617188
1203.811523	50929.035156
1202.700195	51020.332031
1201.587891	51268.957031
1200.476563	51307.703125
1199.364258	51700.382813
1198.251953	52248.011719
1197.138672	51854.109375
1196.026367	51855.593750
1194.913086	52247.875000
1193.799805	52399.898438
1192.686523	52169.933594
1191.573242	52655.769531
1190.458984	52609.093750
1189.344727	52909.261719
1188.230469	52696.804688
1187.116211	52388.484375
1186.001953	53281.503906
1184.886719	52881.636719
1183.772461	53153.136719
1182.657227	52960.429688
1181.541016	52881.070313
1180.425781	53084.894531
1179.309570	53190.644531
1178.193359	53087.332031
1177.077148	53153.851563
1175.960938	53085.402344
1174.844727	52699.261719
1173.727539	52330.664063
1172.610352	52919.347656
1171.493164	52600.863281
1170.375977	52821.781250
1169.257813	52370.800781
1168.139648	52663.410156
1167.022461	52855.933594
1165.903320	51757.648438
1164.785156	52556.406250
1163.666992	52394.773438
1162.547852	52285.320313
1161.428711	52449.496094
1160.309570	52413.882813
1159.189453	52636.578125
1158.070313	52744.171875
1156.950195	52602.195313
1155.830078	52393.019531
1154.709961	52259.828125
1153.588867	52341.378906
1152.468750	52726.445313
1151.347656	52330.957031
1150.226563	52282.398438
1149.104492	52374.710938
1147.983398	52666.316406
1146.861328	52331.773438
1145.739258	52722.902344
1144.617188	52752.261719
1143.495117	53095.535156
1142.372070	52960.296875
1141.250000	53234.148438
1140.126953	53745.921875
1139.003906	53576.015625
1137.879883	53438.613281
1136.756836	53952.226563
1135.632813	54091.574219
1134.508789	54393.011719
1133.384766	53827.578125
1132.259766	53882.582031
1131.135742	53941.882813
1130.010742	53867.222656
1128.885742	53593.878906
1127.759766	53899.378906
1126.634766	53861.464844
1125.508789	53719.945313
1124.382813	53243.933594
1123.256836	53551.421875
1122.130859	53407.871094
1121.003906	53262.214844
1119.877930	53429.335938
1118.750977	53298.816406
1117.624023	52793.203125
1116.496094	52703.800781
1115.369141	53045.464844
1114.241211	53098.257813
1113.113281	52636.128906
1111.985352	52312.023438
1110.856445	52433.832031
1109.728516	53119.734375
1108.599609	52446.953125
1107.470703	52398.621094
1106.340820	52587.027344
1105.211914	52794.726563
1104.082031	52356.976563
1102.952148	52829.191406
1101.822266	52417.394531
1100.692383	53022.726563
1099.561523	52935.640625
1098.431641	52801.300781
1097.300781	53083.886719
1096.169922	53338.441406
1095.038086	52860.398438
1093.907227	53005.363281
1092.775391	52849.644531
1091.643555	52833.535156
1090.511719	52478.273438
1089.378906	52685.429688
1088.246094	52495.546875
1087.114258	52179.152344
1085.980469	51693.421875
1084.847656	52164.343750
1083.714844	52032.574219
1082.581055	52438.941406
1081.447266	51917.074219
1080.313477	52267.589844
1079.179688	52367.292969
1078.044922	52340.566406
1076.910156	52279.578125
1075.775391	52004.464844
1074.640625	52365.339844
1073.505859	52287.250000
1072.370117	52568.746094
1071.234375	52163.242188
1070.098633	52528.093750
1068.962891	52441.460938
1067.826172	52051.171875
1066.690430	52740.851563
1065.553711	52547.328125
1064.416992	52595.414063
1063.279297	52739.648438
1062.142578	52588.957031
1061.004883	52763.042969
1059.867188	52482.109375
1058.729492	52703.128906
1057.590820	52503.437500
1056.453125	52312.359375
1055.314453	52164.035156
1054.175781	52150.203125
1053.037109	52541.753906
1051.897461	52229.207031
1050.757813	52287.878906
1049.618164	52642.933594
1048.478516	52528.808594
1047.338867	52595.914063
1046.199219	52341.171875
1045.058594	52090.785156
1043.917969	52575.496094
1042.777344	52548.808594
1041.635742	52811.769531
1040.495117	52199.492188
1039.353516	52034.503906
1038.211914	51931.300781
1037.069336	52068.609375
1035.927734	52295.230469
1034.785156	52128.210938
1033.642578	51682.621094
1032.500000	51887.914063
1031.357422	52169.675781
1030.213867	52041.054688
1029.071289	52067.632813
1027.927734	51890.199219
1026.783203	52086.757813
1025.639648	52533.898438
1024.495117	52604.957031
1023.351563	52128.140625
1022.207031	52296.902344
1021.061523	52293.667969
1019.916992	52555.710938
1018.771484	52476.035156
1017.625977	52761.281250
1016.480469	52441.910156
1015.334961	52705.843750
1014.188477	52316.625000
1013.041992	52625.000000
1011.895508	52854.839844
1010.749023	52446.726563
1009.602539	52585.402344
1008.455078	52664.707031
1007.307617	52629.613281
1006.160156	52577.585938
1005.012695	52949.019531
1003.864258	52945.636719
1002.716797	53185.640625
1001.568359	53389.578125
1000.419922	53697.109375
999.270508	54239.316406
998.122070	54470.437500
996.972656	54299.718750
995.823242	54384.867188
994.673828	54267.066406
993.523438	53806.949219
992.373047	54528.125000
991.222656	54465.281250
990.072266	54774.195313
988.921875	54322.761719
987.771484	54080.515625
986.620117	54621.531250
985.468750	54474.289063
984.317383	54620.421875
983.165039	55133.601563
982.013672	54697.351563
980.861328	55296.796875
979.708984	54873.324219
978.555664	54865.328125
977.403320	54739.296875
976.250000	54891.496094
975.096680	54864.531250
973.943359	55157.796875
972.790039	55132.894531
971.635742	54916.363281
970.481445	55445.269531
969.327148	54967.714844
968.172852	55831.066406
967.018555	55441.996094
965.863281	55124.601563
964.708008	55337.429688
963.552734	55005.441406
962.397461	55125.683594
961.241211	54920.000000
960.084961	55124.289063
958.929688	55248.640625
957.772461	55478.003906
956.616211	55671.566406
955.458984	55444.953125
954.301758	55493.539063
953.144531	55279.636719
951.987305	55254.750000
950.830078	55236.167969
949.671875	55129.449219
948.513672	55112.992188
947.355469	54964.375000
946.196289	54882.929688
945.038086	55273.339844
943.878906	54959.132813
942.719727	55162.816406
941.560547	54685.265625
940.400391	54746.425781
939.241211	54782.417969
938.081055	54648.722656
936.919922	54544.398438
935.759766	54741.632813
934.599609	54915.765625
933.438477	54918.191406
932.277344	54834.812500
931.116211	54927.218750
929.954102	55172.308594
928.791992	55373.378906
927.630859	55126.847656
926.467773	55281.847656
925.305664	55746.179688
924.143555	56015.957031
922.980469	56220.851563
921.817383	55798.878906
920.654297	56193.828125
919.490234	56707.671875
918.327148	56310.894531
917.163086	56722.218750
915.999023	56780.628906
914.833984	57003.882813
913.669922	56930.753906
912.504883	57514.808594
911.339844	57800.375000
910.174805	57933.589844
909.008789	58022.968750
907.843750	57972.640625
906.677734	58906.109375
905.511719	58607.648438
904.345703	58832.253906
903.178711	58490.164063
902.011719	58514.757813
900.844727	58093.718750
899.677734	58430.671875
898.510742	57859.921875
897.342773	58028.207031
896.174805	57578.425781
895.006836	57700.929688
893.838867	57731.863281
892.670898	57656.714844
891.501953	57737.542969
890.333008	57450.371094
889.164063	57537.437500
887.994141	58017.234375
886.825195	57680.296875
885.655273	57738.179688
884.485352	57712.960938
883.315430	57154.062500
882.144531	57699.910156
880.973633	57830.390625
879.803711	58330.250000
878.631836	57757.113281
877.460938	58138.539063
876.289063	58542.636719
875.118164	58255.972656
873.945313	58365.031250
872.773438	58474.000000
871.601563	58582.964844
870.428711	58692.023438
869.255859	58801.082031
868.083008	58910.140625
866.910156	59185.062500
865.736328	59176.171875
864.562500	59274.949219
863.388672	59559.988281
862.214844	59457.890625
861.040039	60477.390625
859.866211	60495.152344
858.691406	60767.335938
857.516602	60663.011719
856.340820	60110.019531
855.166016	60303.550781
853.990234	59814.902344
852.814453	59504.156250
851.637695	59470.402344
850.461914	59688.691406
849.285156	60580.238281
848.108398	60426.519531
846.931641	59923.917969
845.754883	60591.972656
844.577148	60326.875000
843.399414	61056.507813
842.221680	60741.902344
841.043945	61805.351563
839.865234	62262.058594
838.687500	62697.972656
837.508789	63294.531250
836.329102	63583.734375
835.150391	63786.273438
833.970703	64042.308594
832.791992	63956.265625
831.611328	63250.269531
830.431641	63018.183594
829.251953	62112.902344
828.071289	61557.910156
826.890625	60844.640625
825.709961	60520.558594
824.528320	60198.656250
823.347656	59821.324219
822.166016	59711.503906
820.984375	59544.140625
819.801758	59422.070313
818.620117	59221.929688
817.437500	58629.328125
816.254883	59025.285156
815.072266	58545.925781
813.888672	58331.707031
812.706055	58101.140625
811.522461	58094.457031
810.338867	58007.710938
809.154297	58310.964844
807.970703	57774.796875
806.786133	57893.324219
805.601563	57388.199219
804.416992	57625.703125
803.231445	57781.093750
802.045898	57604.292969
800.861328	57587.437500
799.674805	57445.574219
798.489258	56836.574219
797.302734	56729.726563
796.117188	56532.789063
794.930664	56274.484375
793.743164	56677.625000
792.556641	56638.425781
791.369141	56020.007813
790.181641	55972.757813
788.994141	56048.285156
787.805664	55712.609375
786.618164	55599.984375
785.429688	55728.699219
784.241211	55057.964844
783.052734	55413.621094
781.863281	54982.304688
780.673828	54765.699219
779.484375	55155.933594
778.294922	54782.093750
777.105469	54886.265625
775.915039	54375.804688
774.724609	55186.347656
773.534180	54510.695313
772.343750	54233.218750
771.152344	54614.867188
769.960938	54441.507813
768.769531	54443.613281
767.578125	54771.980469
766.385742	55000.320313
765.194336	54904.468750
764.001953	55960.136719
762.808594	55501.433594
761.616211	56118.578125
760.422852	55835.187500
759.230469	55940.871094
758.037109	56453.738281
756.842773	56518.546875
755.649414	57049.425781
754.455078	56863.792969
753.260742	56891.855469
752.066406	56985.003906
750.871094	57137.097656
749.676758	56695.355469
748.481445	56324.933594
747.286133	56009.527344
746.089844	55840.570313
744.894531	55610.710938
743.698242	55610.503906
742.501953	55821.539063
741.304688	54978.496094
740.108398	55220.023438
738.911133	54891.011719
737.713867	54884.835938
736.516602	54562.089844
735.319336	54298.300781
734.121094	54631.000000
732.922852	54136.078125
731.724609	53797.480469
730.526367	54474.742188
729.327148	53878.765625
728.127930	53741.035156
726.928711	53779.644531
725.729492	53862.800781
724.530273	53893.265625
723.330078	53431.601563
722.129883	53427.707031
720.929688	53735.566406
719.728516	53596.000000
718.528320	53229.839844
717.327148	53667.046875
716.125977	53226.152344
714.923828	53380.042969
713.722656	53273.015625
712.520508	53155.917969
711.318359	53291.535156
710.116211	53067.359375
708.913086	53906.109375
707.710938	52663.695313
706.507813	53025.515625
705.304688	52955.031250
704.100586	53552.894531
702.897461	53139.144531
701.693359	52953.621094
700.489258	53048.664063
699.284180	53062.964844
698.080078	53545.253906
696.875000	53190.371094
695.669922	53394.179688
694.464844	53434.601563
693.258789	53388.335938
692.053711	53156.671875
690.847656	54033.320313
689.641602	53799.601563
688.434570	53628.410156
687.228516	53801.644531
686.021484	53543.929688
684.814453	53890.234375
683.607422	54017.023438
682.399414	53980.765625
681.191406	54131.625000
679.983398	53894.195313
678.775391	53751.378906
677.567383	54284.246094
676.358398	54028.820313
675.149414	54655.906250
673.940430	54637.644531
672.730469	54689.710938
671.521484	54848.230469
670.311523	54287.621094
669.101563	54311.605469
667.890625	54138.808594
666.680664	54060.425781
665.469727	53751.253906
664.258789	53137.179688
663.047852	53388.054688
661.835938	53231.628906
660.625000	52844.617188
659.413086	52812.667969
658.201172	52796.765625
656.988281	52847.015625
655.776367	52296.023438
654.563477	52638.878906
653.350586	52530.859375
652.136719	52555.074219
650.923828	52383.023438
649.709961	52645.507813
648.496094	52405.437500
647.282227	52065.386719
646.067383	52339.781250
644.852539	52305.968750
643.637695	51980.117188
642.422852	52024.378906
641.208008	52322.562500
639.992188	52504.679688
638.776367	52300.953125
637.560547	52510.980469
636.344727	52059.566406
635.127930	53018.687500
633.911133	52912.468750
632.694336	52806.250000
631.477539	52700.027344
630.259766	52593.722656
629.042969	52487.503906
627.825195	52381.199219
626.606445	52274.808594
625.388672	52342.800781
624.169922	52127.566406
622.951172	52331.140625
621.732422	52383.125000
620.513672	52478.941406
619.293945	51699.863281
618.074219	52206.210938
616.854492	51943.421875
615.634766	51567.199219
614.414063	51929.902344
613.193359	52031.652344
611.972656	52408.058594
610.751953	51840.964844
609.530273	51898.890625
608.309570	51700.148438
607.087891	51740.171875
605.866211	51762.277344
604.643555	52474.328125
603.420898	52066.878906
602.198242	52138.593750
600.975586	52232.140625
599.752930	51793.171875
598.529297	51976.132813
597.305664	51799.539063
596.082031	51962.566406
594.858398	51996.484375
593.633789	51532.156250
592.410156	51270.429688
591.185547	51308.417969
589.959961	51471.375000
588.735352	51471.621094
587.509766	51380.640625
586.284180	51206.414063
585.058594	51402.957031
583.832031	51193.117188
582.606445	51508.480469
581.379883	51239.253906
580.153320	51556.468750
578.925781	51309.113281
577.699219	50915.320313
576.471680	51052.250000
575.244141	51309.867188
574.015625	51628.734375
572.788086	51634.855469
571.559570	51067.269531
570.331055	51492.804688
569.101563	51433.679688
567.873047	51329.101563
566.643555	51268.050781
565.414063	50904.625000
564.184570	51063.011719
562.954102	50893.375000
561.724609	51205.773438
560.494141	51362.031250
559.263672	51224.015625
558.032227	50864.945313
556.800781	50590.878906
555.570313	50976.046875
554.337891	51215.058594
553.106445	50996.308594
551.874023	50505.460938
550.642578	50773.996094
549.409180	50425.324219
548.176758	50447.367188
546.944336	50946.347656
545.710938	50846.109375
544.477539	50296.726563
543.243164	50442.859375
542.009766	50291.562500
540.775391	50833.406250
539.541016	50760.835938
538.306641	50784.730469
537.071289	50655.121094
535.836914	51166.968750
534.601563	50575.054688
533.366211	51104.414063
532.129883	50829.320313
530.894531	50823.671875
529.658203	50998.863281
528.421875	50655.152344
527.184570	50865.675781
525.948242	50482.820313
524.710938	50917.207031
523.473633	50976.339844
522.235352	50744.859375
520.998047	50711.734375
519.759766	50653.101563
518.521484	50700.457031
517.283203	50514.320313
516.043945	50702.910156
514.804688	50858.085938
513.565430	51089.675781
512.326172	51021.222656
511.085938	50717.582031
509.846680	50986.292969
508.606445	50551.492188
507.366211	50755.480469
506.125000	51155.253906
504.883789	51445.210938
503.643555	51149.652344
502.401367	50742.621094
501.160156	50983.558594
499.917969	51208.746094
498.675781	51079.734375
497.433594	50784.511719
496.191406	51256.015625
494.948242	51261.980469
493.705078	51395.007813
492.461914	51238.710938
491.218750	51524.113281
489.975586	51432.320313
488.731445	51108.101563
487.487305	51026.183594
486.242188	51479.335938
484.998047	51590.652344
483.752930	51498.921875
482.507813	51510.660156
481.262695	51653.121094
480.016602	51930.136719
478.771484	51803.292969
477.525391	51641.390625
476.278320	51668.675781
475.032227	52140.410156
473.785156	51803.117188
472.538086	51994.035156
471.291016	52130.324219
470.043945	52141.894531
468.795898	52498.175781
467.547852	52756.957031
466.299805	52610.703125
465.051758	52591.019531
463.802734	53359.503906
462.553711	52806.558594
461.304688	53743.949219
460.055664	53737.671875
458.805664	53626.386719
457.555664	54073.136719
456.305664	54527.488281
455.055664	54717.351563
453.804688	54479.648438
452.553711	55056.054688
451.302734	54919.378906
450.051758	55613.941406
448.799805	55525.746094
447.548828	56633.421875
446.296875	56345.148438
445.043945	56342.242188
443.791992	57460.765625
442.539063	57296.636719
441.286133	57601.921875
440.033203	56735.871094
438.779297	56151.265625
437.526367	55836.308594
436.272461	54835.417969
435.017578	54435.566406
433.763672	53474.062500
432.508789	53806.761719
431.253906	52934.812500
429.999023	52996.421875
428.744141	52703.753906
427.488281	52900.855469
426.232422	52886.960938
424.976563	52820.832031
423.720703	52108.660156
422.463867	52164.539063
421.207031	52257.128906
419.950195	52367.082031
418.693359	52181.261719
417.435547	52295.046875
416.177734	52486.074219
414.919922	52232.718750
413.662109	52388.910156
412.403320	52388.632813
411.144531	52210.726563
409.885742	52216.265625
408.626953	52490.058594
407.367188	51934.039063
406.107422	52242.500000
404.847656	52221.015625
403.587891	52349.957031
402.327148	52079.730469
401.067383	52046.714844
