#Wave		#Intensity
2001.242188	28058.025391
2000.272461	27847.478516
1999.302734	27805.025391
1998.333008	28196.064453
1997.363281	27765.255859
1996.392578	28188.724609
1995.422852	27685.439453
1994.452148	27460.263672
1993.481445	27886.064453
1992.510742	28169.042969
1991.540039	28021.476563
1990.568359	27821.414063
1989.596680	28041.708984
1988.625977	28036.812500
1987.654297	27899.371094
1986.681641	27699.466797
1985.709961	28019.623047
1984.738281	27822.263672
1983.765625	28099.800781
1982.792969	27870.013672
1981.820313	27970.068359
1980.847656	28032.623047
1979.874023	28302.431641
1978.901367	27870.515625
1977.927734	28130.271484
1976.954102	28180.267578
1975.980469	27908.312500
1975.006836	27880.978516
1974.032227	28187.947266
1973.058594	28158.076172
1972.083984	27978.585938
1971.109375	27886.423828
1970.134766	28058.550781
1969.160156	27931.511719
1968.184570	27777.101563
1967.209961	28083.703125
1966.234375	27931.810547
1965.258789	28098.791016
1964.283203	27812.464844
1963.306641	28143.744141
1962.331055	28243.380859
1961.354492	28096.564453
1960.377930	28041.876953
1959.401367	28203.681641
1958.424805	27984.800781
1957.447266	28325.642578
1956.470703	28086.919922
1955.493164	28156.599609
1954.515625	28280.947266
1953.538086	28032.412109
1952.560547	27915.673828
1951.582031	28474.820313
1950.604492	28025.150391
1949.625977	28151.890625
1948.647461	28087.361328
1947.668945	28226.458984
1946.689453	28209.105469
1945.710938	28169.417969
1944.731445	27665.671875
1943.751953	27936.246094
1942.772461	28447.361328
1941.792969	28179.462891
1940.813477	28323.324219
1939.833008	28030.744141
1938.852539	28286.138672
1937.873047	28370.416016
1936.891602	28134.974609
1935.911133	28402.601563
1934.930664	28469.470703
1933.949219	28258.902344
1932.967773	28189.564453
1931.986328	28137.582031
1931.004883	28439.626953
1930.023438	28187.128906
1929.041016	28469.259766
1928.059570	28263.853516
1927.077148	28182.212891
1926.094727	28117.912109
1925.112305	28091.750000
1924.128906	28065.560547
1923.146484	28039.396484
1922.163086	28013.208984
1921.179688	27987.019531
1920.196289	27828.923828
1919.212891	28372.474609
1918.228516	28384.791016
1917.245117	28710.730469
1916.260742	28187.187500
1915.276367	28537.734375
1914.291992	28436.470703
1913.307617	28288.351563
1912.322266	28441.304688
1911.336914	28248.830078
1910.352539	28638.515625
1909.367188	28670.484375
1908.380859	28221.642578
1907.395508	28164.923828
1906.409180	28436.039063
1905.423828	28721.843750
1904.437500	28389.105469
1903.451172	28494.982422
1902.463867	28554.023438
1901.477539	28659.830078
1900.490234	28886.248047
1899.503906	28679.316406
1898.516602	28506.914063
1897.528320	28457.617188
1896.541016	28536.279297
1895.553711	28504.210938
1894.565430	28432.798828
1893.577148	28454.861328
1892.588867	28631.812500
1891.600586	28803.783203
1890.611328	28980.609375
1889.623047	28491.408203
1888.633789	28638.740234
1887.644531	29029.218750
1886.655273	28417.458984
1885.666016	28672.773438
1884.675781	28598.992188
1883.686523	28562.056641
1882.696289	28669.943359
1881.706055	28456.320313
1880.715820	28659.875000
1879.724609	28735.794922
1878.734375	28424.162109
1877.743164	28698.726563
1876.751953	29036.941406
1875.760742	28811.214844
1874.769531	28923.798828
1873.778320	29002.037109
1872.786133	28871.986328
1871.793945	28972.248047
1870.801758	28800.609375
1869.809570	29170.216797
1868.817383	29020.636719
1867.824219	28853.972656
1866.832031	28831.769531
1865.838867	28838.937500
1864.845703	28831.421875
1863.851563	28816.568359
1862.858398	28916.673828
1861.865234	28904.253906
1860.871094	28979.855469
1859.876953	29319.435547
1858.882813	29297.173828
1857.887695	29201.607422
1856.893555	29692.445313
1855.898438	29093.626953
1854.904297	28995.701172
1853.909180	29254.330078
1852.913086	29100.253906
1851.917969	29185.455078
1850.922852	29265.744141
1849.926758	28989.732422
1848.930664	29372.558594
1847.934570	29257.621094
1846.938477	29135.406250
1845.941406	29574.085938
1844.945313	29510.369141
1843.948242	29410.109375
1842.951172	29105.158203
1841.954102	29251.117188
1840.956055	29136.333984
1839.958984	29294.412109
1838.960938	29267.337891
1837.962891	29315.757813
1836.964844	29512.671875
1835.966797	29507.478516
1834.968750	29604.501953
1833.969727	29536.023438
1832.970703	29457.835938
1831.971680	29296.970703
1830.972656	29542.314453
1829.973633	29780.277344
1828.973633	29570.812500
1827.974609	29723.605469
1826.974609	29703.789063
1825.974609	29399.677734
1824.974609	29584.000000
1823.973633	29794.976563
1822.973633	29918.447266
1821.972656	29969.025391
1820.971680	29376.222656
1819.970703	29749.714844
1818.968750	29416.837891
1817.967773	29734.380859
1816.965820	29986.304688
1815.964844	29893.699219
1814.961914	29808.398438
1813.959961	29786.171875
1812.958008	29795.468750
1811.955078	30243.494141
1810.953125	30172.728516
1809.950195	29983.257813
1808.947266	30324.412109
1807.943359	30212.488281
1806.940430	30299.191406
1805.936523	30184.886719
1804.932617	29947.154297
1803.928711	29995.126953
1802.924805	30028.085938
1801.920898	30061.046875
1800.916016	30094.039063
1799.911133	30127.031250
1798.907227	30159.990234
1797.901367	30193.013672
1796.896484	30226.005859
1795.891602	30258.998047
1794.885742	30292.021484
1793.879883	30325.046875
1792.874023	30358.070313
1791.868164	30391.093750
1790.862305	30424.117188
1789.855469	30457.173828
1788.848633	30333.507813
1787.842773	30716.761719
1786.834961	31058.853516
1785.828125	30549.085938
1784.821289	30413.423828
1783.813477	30765.031250
1782.805664	30366.515625
1781.797852	30271.943359
1780.790039	30825.886719
1779.782227	31143.423828
1778.773438	31034.302734
1777.764648	30857.751953
1776.755859	30765.580078
1775.747070	30931.158203
1774.738281	30985.900391
1773.729492	30908.197266
1772.719727	30965.328125
1771.709961	31162.039063
1770.700195	31476.595703
1769.690430	31369.982422
1768.680664	31410.148438
1767.669922	31767.783203
1766.659180	31023.908203
1765.648438	31196.349609
1764.637695	31592.292969
1763.626953	31440.097656
1762.615234	31691.669922
1761.604492	31388.142578
1760.592773	31678.070313
1759.581055	31931.865234
1758.569336	31765.330078
1757.556641	31927.783203
1756.544922	31785.310547
1755.532227	32000.501953
1754.519531	31781.273438
1753.506836	32001.185547
1752.494141	31618.912109
1751.480469	31889.138672
1750.466797	32298.351563
1749.454102	32067.271484
1748.440430	32152.691406
1747.425781	32290.808594
1746.412109	32455.234375
1745.397461	32308.138672
1744.383789	32331.169922
1743.369141	32289.527344
1742.353516	32293.394531
1741.338867	32404.996094
1740.324219	32554.857422
1739.308594	32774.070313
1738.292969	33143.957031
1737.277344	32915.593750
1736.261719	33330.769531
1735.245117	32779.582031
1734.229492	33122.898438
1733.212891	33456.527344
1732.196289	33625.101563
1731.179688	33975.250000
1730.162109	33574.968750
1729.145508	33858.105469
1728.127930	33926.160156
1727.110352	33941.648438
1726.092773	34274.710938
1725.075195	34774.773438
1724.056641	34778.164063
1723.039063	35261.250000
1722.020508	35235.914063
1721.001953	35174.804688
1719.983398	35354.628906
1718.963867	35546.312500
1717.945313	35761.769531
1716.925781	35457.433594
1715.906250	35896.886719
1714.886719	35902.441406
1713.867188	35843.664063
1712.846680	35613.375000
1711.826172	36347.839844
1710.806641	36200.890625
1709.786133	36225.433594
1708.764648	36404.703125
1707.744141	36512.503906
1706.722656	36639.300781
1705.701172	36680.394531
1704.679688	36735.750000
1703.658203	36888.601563
1702.636719	36986.699219
1701.614258	36326.281250
1700.592773	36790.539063
1699.570313	36574.855469
1698.547852	36912.953125
1697.524414	37091.738281
1696.501953	36629.050781
1695.478516	36831.570313
1694.456055	37036.390625
1693.432617	37044.070313
1692.408203	36925.925781
1691.384766	37432.046875
1690.360352	37413.546875
1689.336914	37323.867188
1688.312500	37053.933594
1687.288086	37146.976563
1686.262695	37714.257813
1685.238281	37624.582031
1684.212891	38030.378906
1683.187500	38059.183594
1682.162109	38116.414063
1681.136719	38154.667969
1680.110352	38126.578125
1679.084961	38406.390625
1678.058594	38520.343750
1677.032227	38241.234375
1676.005859	38670.007813
1674.978516	38563.742188
1673.952148	38878.714844
1672.924805	38259.046875
1671.897461	38737.179688
1670.870117	38862.746094
1669.842773	38761.257813
1668.814453	38858.402344
1667.787109	38868.050781
1666.758789	39054.945313
1665.730469	39003.117188
1664.701172	39168.656250
1663.672852	39331.773438
1662.643555	39140.574219
1661.615234	39072.230469
1660.585938	39733.414063
1659.555664	39495.031250
1658.526367	39867.980469
1657.497070	39665.050781
1656.466797	39721.703125
1655.436523	39962.316406
1654.406250	39584.953125
1653.375977	39752.410156
1652.344727	39778.351563
1651.313477	39867.921875
1650.282227	39872.621094
1649.250977	39780.707031
1648.219727	40134.082031
1647.188477	39768.925781
1646.156250	40108.039063
1645.124023	39825.425781
1644.091797	39877.199219
1643.059570	39698.285156
1642.027344	40352.511719
1640.994141	39954.753906
1639.961914	40366.394531
1638.928711	40319.230469
1637.895508	40502.546875
1636.861328	40039.203125
1635.828125	40727.925781
1634.793945	40694.824219
1633.759766	40713.437500
1632.725586	40814.277344
1631.691406	40604.988281
1630.656250	41215.480469
1629.622070	40846.507813
1628.586914	41290.035156
1627.551758	41627.769531
1626.516602	42157.839844
1625.480469	42014.230469
1624.445313	42443.152344
1623.409180	42543.507813
1622.373047	43063.644531
1621.336914	43536.699219
1620.300781	43700.105469
1619.263672	44562.000000
1618.227539	45557.175781
1617.190430	45811.515625
1616.153320	46766.285156
1615.115234	47868.289063
1614.078125	48192.335938
1613.040039	49497.410156
1612.001953	49708.671875
1610.963867	49926.878906
1609.925781	50023.304688
1608.887695	49883.355469
1607.848633	48933.972656
1606.809570	48459.769531
1605.770508	47943.636719
1604.731445	47048.882813
1603.692383	46432.652344
1602.652344	45811.964844
1601.613281	45062.957031
1600.573242	44494.136719
1599.533203	43888.136719
1598.492188	43915.355469
1597.452148	43190.566406
1596.411133	43017.085938
1595.370117	42930.046875
1594.329102	42462.570313
1593.288086	42588.023438
1592.247070	42809.093750
1591.205078	42654.492188
1590.163086	42164.066406
1589.121094	41652.828125
1588.079102	41311.976563
1587.036133	41635.644531
1585.994141	41824.007813
1584.951172	41466.992188
1583.908203	41890.640625
1582.865234	41664.191406
1581.822266	41614.835938
1580.778320	41989.328125
1579.734375	41707.097656
1578.691406	42107.039063
1577.646484	42001.773438
1576.602539	41808.113281
1575.558594	42105.449219
1574.513672	42751.609375
1573.468750	42713.746094
1572.423828	42959.593750
1571.378906	42658.976563
1570.333008	42832.683594
1569.288086	42425.281250
1568.242188	42192.308594
1567.196289	41954.765625
1566.150391	41538.445313
1565.103516	41184.976563
1564.057617	41073.128906
1563.010742	40831.308594
1561.963867	40691.707031
1560.916992	40292.218750
1559.869141	40034.417969
1558.822266	40187.351563
1557.774414	40293.835938
1556.726563	39704.523438
1555.678711	39987.277344
1554.630859	40096.054688
1553.582031	39616.031250
1552.534180	39613.589844
1551.485352	39446.632813
1550.436523	39756.976563
1549.386719	39096.679688
1548.337891	39705.718750
1547.288086	39592.113281
1546.238281	39580.406250
1545.188477	39601.109375
1544.138672	39290.871094
1543.088867	39651.746094
1542.038086	39390.183594
1540.987305	39332.261719
1539.936523	39378.417969
1538.885742	39498.546875
1537.834961	39311.171875
1536.783203	39308.765625
1535.731445	39232.414063
1534.679688	39567.351563
1533.627930	39858.281250
1532.576172	39495.464844
1531.523438	39324.441406
1530.471680	39375.132813
1529.418945	39783.609375
1528.366211	39183.332031
1527.312500	39319.394531
1526.259766	39349.277344
1525.206055	39506.023438
1524.152344	39192.207031
1523.098633	39378.894531
1522.044922	39122.851563
1520.990234	39085.886719
1519.936523	39295.535156
1518.881836	39099.550781
1517.827148	39258.437500
1516.772461	38689.359375
1515.716797	38829.832031
1514.662109	39062.359375
1513.606445	39124.437500
1512.550781	38719.214844
1511.495117	38491.347656
1510.438477	38392.417969
1509.382813	38539.683594
1508.326172	38827.210938
1507.269531	38735.164063
1506.212891	38410.917969
1505.155273	38815.550781
1504.098633	38741.945313
1503.041016	38705.128906
1501.983398	38408.687500
1500.925781	38764.781250
1499.867188	38707.308594
1498.809570	39143.593750
1497.750977	38734.769531
1496.692383	38801.292969
1495.633789	38757.617188
1494.575195	38987.042969
1493.515625	38734.554688
1492.457031	38773.492188
1491.397461	39103.707031
1490.337891	39342.070313
1489.277344	39137.839844
1488.217773	38729.660156
1487.157227	39055.054688
1486.096680	38967.851563
1485.036133	38951.699219
1483.975586	39173.792969
1482.915039	39512.605469
1481.853516	39287.980469
1480.791992	39219.121094
1479.730469	39102.214844
1478.668945	38996.789063
1477.606445	39207.183594
1476.544922	39209.300781
1475.482422	39254.882813
1474.419922	39510.851563
1473.357422	39378.000000
1472.293945	39231.476563
1471.231445	39222.156250
1470.167969	39535.074219
1469.104492	39338.328125
1468.041016	39392.953125
1466.976563	39675.976563
1465.913086	39817.300781
1464.848633	39547.570313
1463.784180	39745.937500
1462.719727	39807.281250
1461.655273	39843.496094
1460.589844	40073.644531
1459.524414	40080.140625
1458.458984	40257.699219
1457.393555	40191.179688
1456.328125	39955.957031
1455.261719	40261.097656
1454.196289	40164.976563
1453.129883	40321.843750
1452.063477	40310.046875
1450.996094	40275.472656
1449.929688	40231.796875
1448.862305	40802.984375
1447.794922	40918.601563
1446.727539	40342.156250
1445.660156	40717.273438
1444.591797	40687.203125
1443.524414	41382.921875
1442.456055	41607.511719
1441.387695	41672.816406
1440.318359	42051.898438
1439.250000	42010.238281
1438.180664	42179.992188
1437.111328	42517.863281
1436.041992	42935.144531
1434.972656	42741.132813
1433.903320	42971.957031
1432.833008	43443.429688
1431.762695	43685.394531
1430.692383	43813.757813
1429.622070	43876.250000
1428.550781	43959.136719
1427.480469	44518.492188
1426.409180	44823.558594
1425.337891	44724.773438
1424.266602	45000.207031
1423.194336	45078.273438
1422.122070	45165.382813
1421.050781	45420.183594
1419.978516	45640.898438
1418.905273	45884.191406
1417.833008	45717.363281
1416.759766	45654.777344
1415.687500	45445.019531
1414.614258	45219.488281
1413.540039	45333.593750
1412.466797	45316.382813
1411.392578	44912.218750
1410.319336	44777.433594
1409.245117	44568.046875
1408.169922	44652.757813
1407.095703	45119.593750
1406.020508	45565.910156
1404.946289	45347.484375
1403.871094	45411.644531
1402.794922	45986.460938
1401.719727	45777.109375
1400.643555	46290.660156
1399.568359	46381.699219
1398.492188	45998.511719
1397.415039	46315.328125
1396.338867	46187.355469
1395.261719	46361.839844
1394.185547	45994.722656
1393.108398	46356.421875
1392.031250	46905.207031
1390.953125	46659.960938
1389.875977	46969.480469
1388.797852	46884.371094
1387.719727	47347.003906
1386.641602	47068.046875
1385.562500	47131.664063
1384.484375	47251.582031
1383.405273	47218.289063
1382.326172	47148.976563
1381.247070	47394.906250
1380.166992	47053.195313
1379.087891	47037.960938
1378.007813	47038.484375
1376.927734	46922.007813
1375.847656	46949.542969
1374.767578	46572.222656
1373.686523	46586.316406
1372.605469	46110.269531
1371.524414	45688.343750
1370.443359	45203.640625
1369.362305	45546.031250
1368.280273	45308.656250
1367.199219	45691.335938
1366.117188	45602.242188
1365.034180	45270.671875
1363.952148	45493.746094
1362.870117	46100.574219
1361.787109	45917.207031
1360.704102	46548.414063
1359.621094	46255.101563
1358.537109	46271.425781
1357.454102	46198.042969
1356.370117	46189.707031
1355.286133	45611.949219
1354.202148	45341.472656
1353.118164	44470.500000
1352.033203	45020.382813
1350.948242	44385.003906
1349.863281	44592.011719
1348.778320	43782.257813
1347.693359	43948.996094
1346.607422	43690.339844
1345.521484	44215.136719
1344.435547	44014.703125
1343.349609	44187.984375
1342.263672	44273.957031
1341.176758	44400.152344
1340.090820	44300.453125
1339.003906	44285.742188
1337.916016	44494.574219
1336.829102	44236.222656
1335.741211	44663.964844
1334.654297	44658.128906
1333.566406	44645.593750
1332.478516	44490.128906
1331.389648	44988.960938
1330.301758	45036.644531
1329.212891	45253.949219
1328.124023	44757.027344
1327.035156	45264.371094
1325.945313	45383.351563
1324.856445	45700.800781
1323.766602	45835.265625
1322.676758	46415.621094
1321.586914	46547.675781
1320.496094	47261.421875
1319.406250	47558.179688
1318.315430	48498.742188
1317.224609	48866.453125
1316.133789	49401.070313
1315.041992	49450.035156
1313.951172	50160.246094
1312.859375	50689.882813
1311.767578	50860.992188
1310.675781	50900.746094
1309.583008	50328.648438
1308.491211	49792.347656
1307.398438	49716.617188
1306.305664	48931.566406
1305.212891	48640.359375
1304.119141	47873.562500
1303.026367	48080.476563
1301.932617	48847.273438
1300.838867	48836.210938
1299.744141	49229.414063
1298.650391	50095.515625
1297.555664	49691.210938
1296.461914	50594.648438
1295.366211	50898.460938
1294.271484	51009.082031
1293.176758	51303.828125
1292.081055	50637.882813
1290.985352	50273.828125
1289.889648	50067.355469
1288.793945	49736.792969
1287.697266	49016.183594
1286.601563	48776.796875
1285.504883	48584.035156
1284.408203	47932.703125
1283.311523	47726.867188
1282.213867	47490.093750
1281.116211	46927.886719
1280.018555	46478.796875
1278.920898	46758.144531
1277.823242	46506.218750
1276.725586	45639.218750
1275.626953	46106.617188
1274.528320	45764.246094
1273.429688	45762.589844
1272.330078	45511.058594
1271.231445	45230.882813
1270.131836	45154.160156
1269.032227	44827.734375
1267.932617	44859.378906
1266.833008	44369.640625
1265.732422	44500.750000
1264.632813	44669.351563
1263.532227	44648.003906
1262.430664	44734.835938
1261.330078	44536.902344
1260.228516	44021.261719
1259.127930	44041.960938
1258.026367	43756.015625
1256.924805	44120.824219
1255.822266	43777.628906
1254.720703	43604.328125
1253.618164	43880.781250
1252.515625	43727.355469
1251.413086	43752.476563
1250.309570	43722.503906
1249.207031	43765.234375
1248.103516	43312.406250
1247.000000	43456.484375
1245.895508	43519.046875
1244.791992	43458.320313
1243.687500	43732.132813
1242.583008	43688.988281
1241.478516	43747.058594
1240.374023	43761.109375
1239.269531	44010.472656
1238.164063	44022.269531
1237.058594	44062.640625
1235.953125	44023.867188
1234.847656	44563.074219
1233.741211	44315.488281
1232.635742	44114.117188
1231.529297	44316.960938
1230.422852	44218.875000
1229.315430	43925.410156
1228.208984	44635.265625
1227.101563	44717.144531
1225.994141	45005.265625
1224.886719	44845.699219
1223.779297	44861.679688
1222.670898	44993.894531
1221.562500	44869.496094
1220.454102	44887.652344
1219.345703	45074.582031
1218.237305	44446.160156
1217.127930	44604.613281
1216.018555	44436.574219
1214.909180	44266.406250
1213.799805	44834.335938
1212.690430	44232.792969
1211.580078	44826.789063
1210.469727	44499.066406
1209.359375	44348.726563
1208.249023	44513.515625
1207.138672	44689.183594
1206.027344	45020.078125
1204.916016	45140.914063
1203.804688	44990.582031
1202.693359	44901.511719
1201.581055	45302.062500
1200.469727	45398.710938
1199.357422	45235.328125
1198.245117	45473.941406
1197.131836	45404.511719
1196.019531	45992.390625
1194.906250	45818.089844
1193.792969	45794.472656
1192.679688	45886.531250
1191.566406	45657.789063
1190.452148	46072.722656
1189.337891	45859.292969
1188.223633	45334.074219
1187.109375	45024.914063
1185.995117	45101.738281
1184.879883	44736.058594
1183.764648	44932.765625
1182.649414	45116.324219
1181.534180	44624.480469
1180.418945	44457.351563
1179.302734	45187.500000
1178.186523	44341.000000
1177.070313	44578.914063
1175.954102	44174.667969
1174.837891	43898.957031
1173.720703	44043.257813
1172.603516	44191.859375
1171.486328	44542.671875
1170.369141	43882.191406
1169.250977	44026.386719
1168.132813	43809.679688
1167.015625	43782.136719
1165.896484	43808.921875
1164.778320	44020.367188
1163.660156	44259.968750
1162.541016	43711.128906
1161.421875	43863.843750
1160.302734	44263.988281
1159.182617	43789.242188
1158.063477	44091.593750
1156.943359	43892.613281
1155.823242	43606.925781
1154.703125	44106.519531
1153.582031	43953.175781
1152.461914	44042.730469
1151.340820	43843.929688
1150.219727	44026.664063
1149.097656	44161.656250
1147.976563	44025.765625
1146.854492	44000.406250
1145.732422	44494.847656
1144.610352	44482.398438
1143.488281	44350.875000
1142.365234	44303.816406
1141.243164	45031.578125
1140.120117	44659.828125
1138.996094	44684.128906
1137.873047	44918.238281
1136.750000	45160.906250
1135.625977	45368.890625
1134.501953	44837.429688
1133.377930	45261.542969
1132.252930	45419.683594
1131.127930	44961.964844
1130.003906	44968.875000
1128.878906	45092.417969
1127.752930	44937.335938
1126.627930	44888.101563
1125.501953	45246.886719
1124.375977	45193.296875
1123.250000	44535.503906
1122.124023	45025.757813
1120.997070	44963.605469
1119.871094	44595.210938
1118.744141	44610.781250
1117.617188	44412.906250
1116.489258	44514.722656
1115.362305	44700.554688
1114.234375	44461.820313
1113.106445	44826.406250
1111.978516	44936.679688
1110.849609	44359.914063
1109.721680	44812.593750
1108.592773	44722.593750
1107.463867	44692.890625
1106.333984	44676.113281
1105.205078	44276.347656
1104.075195	44674.835938
1102.945313	44475.238281
1101.815430	44707.957031
1100.685547	44850.281250
1099.554688	44693.753906
1098.424805	44926.296875
1097.293945	44924.523438
1096.162109	44823.921875
1095.031250	44916.679688
1093.899414	44551.945313
1092.768555	44726.312500
1091.636719	44574.285156
1090.503906	44589.742188
1089.372070	44403.453125
1088.239258	44566.984375
1087.106445	44432.253906
1085.973633	44634.324219
1084.840820	44643.312500
1083.708008	44714.472656
1082.574219	44704.144531
1081.440430	44953.164063
1080.306641	44762.781250
1079.171875	45005.269531
1078.038086	44572.871094
1076.903320	44830.292969
1075.768555	45413.113281
1074.633789	44599.769531
1073.498047	44722.179688
1072.363281	44972.957031
1071.227539	44977.558594
1070.091797	45283.820313
1068.956055	44920.437500
1067.819336	44689.785156
1066.682617	45312.390625
1065.546875	45359.675781
1064.409180	44774.238281
1063.272461	44986.156250
1062.135742	45155.257813
1060.998047	45176.890625
1059.860352	45100.261719
1058.722656	45138.976563
1057.583984	44981.238281
1056.446289	45037.035156
1055.307617	44779.058594
1054.168945	45001.316406
1053.029297	44948.261719
1051.890625	44805.628906
1050.750977	45123.730469
1049.611328	44682.574219
1048.471680	45066.671875
1047.332031	44860.164063
1046.191406	44745.375000
1045.051758	44502.773438
1043.911133	45483.144531
1042.769531	45244.750000
1041.628906	44970.242188
1040.487305	44983.285156
1039.346680	44698.273438
1038.205078	45049.789063
1037.062500	44971.292969
1035.920898	44435.363281
1034.778320	44669.726563
1033.635742	44580.703125
1032.493164	44823.453125
1031.350586	44683.402344
1030.207031	44762.355469
1029.063477	44501.218750
1027.919922	44699.171875
1026.776367	44928.921875
1025.632813	44529.816406
1024.488281	44472.792969
1023.343750	44532.574219
1022.199219	44401.257813
1021.054688	44596.878906
1019.910156	44601.421875
1018.764648	44557.156250
1017.619141	44922.351563
1016.473633	44733.804688
1015.327148	45202.746094
1014.181641	44755.535156
1013.035156	45022.902344
1011.888672	45016.750000
1010.742188	45260.652344
1009.594727	44610.355469
1008.448242	45019.472656
1007.300781	44835.406250
1006.153320	45240.093750
1005.005859	45473.140625
1003.857422	45627.773438
1002.708984	45418.324219
1001.560547	46146.351563
1000.412109	45697.816406
999.263672	46586.277344
998.114258	45854.429688
996.965820	46681.214844
995.816406	46480.246094
994.666016	46222.281250
993.516602	45987.656250
992.366211	46386.992188
991.215820	45685.546875
990.065430	46602.261719
988.915039	46091.089844
987.763672	46528.109375
986.613281	46350.667969
985.461914	46418.121094
984.309570	46656.472656
983.158203	46293.437500
982.005859	46403.046875
980.854492	46706.640625
979.701172	46733.890625
978.548828	46655.718750
977.396484	47157.234375
976.243164	47154.875000
975.089844	46754.273438
973.936523	46912.093750
972.783203	46665.441406
971.628906	46863.230469
970.474609	46694.578125
969.320313	46763.871094
968.166016	46397.445313
967.010742	46978.125000
965.856445	46557.089844
964.701172	46594.792969
963.545898	46985.820313
962.390625	47248.429688
961.234375	47237.621094
960.078125	47451.734375
958.921875	47758.242188
957.765625	47453.160156
956.609375	47276.343750
955.452148	46902.144531
954.294922	47063.609375
953.137695	47004.539063
951.980469	47503.914063
950.822266	47339.835938
949.665039	47421.347656
948.506836	47425.191406
947.347656	47118.562500
946.189453	47497.894531
945.030273	47233.300781
943.872070	47274.906250
942.712891	47163.472656
941.552734	46997.585938
940.393555	47328.382813
939.233398	47462.117188
938.073242	47512.015625
936.913086	47352.460938
935.752930	47546.835938
934.591797	47669.953125
933.430664	47717.675781
932.269531	47826.062500
931.108398	48041.125000
929.947266	47766.574219
928.785156	48257.652344
927.623047	48031.257813
926.460938	48152.023438
925.298828	47890.191406
924.135742	48608.695313
922.972656	48382.394531
921.810547	48225.121094
920.646484	48600.574219
919.483398	48541.476563
918.319336	48772.648438
917.155273	49289.757813
915.991211	49299.437500
914.827148	48958.503906
913.662109	49448.156250
912.498047	49643.472656
911.333008	49678.105469
910.167969	50444.710938
909.001953	50203.949219
907.836914	50582.421875
906.670898	50902.390625
905.504883	50899.238281
904.337891	50658.562500
903.171875	50490.882813
902.004883	50698.156250
900.837891	50311.878906
899.670898	50063.152344
898.503906	49985.203125
897.335938	49965.558594
896.167969	49766.964844
895.000000	49639.179688
893.832031	49507.277344
892.663086	49895.339844
891.495117	49709.375000
890.326172	49500.605469
889.156250	49799.070313
887.987305	49879.218750
886.817383	49791.039063
885.648438	49850.382813
884.478516	49463.152344
883.307617	50272.175781
882.137695	49631.707031
880.966797	49751.226563
879.795898	50080.316406
878.625000	50102.175781
877.454102	50248.503906
876.282227	50380.253906
875.110352	50717.273438
873.938477	50784.605469
872.766602	50598.988281
871.593750	50842.496094
870.421875	50996.800781
869.249023	50985.289063
868.076172	50975.847656
866.902344	51734.832031
865.729492	51503.671875
864.555664	51858.531250
863.381836	52271.222656
862.207031	52706.523438
861.033203	52471.207031
859.858398	53245.605469
858.683594	53020.613281
857.508789	52820.523438
856.333984	53143.648438
855.158203	52623.156250
853.982422	52714.691406
852.806641	52097.335938
851.630859	52381.085938
850.454102	52243.296875
849.278320	52031.199219
848.101563	52756.726563
846.924805	52639.582031
845.747070	52966.308594
844.570313	52987.449219
843.392578	53561.609375
842.214844	53553.742188
841.036133	53795.472656
839.858398	54270.164063
838.679688	54907.574219
837.500977	55717.925781
836.322266	55585.976563
835.143555	56432.992188
833.963867	56041.335938
832.784180	55950.593750
831.604492	55528.269531
830.424805	54786.898438
829.244141	54811.734375
828.063477	54466.015625
826.882813	53774.644531
825.702148	53124.683594
824.521484	53448.132813
823.339844	53349.757813
822.158203	52628.246094
820.976563	52745.968750
819.794922	52421.625000
818.612305	52683.222656
817.430664	52474.093750
816.248047	52597.910156
815.064453	51801.312500
813.881836	51738.292969
812.698242	52342.718750
811.514648	51661.585938
810.331055	51805.957031
809.147461	52313.558594
807.962891	51757.984375
806.778320	52603.937500
805.593750	52411.593750
804.409180	52662.328125
803.224609	52814.542969
802.039063	52616.109375
800.853516	52188.171875
799.667969	52024.769531
798.482422	51410.628906
797.295898	51081.484375
796.109375	51274.769531
794.922852	51320.535156
793.736328	50911.726563
792.548828	50935.015625
791.362305	51234.609375
790.174805	51049.093750
788.986328	50916.843750
787.798828	50782.593750
786.610352	51030.851563
785.421875	50512.191406
784.233398	50357.636719
783.044922	50771.402344
781.856445	50283.726563
780.666992	50480.750000
779.477539	50181.261719
778.288086	50278.140625
777.097656	50536.312500
775.907227	50304.351563
774.717773	50770.648438
773.526367	50477.492188
772.335938	50137.511719
771.144531	50725.988281
769.954102	50112.730469
768.762695	50619.406250
767.570313	50934.210938
766.378906	50759.589844
765.186523	51202.664063
763.994141	50987.292969
762.801758	51051.156250
761.609375	51544.855469
760.416016	51651.359375
759.222656	52268.984375
758.029297	51735.964844
756.835938	52304.480469
755.641602	52593.937500
754.447266	52378.609375
753.252930	52429.890625
752.058594	52053.960938
750.864258	52408.324219
749.668945	51709.210938
748.473633	51831.726563
747.278320	51736.695313
746.083008	51659.988281
744.886719	51091.570313
743.690430	51589.945313
742.494141	51090.808594
741.297852	51103.625000
740.100586	50956.027344
738.904297	50485.703125
737.707031	50594.015625
736.509766	50550.082031
735.311523	50812.535156
734.113281	50344.605469
732.916016	50848.347656
731.716797	50415.054688
730.518555	50805.054688
729.320313	50298.953125
728.121094	50285.519531
726.921875	50351.109375
725.721680	50447.066406
724.522461	50540.957031
723.322266	50661.136719
722.122070	50491.726563
720.921875	50225.207031
719.721680	50207.738281
718.520508	50323.832031
717.319336	50500.582031
716.118164	50505.316406
714.916992	50530.273438
713.714844	50779.671875
712.513672	50735.824219
711.311523	50497.933594
710.108398	50801.761719
708.906250	51149.925781
707.703125	50833.296875
706.500000	51221.718750
705.296875	51264.660156
704.093750	51568.046875
702.889648	51154.667969
701.685547	51659.792969
700.481445	51349.464844
699.277344	51997.613281
698.072266	51723.640625
696.868164	52117.347656
695.663086	52198.351563
694.457031	52281.335938
693.251953	52479.187500
692.045898	52106.617188
690.839844	52280.242188
689.633789	52911.109375
688.427734	52792.449219
687.220703	52824.871094
686.013672	52941.843750
684.806641	52328.023438
683.599609	52400.761719
682.391602	52256.136719
681.184570	52266.484375
679.976563	52138.027344
678.767578	51772.296875
677.559570	51559.519531
676.350586	51891.652344
675.141602	52066.875000
673.932617	51255.265625
672.723633	51944.917969
671.513672	51985.425781
670.303711	52427.625000
669.093750	52361.589844
667.883789	51805.664063
666.672852	51850.171875
665.462891	51738.105469
664.251953	51632.101563
663.040039	51686.640625
661.829102	51853.488281
660.617188	51785.621094
659.405273	50969.839844
658.193359	51485.558594
656.981445	51722.464844
655.768555	51720.796875
654.555664	52171.960938
653.342773	51749.507813
652.129883	52046.265625
650.916016	52148.664063
649.702148	52493.281250
648.488281	52419.390625
647.274414	52665.753906
646.059570	53182.167969
644.845703	53460.304688
643.630859	54120.390625
642.416016	54098.250000
641.200195	54438.035156
639.984375	54125.957031
638.769531	54165.785156
637.552734	54085.687500
636.336914	53594.019531
635.120117	53693.843750
633.904297	53184.453125
632.687500	52599.363281
631.469727	52811.121094
630.252930	52330.117188
629.035156	52348.246094
627.817383	52344.417969
626.599609	52340.585938
625.380859	52217.074219
624.163086	52165.398438
622.944336	52253.316406
621.724609	52213.613281
620.505859	52367.261719
619.286133	52566.683594
618.066406	52244.007813
616.846680	52772.062500
615.626953	52853.781250
614.406250	53180.398438
613.186523	52977.570313
611.965820	52774.578125
610.744141	52571.421875
609.523438	52368.429688
608.301758	52503.832031
607.080078	52635.199219
605.858398	51971.031250
604.635742	52631.343750
603.414063	52774.535156
602.191406	52941.523438
600.968750	52629.523438
599.745117	52595.796875
598.522461	52832.242188
597.298828	53020.929688
596.075195	52764.742188
594.850586	53110.207031
593.626953	53155.812500
592.402344	53507.023438
591.177734	53564.433594
589.953125	53695.222656
588.727539	53657.367188
587.501953	53585.804688
586.276367	54017.886719
585.050781	54352.667969
583.825195	54665.519531
582.598633	54754.324219
581.372070	55237.363281
580.145508	55300.273438
578.917969	55436.433594
577.691406	56156.683594
576.463867	56427.250000
575.236328	56046.492188
574.007813	56590.082031
572.780273	56575.480469
571.551758	56066.316406
570.323242	55654.253906
569.094727	55916.687500
567.865234	56030.730469
566.635742	55725.648438
565.406250	54894.949219
564.176758	55078.273438
562.947266	54564.113281
561.716797	54577.550781
560.486328	53382.324219
559.255859	54185.792969
558.024414	53768.914063
556.793945	53598.914063
555.562500	53561.195313
554.331055	53227.531250
553.098633	52907.796875
551.867188	52887.972656
550.634766	53232.968750
549.402344	53157.882813
548.168945	52593.960938
546.936523	52383.031250
545.703125	52818.492188
544.469727	52960.242188
543.236328	52735.566406
542.001953	52891.058594
540.767578	52725.546875
539.533203	52831.761719
538.298828	52658.441406
537.064453	52739.042969
535.829102	53169.828125
534.593750	53096.859375
533.358398	52945.246094
532.122070	53361.976563
530.886719	53656.652344
529.650391	53129.570313
528.414063	53432.035156
527.176758	53606.664063
525.940430	53991.429688
524.703125	53765.191406
523.465820	53611.699219
522.227539	53801.859375
520.990234	53538.476563
519.751953	53530.343750
518.513672	53895.050781
517.275391	54057.539063
516.036133	54249.382813
514.796875	54231.304688
513.557617	54319.117188
512.318359	54234.371094
511.079102	54437.789063
509.838867	54325.609375
508.598633	53966.593750
507.358398	53666.480469
506.117188	53630.890625
504.876953	53673.640625
503.635742	53763.359375
502.394531	53627.933594
501.152344	53541.480469
499.911133	53447.230469
498.668945	53499.746094
497.425781	53585.488281
496.183594	53581.238281
494.941406	53563.300781
493.698242	54084.921875
492.455078	54078.617188
491.210938	53867.125000
489.967773	53956.593750
488.723633	53922.960938
487.479492	53819.023438
486.235352	54425.914063
484.990234	53911.925781
483.745117	54124.265625
482.500000	54404.828125
481.254883	54782.839844
480.008789	54501.316406
478.763672	54311.570313
477.517578	54160.898438
476.271484	54854.523438
475.024414	54877.292969
473.777344	54917.593750
472.530273	54885.777344
471.283203	55243.625000
470.036133	55044.230469
468.788086	55481.757813
467.540039	55475.160156
466.291992	55745.011719
465.043945	55434.714844
463.794922	55585.753906
462.545898	55795.105469
461.296875	55821.511719
460.047852	56089.082031
458.797852	56514.062500
457.547852	56495.589844
456.297852	56626.804688
455.047852	57059.207031
453.796875	56743.335938
452.545898	57047.324219
451.294922	57364.792969
450.043945	57787.007813
448.792969	57948.875000
447.541016	58139.800781
446.289063	58932.335938
445.036133	59367.507813
443.784180	59536.703125
442.531250	59698.074219
441.278320	59869.078125
440.025391	59171.300781
438.771484	58464.093750
437.518555	57954.863281
436.264648	57713.265625
435.010742	56778.085938
433.755859	56511.613281
432.500977	56409.875000
431.246094	55748.515625
429.991211	55548.207031
428.736328	55721.582031
427.480469	55550.382813
426.224609	54827.757813
424.968750	55055.332031
423.712891	55079.714844
422.456055	54933.894531
421.199219	55140.042969
419.942383	54922.734375
418.685547	55105.605469
417.427734	54898.046875
416.169922	54557.242188
414.912109	54291.906250
413.654297	54648.574219
412.395508	54638.207031
411.136719	54728.238281
409.877930	54611.691406
408.619141	54421.851563
407.359375	54490.636719
406.099609	54252.656250
404.839844	54234.644531
403.580078	54093.218750
402.319336	54534.128906
401.059570	54751.250000
