#Wave		#Intensity
2001.182617	34872.890625
2000.212891	34880.410156
1999.243164	34936.972656
1998.273438	34815.617188
1997.303711	34854.632813
1996.333008	34936.210938
1995.363281	34679.683594
1994.392578	34651.089844
1993.421875	34549.910156
1992.451172	34616.464844
1991.479492	35268.593750
1990.508789	34819.558594
1989.537109	35011.109375
1988.566406	34324.656250
1987.594727	35016.386719
1986.622070	35042.773438
1985.650391	34576.664063
1984.677734	35050.531250
1983.706055	34994.425781
1982.733398	34688.476563
1981.760742	34854.789063
1980.788086	34856.195313
1979.814453	34847.605469
1978.841797	34866.484375
1977.868164	34902.832031
1976.894531	35478.304688
1975.920898	35127.714844
1974.947266	34956.894531
1973.972656	34591.546875
1972.999023	35268.929688
1972.024414	35225.359375
1971.049805	35221.691406
1970.075195	35355.140625
1969.099609	34917.753906
1968.125000	35205.714844
1967.149414	35393.910156
1966.173828	35268.140625
1965.198242	34788.726563
1964.222656	34999.300781
1963.247070	35503.613281
1962.270508	35382.886719
1961.294922	35436.437500
1960.318359	35009.664063
1959.341797	35239.917969
1958.364258	35271.070313
1957.387695	35090.789063
1956.410156	35437.785156
1955.433594	35605.632813
1954.456055	35079.832031
1953.478516	35821.847656
1952.500000	35465.175781
1951.522461	35255.226563
1950.543945	35177.011719
1949.565430	34944.832031
1948.586914	35358.406250
1947.608398	35131.234375
1946.629883	35504.910156
1945.650391	35600.460938
1944.671875	35385.773438
1943.692383	35444.089844
1942.712891	35519.750000
1941.733398	35498.648438
1940.752930	36023.132813
1939.773438	35528.371094
1938.792969	35499.839844
1937.812500	35488.664063
1936.832031	35772.394531
1935.851563	35919.750000
1934.870117	35898.597656
1933.888672	35632.238281
1932.908203	35395.687500
1931.926758	35741.082031
1930.945313	35361.007813
1929.962891	35500.847656
1928.981445	36068.757813
1927.999023	35513.152344
1927.016602	35581.144531
1926.034180	35960.761719
1925.051758	35521.691406
1924.069336	35530.304688
1923.085938	35702.066406
1922.102539	35994.882813
1921.119141	35630.246094
1920.135742	35838.960938
1919.152344	35746.214844
1918.168945	35781.937500
1917.184570	35884.324219
1916.200195	36250.863281
1915.215820	36051.957031
1914.231445	35749.449219
1913.247070	35989.960938
1912.261719	36200.773438
1911.276367	35474.089844
1910.291992	35620.792969
1909.306641	35883.343750
1908.320313	36103.886719
1907.334961	35883.085938
1906.348633	35780.667969
1905.363281	36237.679688
1904.376953	35930.730469
1903.390625	36372.777344
1902.403320	35762.957031
1901.416992	35734.519531
1900.429688	36434.886719
1899.443359	35724.445313
1898.456055	36126.750000
1897.467773	36083.496094
1896.480469	36182.964844
1895.493164	35901.093750
1894.504883	36605.605469
1893.516602	36188.507813
1892.528320	36280.503906
1891.540039	36111.890625
1890.550781	35899.093750
1889.562500	36199.968750
1888.573242	36761.171875
1887.583984	36221.652344
1886.594727	36085.117188
1885.605469	36125.441406
1884.615234	36325.335938
1883.625000	36365.601563
1882.635742	36624.289063
1881.645508	36509.882813
1880.654297	36361.167969
1879.664063	36411.203125
1878.673828	36571.585938
1877.682617	36163.000000
1876.691406	36357.695313
1875.700195	36454.265625
1874.708984	36609.621094
1873.716797	36478.214844
1872.725586	36430.156250
1871.733398	36602.578125
1870.741211	36385.515625
1869.749023	36420.750000
1868.755859	36590.632813
1867.763672	36780.035156
1866.770508	36590.007813
1865.777344	36554.214844
1864.784180	36826.703125
1863.791016	36746.847656
1862.797852	36600.976563
1861.803711	37242.558594
1860.809570	36861.941406
1859.815430	36461.898438
1858.821289	36914.968750
1857.827148	37069.757813
1856.832031	36948.410156
1855.837891	37166.648438
1854.842773	36891.453125
1853.847656	37119.390625
1852.852539	37315.503906
1851.856445	37111.214844
1850.861328	36877.710938
1849.865234	37112.804688
1848.869141	37352.691406
1847.873047	37004.613281
1846.876953	37149.316406
1845.879883	37654.859375
1844.883789	37311.785156
1843.886719	37536.792969
1842.889648	37167.046875
1841.892578	37350.574219
1840.895508	37107.675781
1839.897461	37468.968750
1838.899414	37455.066406
1837.901367	37168.445313
1836.903320	37303.109375
1835.905273	37469.371094
1834.907227	37740.222656
1833.908203	37937.980469
1832.909180	37714.773438
1831.910156	37725.160156
1830.911133	38285.183594
1829.912109	37699.718750
1828.912109	38067.480469
1827.913086	37647.550781
1826.913086	38173.160156
1825.913086	38059.523438
1824.913086	37775.859375
1823.912109	38084.984375
1822.912109	37930.128906
1821.911133	37930.734375
1820.910156	38144.976563
1819.909180	37888.242188
1818.908203	37634.023438
1817.906250	37731.730469
1816.904297	38229.699219
1815.903320	38028.914063
1814.900391	38148.324219
1813.898438	38265.265625
1812.896484	38069.421875
1811.893555	38576.582031
1810.891602	38385.597656
1809.888672	38192.257813
1808.885742	38035.324219
1807.881836	38440.394531
1806.878906	38496.582031
1805.875000	38438.949219
1804.871094	38296.597656
1803.867188	38558.523438
1802.863281	38406.519531
1801.859375	38629.613281
1800.854492	38576.835938
1799.849609	38983.644531
1798.844727	38413.292969
1797.839844	38491.144531
1796.834961	38506.113281
1795.830078	38919.894531
1794.824219	39246.527344
1793.818359	38538.898438
1792.812500	38747.105469
1791.806641	38631.578125
1790.799805	38834.863281
1789.793945	39088.781250
1788.787109	39074.640625
1787.780273	39099.125000
1786.773438	38877.445313
1785.766602	38839.218750
1784.758789	38933.683594
1783.751953	39194.542969
1782.744141	39124.921875
1781.736328	39281.972656
1780.728516	39448.609375
1779.719727	38896.925781
1778.711914	39555.175781
1777.703125	39663.843750
1776.694336	39733.929688
1775.685547	39519.773438
1774.676758	39664.511719
1773.666992	39503.410156
1772.657227	39833.457031
1771.648438	39422.070313
1770.638672	39766.445313
1769.627930	39540.476563
1768.618164	39870.273438
1767.607422	40089.316406
1766.597656	40147.164063
1765.586914	39603.910156
1764.576172	39938.265625
1763.564453	39909.578125
1762.553711	40421.582031
1761.541992	40551.390625
1760.530273	40789.246094
1759.518555	40133.562500
1758.506836	40361.800781
1757.495117	40438.699219
1756.482422	40477.164063
1755.469727	40386.003906
1754.457031	41081.964844
1753.444336	41036.312500
1752.431641	40671.636719
1751.417969	40911.480469
1750.405273	41045.726563
1749.391602	40693.226563
1748.377930	41119.906250
1747.364258	41148.585938
1746.349609	41522.312500
1745.335938	41435.910156
1744.321289	41311.207031
1743.306641	41426.042969
1742.291992	41830.582031
1741.276367	41734.597656
1740.261719	41518.964844
1739.246094	42100.367188
1738.230469	41858.417969
1737.214844	42231.410156
1736.199219	42690.382813
1735.182617	42352.789063
1734.166992	42617.890625
1733.150391	42641.429688
1732.133789	42846.621094
1731.117188	42748.222656
1730.099609	43278.289063
1729.083008	43327.968750
1728.065430	43802.804688
1727.047852	43603.992188
1726.030273	44372.304688
1725.012695	44302.378906
1723.994141	44681.218750
1722.976563	44768.769531
1721.958008	45278.628906
1720.939453	45113.156250
1719.920898	45257.824219
1718.901367	45416.746094
1717.882813	45845.050781
1716.863281	45519.863281
1715.843750	45905.089844
1714.824219	46218.679688
1713.803711	46065.148438
1712.784180	46307.128906
1711.763672	46134.578125
1710.743164	46307.394531
1709.722656	46527.769531
1708.702148	46583.800781
1707.681641	46763.582031
1706.660156	46215.089844
1705.638672	46675.632813
1704.617188	46588.855469
1703.595703	46509.242188
1702.574219	46498.621094
1701.551758	47008.710938
1700.529297	47047.921875
1699.507813	46687.812500
1698.484375	47012.234375
1697.461914	46797.187500
1696.439453	46824.527344
1695.416016	47174.867188
1694.392578	46912.410156
1693.369141	47248.363281
1692.345703	47308.828125
1691.322266	47041.730469
1690.297852	47783.265625
1689.273438	47217.230469
1688.249023	47835.109375
1687.224609	47409.195313
1686.200195	47773.085938
1685.174805	47124.464844
1684.150391	47969.484375
1683.125000	47747.667969
1682.099609	48506.964844
1681.073242	48112.171875
1680.047852	48245.765625
1679.021484	48575.882813
1677.995117	48415.714844
1676.968750	48797.769531
1675.942383	49196.257813
1674.916016	49353.195313
1673.888672	48591.953125
1672.862305	49236.308594
1671.834961	49222.835938
1670.806641	48977.593750
1669.779297	48964.171875
1668.751953	49019.312500
1667.723633	49346.265625
1666.695313	49387.132813
1665.666992	49850.949219
1664.638672	49482.996094
1663.609375	49743.488281
1662.581055	49803.140625
1661.551758	49645.535156
1660.522461	50075.835938
1659.493164	49920.593750
1658.462891	50362.488281
1657.433594	50228.480469
1656.403320	50089.804688
1655.373047	50517.273438
1654.342773	50366.796875
1653.312500	50329.554688
1652.281250	49495.488281
1651.250977	50111.316406
1650.219727	49902.093750
1649.188477	49949.777344
1648.156250	50237.730469
1647.125000	50040.371094
1646.092773	50363.527344
1645.060547	50745.429688
1644.028320	50347.976563
1642.996094	50713.265625
1641.963867	50504.218750
1640.930664	50591.707031
1639.898438	50608.589844
1638.865234	50496.101563
1637.832031	50550.617188
1636.797852	51261.097656
1635.764648	51465.902344
1634.730469	51217.007813
1633.696289	51193.800781
1632.662109	51309.218750
1631.627930	51365.867188
1630.592773	51831.167969
1629.558594	51441.523438
1628.523438	52059.253906
1627.488281	52139.195313
1626.453125	52362.273438
1625.416992	52176.957031
1624.381836	52953.648438
1623.345703	52998.179688
1622.309570	53643.101563
1621.273438	54036.886719
1620.237305	54955.699219
1619.200195	55426.460938
1618.163086	55779.867188
1617.125977	56651.007813
1616.088867	57922.464844
1615.051758	59376.175781
1614.014648	60112.710938
1612.976563	61401.597656
1611.938477	62036.832031
1610.900391	62894.210938
1609.862305	62693.441406
1608.823242	62403.824219
1607.785156	61819.527344
1606.746094	60917.316406
1605.707031	60153.410156
1604.667969	58714.007813
1603.628906	58048.949219
1602.588867	56855.863281
1601.548828	56118.921875
1600.508789	56069.199219
1599.468750	55078.007813
1598.428711	54657.097656
1597.387695	54152.261719
1596.347656	54161.292969
1595.306641	53362.570313
1594.265625	53787.203125
1593.224609	53243.199219
1592.182617	53324.707031
1591.140625	53588.144531
1590.099609	52699.261719
1589.057617	52759.828125
1588.014648	52615.187500
1586.972656	52806.289063
1585.929688	53025.289063
1584.887695	53185.949219
1583.844727	52966.769531
1582.800781	53339.367188
1581.757813	53513.855469
1580.714844	53371.574219
1579.670898	53478.468750
1578.626953	53752.929688
1577.583008	54678.980469
1576.538086	54371.363281
1575.494141	54419.832031
1574.449219	54884.667969
1573.404297	54544.613281
1572.359375	54774.394531
1571.314453	55004.093750
1570.269531	54361.996094
1569.223633	55121.585938
1568.177734	54105.574219
1567.131836	54128.445313
1566.085938	53563.613281
1565.040039	53519.214844
1563.993164	52666.750000
1562.946289	52592.343750
1561.899414	52910.246094
1560.852539	52733.703125
1559.805664	52441.195313
1558.757813	52540.871094
1557.709961	52485.097656
1556.662109	52280.914063
1555.614258	51967.820313
1554.566406	51979.406250
1553.517578	51974.757813
1552.469727	52028.046875
1551.420898	51719.847656
1550.372070	52009.460938
1549.322266	52051.125000
1548.273438	51921.402344
1547.223633	51946.859375
1546.173828	52000.082031
1545.124023	52039.398438
1544.074219	52196.718750
1543.024414	51983.777344
1541.973633	51824.121094
1540.922852	52099.351563
1539.872070	51979.035156
1538.821289	51900.382813
1537.770508	52256.355469
1536.718750	52004.328125
1535.666992	52244.605469
1534.615234	52313.820313
1533.563477	52415.351563
1532.511719	52285.878906
1531.458984	52477.433594
1530.407227	52031.679688
1529.354492	52050.074219
1528.300781	51989.992188
1527.248047	51946.078125
1526.195313	51890.644531
1525.141602	52112.039063
1524.087891	51867.468750
1523.034180	51862.800781
1521.980469	51622.972656
1520.925781	52305.269531
1519.871094	51851.101563
1518.817383	51440.878906
1517.762695	51933.917969
1516.707031	51922.320313
1515.652344	51873.878906
1514.596680	51549.132813
1513.541016	51447.816406
1512.485352	51434.003906
1511.429688	51583.593750
1510.374023	51671.003906
1509.317383	51162.527344
1508.260742	51185.570313
1507.204102	51399.480469
1506.147461	51546.632813
1505.090820	51889.140625
1504.033203	51477.609375
1502.975586	51374.167969
1501.917969	51521.210938
1500.860352	51619.953125
1499.802734	51815.128906
1498.744141	52170.984375
1497.686523	52136.382813
1496.627930	51429.171875
1495.569336	51511.765625
1494.509766	51959.207031
1493.451172	52314.707031
1492.391602	51523.082031
1491.332031	52247.796875
1490.272461	52263.656250
1489.212891	51967.695313
1488.152344	51839.179688
1487.092773	52159.929688
1486.032227	51749.562500
1484.971680	51811.312500
1483.910156	52319.722656
1482.849609	52074.441406
1481.788086	52092.585938
1480.726563	52005.406250
1479.665039	52234.144531
1478.603516	52254.527344
1477.541992	52512.882813
1476.479492	52423.390625
1475.416992	52603.847656
1474.354492	52651.585938
1473.291992	52980.562500
1472.229492	52747.011719
1471.166016	52554.687500
1470.102539	52680.097656
1469.039063	53008.820313
1467.975586	52745.726563
1466.912109	52690.578125
1465.847656	52875.242188
1464.783203	53208.253906
1463.718750	53285.453125
1462.654297	53271.328125
1461.589844	53458.027344
1460.524414	53945.839844
1459.458984	53726.281250
1458.393555	54026.832031
1457.328125	54046.781250
1456.262695	54135.121094
1455.196289	54451.390625
1454.130859	54450.730469
1453.064453	54320.175781
1451.998047	54586.113281
1450.930664	53879.242188
1449.864258	54523.234375
1448.796875	55094.125000
1447.729492	55291.414063
1446.662109	55358.882813
1445.594727	55540.117188
1444.526367	56035.312500
1443.458008	56327.839844
1442.390625	56283.601563
1441.321289	56787.484375
1440.252930	57452.632813
1439.184570	57712.855469
1438.115234	57893.425781
1437.045898	58294.378906
1435.976563	58438.417969
1434.907227	58761.878906
1433.836914	58542.343750
1432.767578	58729.406250
1431.697266	58964.078125
1430.626953	59523.308594
1429.555664	59272.003906
1428.485352	59193.265625
1427.414063	59645.503906
1426.342773	59600.750000
1425.271484	59812.316406
1424.200195	60193.890625
1423.128906	60092.367188
1422.056641	60231.183594
1420.984375	60621.531250
1419.912109	60782.855469
1418.839844	60771.921875
1417.767578	60636.398438
1416.694336	61431.808594
1415.621094	60922.558594
1414.547852	60583.300781
1413.474609	60499.964844
1412.400391	60176.742188
1411.327148	59570.769531
1410.252930	60109.835938
1409.178711	59626.242188
1408.104492	59733.121094
1407.029297	60850.742188
1405.955078	60471.269531
1404.879883	61079.750000
1403.804688	61290.238281
1402.729492	62271.187500
1401.653320	62293.867188
1400.578125	62029.664063
1399.501953	62318.863281
1398.425781	62343.769531
1397.349609	62499.609375
1396.272461	61747.992188
1395.196289	61766.207031
1394.119141	61879.187500
1393.041992	61261.183594
1391.964844	61365.183594
1390.886719	61496.203125
1389.809570	61444.539063
1388.731445	62276.601563
1387.653320	62030.968750
1386.575195	62035.566406
1385.497070	62812.988281
1384.417969	62524.585938
1383.338867	63177.753906
1382.259766	63006.480469
1381.180664	63008.636719
1380.101563	63499.277344
1379.021484	62416.496094
1377.941406	63156.843750
1376.861328	63055.464844
1375.781250	63035.097656
1374.701172	62254.550781
1373.620117	62209.593750
1372.539063	61478.933594
1371.458008	61243.062500
1370.376953	61587.117188
1369.295898	60782.800781
1368.213867	60751.617188
1367.132813	60688.996094
1366.050781	60109.855469
1364.967773	59836.296875
1363.885742	60355.328125
1362.802734	60023.460938
1361.720703	60407.613281
1360.637695	60201.503906
1359.554688	59739.714844
1358.470703	59648.187500
1357.387695	59597.058594
1356.303711	59559.398438
1355.219727	59389.480469
1354.135742	58701.867188
1353.050781	59247.035156
1351.966797	58741.171875
1350.881836	58524.472656
1349.796875	58124.187500
1348.711914	58194.312500
1347.626953	57444.949219
1346.541016	57994.218750
1345.455078	57860.648438
1344.369141	57501.113281
1343.283203	58486.343750
1342.197266	57540.742188
1341.110352	57908.324219
1340.023438	58329.441406
1338.936523	58347.968750
1337.849609	58607.902344
1336.762695	58072.109375
1335.674805	58832.527344
1334.586914	59179.355469
1333.499023	59284.816406
1332.411133	58755.976563
1331.323242	59165.144531
1330.234375	59147.757813
1329.145508	58991.984375
1328.056641	59282.597656
1326.967773	59568.644531
1325.878906	59644.882813
1324.789063	59754.546875
1323.699219	60515.351563
1322.609375	60022.804688
1321.519531	60491.246094
1320.429688	61010.781250
1319.338867	60547.371094
1318.248047	60656.738281
1317.157227	61688.312500
1316.066406	61383.160156
1314.975586	61875.328125
1313.883789	61877.496094
1312.791992	61694.898438
1311.700195	62004.230469
1310.608398	62293.421875
1309.516602	62353.347656
1308.423828	62077.359375
1307.331055	62306.324219
1306.238281	62217.226563
1305.145508	62626.156250
1304.051758	62361.421875
1302.958984	63023.531250
1301.865234	63720.953125
1300.771484	64502.539063
1299.677734	64908.453125
1298.583008	66362.445313
1297.489258	66716.796875
1296.394531	67468.406250
1295.299805	68712.492188
1294.204102	68396.023438
1293.109375	68439.109375
1292.013672	68089.515625
1290.917969	67657.984375
1289.822266	67537.070313
1288.726563	66223.343750
1287.630859	66078.343750
1286.534180	65308.367188
1285.437500	64691.570313
1284.340820	64704.222656
1283.244141	63952.628906
1282.146484	63518.015625
1281.048828	63094.632813
1279.951172	62593.910156
1278.853516	62664.472656
1277.755859	62232.609375
1276.658203	62154.949219
1275.559570	61849.437500
1274.460938	61964.312500
1273.362305	61316.144531
1272.262695	60639.464844
1271.164063	60568.781250
1270.064453	60884.941406
1268.964844	60434.117188
1267.865234	59740.398438
1266.765625	60202.332031
1265.665039	60346.031250
1264.564453	59736.617188
1263.463867	59407.835938
1262.363281	59233.703125
1261.262695	59295.796875
1260.161133	58715.695313
1259.059570	59422.117188
1257.958008	59232.656250
1256.856445	58690.367188
1255.754883	58681.925781
1254.652344	58516.945313
1253.549805	58757.625000
1252.447266	58383.308594
1251.344727	59309.234375
1250.242188	58624.300781
1249.138672	58477.089844
1248.035156	58462.070313
1246.931641	58061.710938
1245.828125	58601.566406
1244.724609	58760.421875
1243.620117	58201.761719
1242.515625	58563.058594
1241.411133	58114.628906
1240.306641	58515.402344
1239.201172	57884.609375
1238.096680	58733.820313
1236.991211	58279.082031
1235.885742	59255.390625
1234.779297	58422.734375
1233.673828	58258.320313
1232.567383	58232.363281
1231.460938	58520.492188
1230.354492	58228.777344
1229.248047	58852.722656
1228.140625	58980.328125
1227.033203	59259.324219
1225.926758	59601.855469
1224.818359	59779.707031
1223.710938	59308.191406
1222.602539	59488.218750
1221.495117	59446.710938
1220.386719	59587.179688
1219.278320	59541.277344
1218.168945	59637.843750
1217.060547	59252.308594
1215.951172	59191.148438
1214.841797	59526.468750
1213.731445	59053.554688
1212.622070	59077.851563
1211.511719	59056.164063
1210.402344	58666.761719
1209.291992	58975.601563
1208.180664	59109.285156
1207.070313	59041.656250
1205.958984	59466.171875
1204.847656	59206.058594
1203.736328	59978.027344
1202.625000	59459.960938
1201.512695	59641.476563
1200.401367	59873.187500
1199.289063	59798.933594
1198.176758	60428.093750
1197.063477	60674.812500
1195.951172	60316.570313
1194.837891	60737.878906
1193.724609	60567.476563
1192.611328	60842.351563
1191.498047	61117.125000
1190.383789	61023.097656
1189.269531	60486.304688
1188.155273	60438.218750
1187.041016	60486.085938
1185.926758	60632.039063
1184.811523	60171.984375
1183.696289	59487.632813
1182.581055	59712.117188
1181.465820	59418.042969
1180.350586	60091.136719
1179.234375	59692.566406
1178.118164	59381.226563
1177.001953	59244.148438
1175.885742	59287.769531
1174.768555	58872.210938
1173.652344	59287.925781
1172.535156	58609.300781
1171.417969	59079.277344
1170.299805	58505.312500
1169.182617	58453.343750
1168.064453	58623.109375
1166.946289	58623.289063
1165.828125	58462.671875
1164.709961	58367.289063
1163.590820	58745.460938
1162.471680	58170.097656
1161.352539	58320.171875
1160.233398	58036.000000
1159.114258	58298.906250
1157.994141	58262.234375
1156.874023	57978.218750
1155.753906	58173.738281
1154.633789	57597.027344
1153.513672	58393.230469
1152.392578	58324.039063
1151.271484	58185.500000
1150.150391	58294.093750
1149.029297	58554.332031
1147.907227	58625.980469
1146.786133	58439.820313
1145.664063	58416.164063
1144.541992	58977.171875
1143.418945	59011.875000
1142.296875	59217.570313
1141.173828	58773.917969
1140.050781	60299.507813
1138.927734	59710.867188
1137.803711	59654.542969
1136.680664	60523.847656
1135.556641	60496.386719
1134.432617	60468.921875
1133.308594	60441.460938
1132.183594	60413.972656
1131.059570	60386.511719
1129.934570	60155.136719
1128.809570	59945.441406
1127.684570	59798.445313
1126.558594	59599.679688
1125.432617	60137.105469
1124.307617	60046.261719
1123.180664	60100.031250
1122.054688	60160.250000
1120.928711	59849.417969
1119.801758	59152.640625
1118.674805	59909.488281
1117.547852	59635.515625
1116.419922	59337.929688
1115.292969	59130.964844
1114.165039	59706.253906
1113.037109	59551.000000
1111.909180	59701.660156
1110.780273	59451.699219
1109.652344	59380.542969
1108.523438	59765.800781
1107.394531	59287.804688
1106.264648	59007.960938
1105.135742	59388.765625
1104.005859	59543.550781
1102.875977	59526.207031
1101.746094	59369.093750
1100.616211	59095.929688
1099.485352	59175.406250
1098.355469	59731.984375
1097.224609	59190.289063
1096.092773	59353.488281
1094.961914	59119.226563
1093.830078	59138.480469
1092.699219	59035.324219
1091.567383	58721.812500
1090.434570	59344.281250
1089.302734	58571.554688
1088.169922	58764.675781
1087.037109	58595.167969
1085.904297	58277.718750
1084.771484	58524.394531
1083.637695	58509.394531
1082.504883	58076.363281
1081.371094	58631.578125
1080.236328	58419.402344
1079.102539	58245.871094
1077.968750	58308.039063
1076.833984	58183.847656
1075.699219	58241.714844
1074.564453	58213.921875
1073.428711	58988.863281
1072.292969	58528.613281
1071.158203	58659.117188
1070.022461	58926.500000
1068.885742	58838.699219
1067.750000	59311.253906
1066.613281	59092.976563
1065.476563	59280.968750
1064.339844	59567.214844
1063.203125	59342.589844
1062.065430	59368.039063
1060.927734	59228.980469
1059.790039	59066.472656
1058.652344	59384.515625
1057.514648	58942.335938
1056.375977	59170.621094
1055.237305	58841.753906
1054.098633	59678.148438
1052.959961	58815.914063
1051.820313	58410.492188
1050.681641	59148.386719
1049.541992	58868.859375
1048.402344	58979.585938
1047.261719	59367.378906
1046.122070	59015.492188
1044.981445	59415.917969
1043.840820	59247.367188
1042.700195	58537.843750
1041.558594	59385.351563
1040.417969	59159.402344
1039.276367	58345.960938
1038.134766	58858.863281
1036.992188	58777.832031
1035.850586	58707.472656
1034.708008	58345.691406
1033.565430	58568.941406
1032.422852	58419.968750
1031.280273	58392.234375
1030.136719	58566.457031
1028.994141	58653.468750
1027.850586	58659.699219
1026.706055	58789.152344
1025.562500	58816.593750
1024.417969	58646.507813
1023.273438	58281.128906
1022.128906	58185.503906
1020.984375	58660.898438
1019.839844	58885.691406
1018.694336	58607.523438
1017.548828	58384.613281
1016.403320	58698.410156
1015.256836	58666.417969
1014.111328	58252.785156
1012.964844	58805.972656
1011.818359	59168.203125
1010.671875	58568.214844
1009.524414	59142.218750
1008.377930	58930.105469
1007.230469	58569.812500
1006.083008	58830.097656
1004.934570	59138.976563
1003.787109	59200.074219
1002.638672	59747.917969
1001.490234	59436.460938
1000.341797	59670.945313
999.193359	59949.757813
998.043945	60078.312500
996.894531	60477.468750
995.745117	60183.062500
994.595703	60163.539063
993.446289	59917.898438
992.295898	59873.070313
991.145508	60248.644531
989.995117	60408.640625
988.844727	59903.382813
987.693359	60179.503906
986.541992	60187.429688
985.390625	60625.906250
984.239258	61030.453125
983.087891	61120.492188
981.935547	60976.351563
980.783203	60703.609375
979.630859	61185.855469
978.478516	61242.054688
977.325195	61161.222656
976.172852	61312.234375
975.019531	61678.113281
973.865234	60840.937500
972.711914	61128.828125
971.557617	60626.894531
970.404297	60640.996094
969.250000	60526.679688
968.094727	60620.769531
966.940430	60881.062500
965.785156	60558.460938
964.629883	60675.625000
963.474609	60466.746094
962.319336	60850.933594
961.163086	60719.886719
960.007813	61129.101563
958.851563	61189.292969
957.694336	60915.363281
956.538086	61078.507813
955.380859	61212.183594
954.223633	61373.109375
953.066406	60815.875000
951.909180	61075.476563
950.751953	61429.429688
949.593750	60941.734375
948.435547	61350.132813
947.277344	60889.894531
946.118164	60790.578125
944.959961	60745.816406
943.800781	60755.582031
942.641602	60857.570313
941.482422	61085.273438
940.322266	60908.464844
939.162109	61488.039063
938.001953	61020.054688
936.841797	61327.128906
935.681641	61324.191406
934.520508	61170.519531
933.360352	61414.593750
932.198242	61338.386719
931.037109	61536.300781
929.875977	61621.175781
928.713867	61764.582031
927.551758	61707.175781
926.389648	62072.132813
925.227539	61385.464844
924.064453	61884.101563
922.901367	62050.300781
921.738281	61629.343750
920.575195	61956.367188
919.412109	61873.917969
918.248047	62522.335938
917.083984	62224.769531
915.919922	62599.437500
914.755859	63072.046875
913.590820	63275.316406
912.426758	63524.402344
911.261719	63458.433594
910.095703	64084.847656
908.930664	64196.027344
907.764648	64336.343750
906.598633	64676.695313
905.432617	64739.765625
904.266602	64715.300781
903.099609	63895.093750
901.933594	64016.578125
900.766602	63908.960938
899.599609	63840.933594
898.431641	63185.929688
897.264648	63220.035156
896.096680	63071.011719
894.928711	62659.914063
893.759766	63168.332031
892.591797	63119.218750
891.422852	63097.152344
890.253906	62875.515625
889.084961	62872.199219
887.916016	62841.871094
886.746094	62977.761719
885.576172	62577.652344
884.406250	62912.925781
883.236328	62949.046875
882.065430	62877.191406
880.895508	62956.894531
879.724609	63356.175781
878.552734	63429.527344
877.381836	63438.535156
876.209961	63700.597656
875.039063	64246.683594
873.866211	64243.082031
872.694336	64034.246094
871.522461	64480.464844
870.349609	64273.726563
869.176758	64779.816406
868.003906	63997.199219
866.830078	64600.492188
865.657227	64959.203125
864.483398	65464.781250
863.309570	65411.257813
862.135742	65999.343750
860.960938	66541.679688
859.786133	66281.093750
858.611328	66475.664063
857.436523	66409.578125
856.261719	66269.070313
855.085938	66211.312500
853.910156	65866.257813
852.734375	65980.117188
851.558594	65626.968750
850.382813	66120.929688
849.206055	66044.648438
848.029297	66214.132813
846.852539	66278.250000
845.674805	66734.562500
844.498047	66893.492188
843.320313	67054.429688
842.142578	67671.257813
840.963867	68085.703125
839.786133	69801.351563
838.607422	70233.804688
837.428711	71307.250000
836.250000	71516.640625
835.070313	71977.375000
833.891602	71959.898438
832.711914	71443.890625
831.532227	71016.632813
830.352539	69712.265625
829.171875	68818.101563
827.991211	68171.296875
826.810547	67100.742188
825.629883	66886.625000
824.449219	65981.296875
823.267578	65820.945313
822.085938	65930.070313
820.904297	65374.976563
819.722656	65033.898438
818.540039	64524.394531
817.357422	64672.714844
816.174805	64999.742188
814.992188	64381.636719
813.809570	64022.558594
812.625977	64029.152344
811.442383	63931.027344
810.258789	64027.953125
809.074219	64036.585938
807.890625	63934.402344
806.706055	64187.195313
805.521484	64620.402344
804.336914	63552.171875
803.151367	64461.058594
801.966797	64184.609375
800.781250	63756.578125
799.594727	63855.398438
798.409180	63427.578125
797.222656	63464.960938
796.037109	63121.343750
794.849609	63062.511719
793.663086	63077.406250
792.476563	63094.339844
791.289063	62777.648438
790.101563	62718.640625
788.914063	62659.632813
787.725586	62600.578125
786.538086	62541.570313
785.349609	62482.515625
784.161133	62423.460938
782.971680	62264.675781
781.783203	62712.929688
780.593750	62155.699219
779.404297	61676.300781
778.214844	61877.253906
777.024414	62447.761719
775.834961	62336.097656
774.644531	61520.179688
773.454102	62110.839844
772.262695	61780.937500
771.072266	62377.441406
769.880859	61727.343750
768.689453	62046.257813
767.497070	61898.085938
766.305664	62278.007813
765.113281	62723.007813
763.920898	63263.628906
762.728516	63243.703125
761.536133	63321.562500
760.342773	63269.035156
759.149414	64077.957031
757.956055	64530.253906
756.762695	64308.558594
755.568359	64477.726563
754.374023	64526.765625
753.179688	64921.660156
751.985352	64547.476563
750.791016	64565.960938
749.595703	64466.492188
748.400391	64232.875000
747.205078	64381.488281
746.009766	63662.246094
744.813477	63437.031250
743.617188	63224.082031
742.420898	63114.800781
741.224609	62971.035156
740.027344	62926.812500
738.830078	62409.597656
737.632813	62328.957031
736.435547	62621.726563
735.238281	62123.113281
734.040039	61758.566406
732.841797	62035.046875
731.643555	61804.476563
730.445313	61892.292969
729.246094	61826.019531
728.046875	62177.257813
726.847656	62131.210938
725.648438	62046.691406
724.449219	62024.988281
723.249023	61537.511719
722.048828	61436.937500
720.848633	61672.449219
719.647461	61337.101563
718.447266	62080.460938
717.246094	61538.789063
716.044922	61624.398438
714.842773	62187.281250
713.641602	61575.109375
712.439453	62160.023438
711.237305	62235.335938
710.035156	62096.394531
708.832031	61872.640625
707.629883	61863.105469
706.426758	62126.253906
705.223633	62205.527344
704.019531	62181.792969
702.815430	62493.171875
701.612305	62475.445313
700.408203	62114.667969
699.203125	62692.199219
697.999023	62906.410156
696.793945	62408.605469
695.588867	63266.031250
694.383789	63387.269531
693.177734	63139.589844
691.971680	63341.414063
690.766602	63845.402344
689.559570	64206.160156
688.353516	64200.203125
687.146484	64258.687500
685.939453	63866.132813
684.732422	63958.875000
683.525391	63453.808594
682.318359	63621.039063
681.110352	63148.410156
679.902344	63359.882813
678.693359	62881.441406
677.485352	63316.078125
676.276367	62767.453125
675.067383	62486.367188
673.858398	62920.824219
672.649414	63252.644531
671.439453	62718.492188
670.229492	63218.937500
669.019531	62401.832031
667.809570	62629.082031
666.598633	63044.941406
665.387695	62557.476563
664.176758	62768.507813
662.965820	62347.476563
661.754883	62534.390625
660.542969	62316.113281
659.331055	62711.496094
658.119141	62280.753906
656.906250	62082.683594
655.694336	62566.058594
654.481445	61955.246094
653.268555	61765.351563
652.054688	62633.062500
650.841797	62473.144531
649.627930	62115.070313
648.414063	62457.753906
647.200195	62754.269531
645.985352	62838.562500
644.770508	62762.769531
643.555664	62673.000000
642.340820	63283.230469
641.125977	63105.410156
639.910156	63535.398438
638.694336	63081.757813
637.478516	62686.242188
636.262695	62986.183594
635.045898	63294.003906
633.829102	63425.945313
632.612305	62711.140625
631.395508	62326.031250
630.177734	62545.898438
628.959961	62061.167969
627.742188	62121.367188
626.524414	62099.742188
625.306641	62098.070313
624.087891	61795.257813
622.869141	61765.718750
621.650391	61859.792969
620.430664	62302.632813
619.211914	62573.921875
617.992188	62139.789063
616.772461	62148.050781
615.551758	62080.621094
614.332031	61772.265625
613.111328	62254.425781
611.890625	62137.242188
610.669922	62328.578125
609.448242	62261.164063
608.226563	61992.839844
607.004883	61810.144531
605.783203	62186.335938
604.561523	62017.582031
603.338867	62383.648438
602.116211	62137.402344
600.893555	62185.347656
599.669922	62517.390625
598.447266	62026.914063
597.223633	62748.128906
596.000000	62716.484375
594.775391	63066.035156
593.551758	63099.839844
592.327148	62913.343750
591.102539	62879.695313
589.877930	63125.781250
588.652344	63282.515625
587.426758	63546.273438
586.201172	63915.015625
584.975586	64073.484375
583.750000	64449.910156
582.523438	64554.707031
581.296875	64611.917969
580.070313	65465.406250
578.842773	66033.382813
577.616211	66117.992188
576.388672	66426.281250
575.161133	66362.320313
573.932617	66830.742188
572.705078	66248.328125
571.476563	66368.414063
570.248047	65515.328125
569.018555	65682.960938
567.790039	65320.652344
566.560547	65045.453125
565.331055	64610.265625
564.101563	64534.878906
562.871094	63920.164063
561.641602	63599.992188
560.411133	63394.480469
559.179688	63469.429688
557.949219	63226.507813
556.717773	62954.066406
555.486328	62212.050781
554.254883	62630.464844
553.023438	61969.664063
551.791016	62689.722656
550.558594	62171.132813
549.326172	61540.355469
548.093750	61718.000000
546.860352	61763.531250
545.627930	61988.355469
544.393555	61758.000000
543.160156	61825.156250
541.926758	61321.175781
540.692383	61912.128906
539.458008	61248.859375
538.223633	61833.691406
536.988281	61487.507813
535.752930	61700.214844
534.517578	61505.644531
533.282227	61633.691406
532.046875	61627.976563
530.810547	61463.011719
529.574219	61862.242188
528.337891	61905.609375
527.101563	61960.746094
525.864258	61964.781250
524.626953	61540.628906
523.389648	61964.980469
522.152344	62416.660156
520.914063	62118.289063
519.675781	62224.332031
518.437500	62455.921875
517.199219	62773.746094
515.959961	63018.867188
514.721680	63193.292969
513.482422	62985.289063
512.242188	63202.781250
511.002930	62808.640625
509.762695	62739.957031
508.522461	62604.679688
507.282227	62367.585938
506.041016	62663.316406
504.800781	62138.433594
503.559570	62144.324219
502.318359	62308.769531
501.076172	62158.050781
499.833984	62371.343750
498.592773	61905.687500
497.349609	61700.351563
496.107422	62517.894531
494.864258	62574.523438
493.622070	61964.507813
492.377930	62158.027344
491.134766	62316.300781
489.891602	61980.199219
488.647461	62169.695313
487.403320	62663.792969
486.158203	62140.351563
484.914063	62282.843750
483.668945	62335.488281
482.423828	62380.304688
481.178711	62116.812500
479.932617	62789.820313
478.686523	62346.898438
477.440430	62838.238281
476.194336	63075.929688
474.948242	62945.093750
473.701172	62297.820313
472.454102	62823.863281
471.207031	63084.742188
469.958984	63002.691406
468.711914	63279.011719
467.463867	63177.472656
466.215820	63303.750000
464.966797	63838.718750
463.718750	64151.636719
462.469727	64085.023438
461.220703	64152.656250
459.970703	64368.078125
458.721680	65269.855469
457.471680	65039.753906
456.221680	65672.804688
454.970703	65337.757813
453.720703	65805.343750
452.469727	65839.515625
451.218750	66475.804688
449.966797	66704.031250
448.715820	67188.460938
447.463867	68181.320313
446.211914	68719.632813
444.959961	69641.960938
443.707031	69960.539063
442.454102	70203.343750
441.201172	70060.109375
439.948242	69224.679688
438.695313	68480.679688
437.441406	67550.875000
436.187500	66272.585938
434.933594	65273.796875
433.678711	64742.253906
432.424805	64125.683594
431.169922	63908.265625
429.914063	63913.582031
428.659180	63673.050781
427.403320	63384.222656
426.147461	63281.265625
424.891602	63284.746094
423.635742	62971.000000
422.378906	62649.636719
421.122070	62902.656250
419.865234	62194.781250
418.608398	62233.242188
417.350586	62604.070313
416.092773	62402.855469
414.834961	62698.167969
413.577148	62404.296875
412.318359	62351.910156
411.059570	62100.683594
409.800781	62227.886719
408.541992	62005.722656
407.282227	62294.964844
406.022461	62308.226563
404.762695	62253.968750
403.502930	61977.960938
402.242188	61993.195313
400.981445	61917.816406
