#Wave		#Intensity
2001.182617	35634.867188
2000.212891	36098.570313
1999.243164	35791.539063
1998.273438	35980.730469
1997.303711	35776.539063
1996.333008	36100.917969
1995.363281	36062.062500
1994.392578	36188.468750
1993.421875	35839.179688
1992.451172	36243.414063
1991.479492	36079.421875
1990.508789	35650.261719
1989.537109	35976.761719
1988.566406	36073.027344
1987.594727	35859.160156
1986.622070	36075.429688
1985.650391	35914.132813
1984.677734	35877.863281
1983.706055	35936.574219
1982.733398	35937.789063
1981.760742	35953.996094
1980.788086	35772.871094
1979.814453	36353.488281
1978.841797	36249.757813
1977.868164	36220.957031
1976.894531	35935.074219
1975.920898	35998.667969
1974.947266	35954.949219
1973.972656	36083.378906
1972.999023	36279.109375
1972.024414	36362.542969
1971.049805	36111.835938
1970.075195	36250.113281
1969.099609	36166.507813
1968.125000	35963.308594
1967.149414	36211.171875
1966.173828	36456.453125
1965.198242	36709.117188
1964.222656	36085.093750
1963.247070	36536.925781
1962.270508	36485.726563
1961.294922	36529.125000
1960.318359	36565.042969
1959.341797	36120.726563
1958.364258	36798.535156
1957.387695	36331.949219
1956.410156	36524.542969
1955.433594	36741.929688
1954.456055	36414.808594
1953.478516	36343.812500
1952.500000	36541.234375
1951.522461	36646.652344
1950.543945	36729.671875
1949.565430	36735.664063
1948.586914	36853.402344
1947.608398	36370.226563
1946.629883	36542.601563
1945.650391	36615.632813
1944.671875	36440.472656
1943.692383	36523.414063
1942.712891	36787.425781
1941.733398	36847.953125
1940.752930	36405.039063
1939.773438	36750.750000
1938.792969	36429.476563
1937.812500	36490.019531
1936.832031	36585.234375
1935.851563	37024.820313
1934.870117	37020.816406
1933.888672	36816.179688
1932.908203	36812.210938
1931.926758	37184.589844
1930.945313	36484.917969
1929.962891	36513.179688
1928.981445	36655.261719
1927.999023	37089.261719
1927.016602	36823.011719
1926.034180	36913.019531
1925.051758	36936.230469
1924.069336	36863.000000
1923.085938	36567.300781
1922.102539	37235.660156
1921.119141	36747.242188
1920.135742	37232.492188
1919.152344	37213.613281
1918.168945	37170.042969
1917.184570	36943.742188
1916.200195	36986.644531
1915.215820	37041.878906
1914.231445	37045.257813
1913.247070	37179.425781
1912.261719	37190.175781
1911.276367	36650.804688
1910.291992	37275.792969
1909.306641	37316.113281
1908.320313	37013.695313
1907.334961	36760.687500
1906.348633	37254.582031
1905.363281	36920.292969
1904.376953	37428.769531
1903.390625	37257.152344
1902.403320	37354.062500
1901.416992	37628.246094
1900.429688	37052.886719
1899.443359	37410.718750
1898.456055	37126.031250
1897.467773	37272.089844
1896.480469	37469.765625
1895.493164	37359.867188
1894.504883	37375.449219
1893.516602	37204.128906
1892.528320	37443.468750
1891.540039	37119.777344
1890.550781	37233.699219
1889.562500	37347.574219
1888.573242	37623.570313
1887.583984	37223.917969
1886.594727	37266.503906
1885.605469	37444.136719
1884.615234	37312.347656
1883.625000	37556.183594
1882.635742	37490.683594
1881.645508	37508.640625
1880.654297	37509.414063
1879.664063	37191.285156
1878.673828	37503.597656
1877.682617	37602.457031
1876.691406	37617.917969
1875.700195	37437.261719
1874.708984	37548.332031
1873.716797	37615.250000
1872.725586	37255.828125
1871.733398	37445.253906
1870.741211	37556.238281
1869.749023	37515.355469
1868.755859	37533.246094
1867.763672	37575.609375
1866.770508	38080.531250
1865.777344	37863.390625
1864.784180	37516.656250
1863.791016	37617.695313
1862.797852	38080.667969
1861.803711	37895.464844
1860.809570	37546.515625
1859.815430	37579.027344
1858.821289	37423.332031
1857.827148	38078.972656
1856.832031	37879.265625
1855.837891	37875.046875
1854.842773	37874.000000
1853.847656	37872.953125
1852.852539	37871.906250
1851.856445	37870.855469
1850.861328	37869.808594
1849.865234	37868.761719
1848.869141	37867.710938
1847.873047	37866.664063
1846.876953	37865.617188
1845.879883	37864.566406
1844.883789	37994.437500
1843.886719	38148.632813
1842.889648	38168.730469
1841.892578	38198.562500
1840.895508	37855.628906
1839.897461	38094.992188
1838.899414	38258.769531
1837.901367	38510.152344
1836.903320	38177.136719
1835.905273	38416.269531
1834.907227	38173.429688
1833.908203	38081.546875
1832.909180	38337.593750
1831.910156	38080.300781
1830.911133	38662.148438
1829.912109	38222.515625
1828.912109	38432.160156
1827.913086	38597.976563
1826.913086	38428.347656
1825.913086	38409.429688
1824.913086	38757.367188
1823.912109	38687.386719
1822.912109	38746.144531
1821.911133	38775.742188
1820.910156	38611.105469
1819.909180	38851.894531
1818.908203	38832.914063
1817.906250	38726.585938
1816.904297	38707.632813
1815.903320	38923.968750
1814.900391	38708.542969
1813.898438	38871.457031
1812.896484	38627.019531
1811.893555	39008.039063
1810.891602	39088.410156
1809.888672	39178.441406
1808.885742	38849.328125
1807.881836	39186.433594
1806.878906	38934.925781
1805.875000	38683.503906
1804.871094	39197.183594
1803.867188	39229.000000
1802.863281	39374.546875
1801.859375	39103.863281
1800.854492	38765.535156
1799.849609	39767.335938
1798.844727	39196.843750
1797.839844	38945.718750
1796.834961	39519.050781
1795.830078	38965.820313
1794.824219	39161.945313
1793.818359	38886.835938
1792.812500	39515.332031
1791.806641	39382.761719
1790.799805	39607.648438
1789.793945	39446.128906
1788.787109	39801.285156
1787.780273	39408.074219
1786.773438	39565.222656
1785.766602	39758.503906
1784.758789	39626.042969
1783.751953	39650.402344
1782.744141	39657.875000
1781.736328	39571.308594
1780.728516	39827.089844
1779.719727	39844.160156
1778.711914	39405.765625
1777.703125	40218.007813
1776.694336	39709.835938
1775.685547	39900.328125
1774.676758	39756.019531
1773.666992	39842.898438
1772.657227	40312.507813
1771.648438	40524.414063
1770.638672	40242.921875
1769.627930	40315.210938
1768.618164	39978.527344
1767.607422	40257.679688
1766.597656	40628.113281
1765.586914	40243.457031
1764.576172	40678.664063
1763.564453	40849.332031
1762.553711	40983.894531
1761.541992	40649.898438
1760.530273	40613.886719
1759.518555	41149.511719
1758.506836	40565.914063
1757.495117	41279.023438
1756.482422	41370.148438
1755.469727	40988.421875
1754.457031	41228.343750
1753.444336	41182.667969
1752.431641	41326.511719
1751.417969	41441.523438
1750.405273	41460.574219
1749.391602	41436.460938
1748.377930	41443.515625
1747.364258	41534.449219
1746.349609	41589.410156
1745.335938	41780.906250
1744.321289	42017.851563
1743.306641	42000.839844
1742.291992	41916.785156
1741.276367	42306.796875
1740.261719	42105.421875
1739.246094	42346.875000
1738.230469	42191.027344
1737.214844	42109.398438
1736.199219	42728.656250
1735.182617	42426.929688
1734.166992	42388.335938
1733.150391	42868.550781
1732.133789	43202.781250
1731.117188	43446.074219
1730.099609	43001.109375
1729.083008	43562.093750
1728.065430	43712.035156
1727.047852	43957.449219
1726.030273	44083.382813
1725.012695	44297.605469
1723.994141	44339.886719
1722.976563	44339.195313
1721.958008	44694.035156
1720.939453	45177.570313
1719.920898	44921.503906
1718.901367	45252.195313
1717.882813	44979.511719
1716.863281	45531.781250
1715.843750	45364.019531
1714.824219	45267.808594
1713.803711	45371.777344
1712.784180	45775.878906
1711.763672	45689.167969
1710.743164	45259.554688
1709.722656	45772.980469
1708.702148	45843.433594
1707.681641	45147.433594
1706.660156	45527.335938
1705.638672	45474.062500
1704.617188	45439.835938
1703.595703	45260.531250
1702.574219	45126.468750
1701.551758	45282.531250
1700.529297	45512.226563
1699.507813	45076.332031
1698.484375	45481.835938
1697.461914	45376.355469
1696.439453	45014.355469
1695.416016	45338.890625
1694.392578	45321.355469
1693.369141	45303.820313
1692.345703	44982.437500
1691.322266	45164.335938
1690.297852	45170.562500
1689.273438	45307.281250
1688.249023	45337.199219
1687.224609	45632.746094
1686.200195	45413.601563
1685.174805	45369.980469
1684.150391	45321.632813
1683.125000	45394.175781
1682.099609	45862.421875
1681.073242	46145.703125
1680.047852	46303.332031
1679.021484	46105.644531
1677.995117	46393.457031
1676.968750	46162.675781
1675.942383	45823.082031
1674.916016	46058.722656
1673.888672	46507.242188
1672.862305	46141.738281
1671.834961	46116.988281
1670.806641	46061.503906
1669.779297	46181.015625
1668.751953	46685.847656
1667.723633	46408.085938
1666.695313	46399.843750
1665.666992	46363.250000
1664.638672	46834.609375
1663.609375	46927.863281
1662.581055	46702.253906
1661.551758	47069.398438
1660.522461	47233.378906
1659.493164	47291.082031
1658.462891	47509.242188
1657.433594	47087.875000
1656.403320	47372.046875
1655.373047	47356.550781
1654.342773	47293.898438
1653.312500	47080.355469
1652.281250	47173.363281
1651.250977	46959.914063
1650.219727	47722.191406
1649.188477	47529.925781
1648.156250	47578.015625
1647.125000	47769.769531
1646.092773	47617.625000
1645.060547	48070.652344
1644.028320	47873.777344
1642.996094	47606.355469
1641.963867	47442.574219
1640.930664	48034.125000
1639.898438	48107.917969
1638.865234	48412.187500
1637.832031	48274.238281
1636.797852	48449.046875
1635.764648	48579.128906
1634.730469	48631.597656
1633.696289	48103.609375
1632.662109	48665.988281
1631.627930	48972.113281
1630.592773	48759.066406
1629.558594	49309.281250
1628.523438	49107.984375
1627.488281	48977.179688
1626.453125	49543.488281
1625.416992	49738.828125
1624.381836	49962.250000
1623.345703	50384.980469
1622.309570	50835.703125
1621.273438	51593.453125
1620.237305	51769.488281
1619.200195	52423.656250
1618.163086	53393.988281
1617.125977	54647.507813
1616.088867	55771.722656
1615.051758	56673.000000
1614.014648	58044.703125
1612.976563	59282.445313
1611.938477	59808.019531
1610.900391	59923.773438
1609.862305	60563.718750
1608.823242	60281.500000
1607.785156	59105.683594
1606.746094	57684.671875
1605.707031	56883.921875
1604.667969	55466.148438
1603.628906	54595.937500
1602.588867	53854.593750
1601.548828	53017.691406
1600.508789	52127.343750
1599.468750	51716.230469
1598.428711	51485.117188
1597.387695	50966.835938
1596.347656	50637.867188
1595.306641	50243.644531
1594.265625	50178.671875
1593.224609	49490.621094
1592.182617	49586.796875
1591.140625	49281.683594
1590.099609	49312.550781
1589.057617	48748.738281
1588.014648	48856.625000
1586.972656	49109.007813
1585.929688	48603.796875
1584.887695	48832.828125
1583.844727	48535.203125
1582.800781	48363.480469
1581.757813	48571.464844
1580.714844	48530.199219
1579.670898	48647.269531
1578.626953	48352.265625
1577.583008	48883.609375
1576.538086	48514.195313
1575.494141	48151.894531
1574.449219	48631.808594
1573.404297	48618.480469
1572.359375	48505.160156
1571.314453	48368.632813
1570.269531	48443.687500
1569.223633	48944.027344
1568.177734	48944.585938
1567.131836	48359.671875
1566.085938	48016.542969
1565.040039	47703.726563
1563.993164	47983.144531
1562.946289	47610.082031
1561.899414	48031.007813
1560.852539	47864.617188
1559.805664	47737.730469
1558.757813	47757.046875
1557.709961	47869.136719
1556.662109	47672.734375
1555.614258	47940.152344
1554.566406	47685.847656
1553.517578	47681.964844
1552.469727	47865.804688
1551.420898	47630.175781
1550.372070	47709.703125
1549.322266	48199.175781
1548.273438	47880.242188
1547.223633	48378.769531
1546.173828	47918.695313
1545.124023	48160.109375
1544.074219	48204.730469
1543.024414	47615.355469
1541.973633	47909.898438
1540.922852	47908.273438
1539.872070	48061.589844
1538.821289	47736.234375
1537.770508	47817.859375
1536.718750	47698.367188
1535.666992	48202.859375
1534.615234	48069.476563
1533.563477	47515.707031
1532.511719	47809.773438
1531.458984	47618.796875
1530.407227	47487.914063
1529.354492	47638.699219
1528.300781	47678.648438
1527.248047	47044.765625
1526.195313	47234.765625
1525.141602	47413.164063
1524.087891	47287.062500
1523.034180	47702.894531
1521.980469	47044.203125
1520.925781	47141.820313
1519.871094	46990.496094
1518.817383	47113.429688
1517.762695	47109.609375
1516.707031	46820.156250
1515.652344	46756.503906
1514.596680	47024.453125
1513.541016	46548.683594
1512.485352	46759.023438
1511.429688	47132.687500
1510.374023	47269.210938
1509.317383	47297.558594
1508.260742	47337.394531
1507.204102	47092.042969
1506.147461	46835.285156
1505.090820	47231.507813
1504.033203	46630.035156
1502.975586	47115.777344
1501.917969	47360.085938
1500.860352	46703.769531
1499.802734	46789.574219
1498.744141	47125.664063
1497.686523	46915.167969
1496.627930	47202.902344
1495.569336	46937.378906
1494.509766	46823.410156
1493.451172	47182.125000
1492.391602	47265.429688
1491.332031	47190.445313
1490.272461	46906.808594
1489.212891	47168.949219
1488.152344	47011.492188
1487.092773	47062.660156
1486.032227	47590.441406
1484.971680	47206.167969
1483.910156	47115.238281
1482.849609	47386.207031
1481.788086	46926.605469
1480.726563	47083.035156
1479.665039	47060.859375
1478.603516	47471.242188
1477.541992	47158.394531
1476.479492	47184.257813
1475.416992	47244.417969
1474.354492	47283.972656
1473.291992	47325.796875
1472.229492	47785.976563
1471.166016	47285.960938
1470.102539	47320.902344
1469.039063	47022.222656
1467.975586	47950.453125
1466.912109	47772.820313
1465.847656	47848.750000
1464.783203	47885.828125
1463.718750	47890.933594
1462.654297	47594.742188
1461.589844	48403.191406
1460.524414	48004.335938
1459.458984	48230.691406
1458.393555	48215.191406
1457.328125	48357.046875
1456.262695	47967.597656
1455.196289	48651.996094
1454.130859	48873.464844
1453.064453	48035.199219
1451.998047	48331.878906
1450.930664	48097.679688
1449.864258	48651.605469
1448.796875	48426.539063
1447.729492	48852.703125
1446.662109	48666.375000
1445.594727	48841.984375
1444.526367	48710.332031
1443.458008	48790.312500
1442.390625	49129.578125
1441.321289	49566.519531
1440.252930	49596.269531
1439.184570	49521.429688
1438.115234	50214.914063
1437.045898	50335.433594
1435.976563	50094.617188
1434.907227	50771.718750
1433.836914	50353.730469
1432.767578	50978.304688
1431.697266	50851.066406
1430.626953	51709.156250
1429.555664	51216.386719
1428.485352	51586.171875
1427.414063	51715.308594
1426.342773	51821.710938
1425.271484	51678.566406
1424.200195	52247.562500
1423.128906	51605.566406
1422.056641	51893.257813
1420.984375	52038.050781
1419.912109	52280.234375
1418.839844	51706.660156
1417.767578	51923.894531
1416.694336	51520.457031
1415.621094	52004.855469
1414.547852	51400.035156
1413.474609	51039.910156
1412.400391	51279.691406
1411.327148	50709.265625
1410.252930	50829.101563
1409.178711	50403.730469
1408.104492	50742.957031
1407.029297	50489.609375
1405.955078	51416.519531
1404.879883	51181.218750
1403.804688	50634.113281
1402.729492	51165.050781
1401.653320	51171.656250
1400.578125	51214.394531
1399.501953	50902.546875
1398.425781	51220.792969
1397.349609	51326.707031
1396.272461	51637.988281
1395.196289	51779.894531
1394.119141	51700.621094
1393.041992	51955.257813
1391.964844	52579.714844
1390.886719	52572.500000
1389.809570	52504.406250
1388.731445	53060.789063
1387.653320	53502.019531
1386.575195	53454.070313
1385.497070	53572.867188
1384.417969	53723.160156
1383.338867	53364.367188
1382.259766	53620.476563
1381.180664	53858.480469
1380.101563	53742.972656
1379.021484	53411.433594
1377.941406	53586.332031
1376.861328	53515.921875
1375.781250	53519.773438
1374.701172	53762.023438
1373.620117	53486.984375
1372.539063	53218.789063
1371.458008	53222.679688
1370.376953	52224.203125
1369.295898	52120.406250
1368.213867	52212.105469
1367.132813	51582.726563
1366.050781	51638.554688
1364.967773	51730.281250
1363.885742	51833.203125
1362.802734	51341.257813
1361.720703	52112.984375
1360.637695	51713.160156
1359.554688	51717.289063
1358.470703	51954.687500
1357.387695	51667.230469
1356.303711	51171.351563
1355.219727	51478.207031
1354.135742	51217.882813
1353.050781	50625.984375
1351.966797	50226.984375
1350.881836	50114.871094
1349.796875	49897.527344
1348.711914	49779.945313
1347.626953	49662.367188
1346.541016	49544.679688
1345.455078	49426.992188
1344.369141	49309.304688
1343.283203	49191.621094
1342.197266	49073.933594
1341.110352	49174.660156
1340.023438	49288.769531
1338.936523	49349.171875
1337.849609	49331.316406
1336.762695	48964.820313
1335.674805	48549.292969
1334.586914	49595.019531
1333.499023	49183.992188
1332.411133	49101.406250
1331.323242	49389.511719
1330.234375	49594.906250
1329.145508	49239.968750
1328.056641	49422.996094
1326.967773	49342.660156
1325.878906	49837.921875
1324.789063	50243.785156
1323.699219	50018.382813
1322.609375	50845.468750
1321.519531	50573.222656
1320.429688	50998.707031
1319.338867	51323.757813
1318.248047	52230.210938
1317.157227	52171.757813
1316.066406	52520.910156
1314.975586	52992.414063
1313.883789	53534.988281
1312.791992	53137.972656
1311.700195	53288.609375
1310.608398	53234.464844
1309.516602	52953.402344
1308.423828	52825.929688
1307.331055	52725.183594
1306.238281	52017.425781
1305.145508	51979.109375
1304.051758	51500.687500
1302.958984	51300.242188
1301.865234	51568.710938
1300.771484	51479.398438
1299.677734	51685.539063
1298.583008	51685.066406
1297.489258	51766.746094
1296.394531	52194.718750
1295.299805	52564.824219
1294.204102	51909.515625
1293.109375	52510.289063
1292.013672	52187.988281
1290.917969	52566.687500
1289.822266	52135.824219
1288.726563	52044.347656
1287.630859	51799.941406
1286.534180	51484.695313
1285.437500	51566.226563
1284.340820	51005.203125
1283.244141	50801.027344
1282.146484	50926.925781
1281.048828	50833.550781
1279.951172	49945.386719
1278.853516	50365.773438
1277.755859	49823.269531
1276.658203	50068.710938
1275.559570	49597.250000
1274.460938	49459.964844
1273.362305	48986.570313
1272.262695	49094.882813
1271.164063	48805.214844
1270.064453	48968.777344
1268.964844	48915.699219
1267.865234	47958.921875
1266.765625	48529.031250
1265.665039	47965.828125
1264.564453	47798.128906
1263.463867	47921.941406
1262.363281	47723.398438
1261.262695	47427.808594
1260.161133	47591.335938
1259.059570	48010.742188
1257.958008	47282.882813
1256.856445	47340.472656
1255.754883	47611.941406
1254.652344	47105.027344
1253.549805	47297.078125
1252.447266	47303.925781
1251.344727	46845.812500
1250.242188	47341.835938
1249.138672	46965.382813
1248.035156	46771.859375
1246.931641	47161.929688
1245.828125	47098.328125
1244.724609	47272.476563
1243.620117	47158.257813
1242.515625	47206.906250
1241.411133	47202.738281
1240.306641	47345.937500
1239.201172	47339.542969
1238.096680	47471.667969
1236.991211	48091.785156
1235.885742	47757.750000
1234.779297	47535.910156
1233.673828	47522.882813
1232.567383	47252.832031
1231.460938	47503.421875
1230.354492	47273.000000
1229.248047	47418.101563
1228.140625	47424.855469
1227.033203	47280.160156
1225.926758	47723.617188
1224.818359	47653.511719
1223.710938	47445.234375
1222.602539	47627.421875
1221.495117	47559.558594
1220.386719	47542.148438
1219.278320	47423.906250
1218.168945	47630.062500
1217.060547	46928.984375
1215.951172	46843.773438
1214.841797	47093.726563
1213.731445	47415.855469
1212.622070	47024.050781
1211.511719	47341.695313
1210.402344	47225.832031
1209.291992	47039.984375
1208.180664	47490.914063
1207.070313	47029.437500
1205.958984	47703.296875
1204.847656	47762.410156
1203.736328	47749.351563
1202.625000	47773.453125
1201.512695	47950.542969
1200.401367	48009.558594
1199.289063	47764.863281
1198.176758	48435.531250
1197.063477	48308.777344
1195.951172	48092.542969
1194.837891	48902.503906
1193.724609	49140.265625
1192.611328	48707.925781
1191.498047	48576.867188
1190.383789	48552.753906
1189.269531	48515.558594
1188.155273	48441.296875
1187.041016	48201.351563
1185.926758	47981.105469
1184.811523	48061.738281
1183.696289	48018.117188
1182.581055	47686.898438
1181.465820	47623.750000
1180.350586	47382.023438
1179.234375	47395.167969
1178.118164	47247.187500
1177.001953	47469.332031
1175.885742	47114.621094
1174.768555	47136.503906
1173.652344	47019.132813
1172.535156	46588.554688
1171.417969	46649.664063
1170.299805	46841.218750
1169.182617	46552.218750
1168.064453	46637.207031
1166.946289	47082.929688
1165.828125	46442.027344
1164.709961	46815.925781
1163.590820	46653.171875
1162.471680	46679.414063
1161.352539	46720.843750
1160.233398	46592.921875
1159.114258	46282.722656
1157.994141	46389.300781
1156.874023	46359.144531
1155.753906	46888.691406
1154.633789	46648.058594
1153.513672	46348.964844
1152.392578	46548.652344
1151.271484	46821.976563
1150.150391	46572.855469
1149.029297	46122.289063
1147.907227	46783.355469
1146.786133	46447.722656
1145.664063	47195.113281
1144.541992	47299.105469
1143.418945	47409.546875
1142.296875	47530.773438
1141.173828	47896.511719
1140.050781	48231.816406
1138.927734	48376.617188
1137.803711	48452.144531
1136.680664	48542.781250
1135.556641	48309.046875
1134.432617	48391.023438
1133.308594	48358.414063
1132.183594	48133.476563
1131.059570	48310.503906
1129.934570	48156.945313
1128.809570	47800.410156
1127.684570	48029.222656
1126.558594	48538.632813
1125.432617	48659.289063
1124.307617	48503.636719
1123.180664	47944.507813
1122.054688	48565.742188
1120.928711	48002.488281
1119.801758	47972.152344
1118.674805	47954.761719
1117.547852	47719.625000
1116.419922	47984.656250
1115.292969	47950.027344
1114.165039	47467.214844
1113.037109	47350.820313
1111.909180	47480.019531
1110.780273	47419.656250
1109.652344	47417.445313
1108.523438	47171.968750
1107.394531	47055.726563
1106.264648	47554.996094
1105.135742	47653.878906
1104.005859	47402.078125
1102.875977	47716.031250
1101.746094	47561.078125
1100.616211	47490.027344
1099.485352	47666.210938
1098.355469	47739.164063
1097.224609	47953.910156
1096.092773	47513.296875
1094.961914	47886.960938
1093.830078	47427.187500
1092.699219	47575.261719
1091.567383	47192.996094
1090.434570	47461.257813
1089.302734	47302.347656
1088.169922	46982.558594
1087.037109	46798.042969
1085.904297	46920.320313
1084.771484	47027.535156
1083.637695	47003.917969
1082.504883	46950.292969
1081.371094	46834.531250
1080.236328	46727.378906
1079.102539	47050.921875
1077.968750	47166.550781
1076.833984	46948.019531
1075.699219	46939.421875
1074.564453	47234.847656
1073.428711	47455.242188
1072.292969	47116.957031
1071.158203	46776.652344
1070.022461	46877.191406
1068.885742	47099.621094
1067.750000	46832.214844
1066.613281	47155.066406
1065.476563	47048.082031
1064.339844	46943.273438
1063.203125	46981.687500
1062.065430	47361.957031
1060.927734	47724.992188
1059.790039	47323.238281
1058.652344	47250.496094
1057.514648	47425.457031
1056.375977	47231.039063
1055.237305	46868.082031
1054.098633	46914.968750
1052.959961	47019.445313
1051.820313	46806.039063
1050.681641	47110.976563
1049.541992	46904.023438
1048.402344	47083.039063
1047.261719	47562.539063
1046.122070	46899.531250
1044.981445	47417.242188
1043.840820	47302.023438
1042.700195	47429.667969
1041.558594	47395.410156
1040.417969	46935.312500
1039.276367	47331.183594
1038.134766	47194.789063
1036.992188	47028.652344
1035.850586	46632.781250
1034.708008	46777.386719
1033.565430	46679.468750
1032.422852	46721.937500
1031.280273	46985.507813
1030.136719	46381.671875
1028.994141	46536.812500
1027.850586	46492.140625
1026.706055	46804.417969
1025.562500	46324.253906
1024.417969	46239.289063
1023.273438	46549.308594
1022.128906	46727.585938
1020.984375	46423.957031
1019.839844	46566.109375
1018.694336	46426.003906
1017.548828	46436.566406
1016.403320	46389.855469
1015.256836	46561.589844
1014.111328	46650.570313
1012.964844	47161.375000
1011.818359	46540.167969
1010.671875	46673.597656
1009.524414	46573.914063
1008.377930	46080.253906
1007.230469	46372.535156
1006.083008	46554.593750
1004.934570	46076.023438
1003.787109	46408.355469
1002.638672	46969.132813
1001.490234	46465.351563
1000.341797	46704.335938
999.193359	46746.511719
998.043945	46568.730469
996.894531	46492.503906
995.745117	46877.167969
994.595703	46574.746094
993.446289	46747.921875
992.295898	46777.355469
991.145508	46673.687500
989.995117	46743.250000
988.844727	47061.968750
987.693359	46671.156250
986.541992	46947.546875
985.390625	46898.808594
984.239258	46687.601563
983.087891	47358.359375
981.935547	46668.308594
980.783203	47461.140625
979.630859	47296.367188
978.478516	47017.808594
977.325195	47038.664063
976.172852	47331.367188
975.019531	47215.195313
973.865234	47115.914063
972.711914	47128.300781
971.557617	47313.367188
970.404297	46841.437500
969.250000	46723.343750
968.094727	47451.398438
966.940430	47181.718750
965.785156	47332.929688
964.629883	47372.593750
963.474609	47027.355469
962.319336	47300.468750
961.163086	47769.000000
960.007813	47533.179688
958.851563	47053.652344
957.694336	48034.671875
956.538086	47628.757813
955.380859	47134.769531
954.223633	47157.582031
953.066406	47346.261719
951.909180	47602.046875
950.751953	47643.648438
949.593750	47895.082031
948.435547	47288.277344
947.277344	46853.710938
946.118164	47350.542969
944.959961	47037.746094
943.800781	46985.042969
942.641602	46951.222656
941.482422	47133.285156
940.322266	46854.277344
939.162109	46965.054688
938.001953	47473.773438
936.841797	46857.671875
935.681641	47406.007813
934.520508	47286.304688
933.360352	47311.066406
932.198242	47444.644531
931.037109	47965.257813
929.875977	47548.468750
928.713867	47554.335938
927.551758	48053.718750
926.389648	47584.871094
925.227539	47461.113281
924.064453	47891.261719
922.901367	47694.351563
921.738281	48172.343750
920.575195	48297.136719
919.412109	48091.902344
918.248047	48665.605469
917.083984	48600.250000
915.919922	48614.234375
914.755859	48294.296875
913.590820	48556.632813
912.426758	49165.175781
911.261719	49502.335938
910.095703	49595.375000
908.930664	49569.531250
907.764648	50004.402344
906.598633	50343.234375
905.432617	50283.917969
904.266602	50220.457031
903.099609	49888.292969
901.933594	49352.144531
900.766602	49801.136719
899.599609	49388.031250
898.431641	49043.769531
897.264648	48612.222656
896.096680	48857.093750
894.928711	48623.375000
893.759766	48601.906250
892.591797	48345.441406
891.422852	49099.589844
890.253906	48537.527344
889.084961	48104.539063
887.916016	49022.476563
886.746094	49138.070313
885.576172	49006.417969
884.406250	48895.582031
883.236328	49237.476563
882.065430	49342.558594
880.895508	49223.410156
879.724609	49425.996094
878.552734	49545.500000
877.381836	49557.078125
876.209961	50022.914063
875.039063	49968.027344
873.866211	50056.234375
872.694336	50411.835938
871.522461	49556.832031
870.349609	49707.226563
869.176758	49600.640625
868.003906	49943.625000
866.830078	49631.984375
865.657227	50233.683594
864.483398	50485.253906
863.309570	50188.167969
862.135742	50890.835938
860.960938	50908.308594
859.786133	51538.167969
858.611328	51067.343750
857.436523	51306.054688
856.261719	51149.742188
855.085938	50484.910156
853.910156	50742.195313
852.734375	50584.000000
851.558594	50607.683594
850.382813	50249.179688
849.206055	50064.304688
848.029297	50424.671875
846.852539	50365.773438
845.674805	50465.843750
844.498047	51195.371094
843.320313	51674.937500
842.142578	51803.585938
840.963867	52794.421875
839.786133	52982.621094
838.607422	53756.355469
837.428711	53979.351563
836.250000	54501.136719
835.070313	54835.191406
833.891602	55016.644531
832.711914	54862.230469
831.532227	53805.722656
830.352539	53138.816406
829.171875	52921.003906
827.991211	52248.328125
826.810547	51697.332031
825.629883	50776.136719
824.449219	50456.042969
823.267578	50623.582031
822.085938	49750.394531
820.904297	49451.226563
819.722656	49559.230469
818.540039	49494.535156
817.357422	49372.312500
816.174805	48954.253906
814.992188	48795.195313
813.809570	49131.203125
812.625977	48263.675781
811.442383	48726.953125
810.258789	48851.335938
809.074219	48435.878906
807.890625	48225.777344
806.706055	48850.792969
805.521484	49048.902344
804.336914	48555.769531
803.151367	48448.320313
801.966797	48611.535156
800.781250	48647.597656
799.594727	47956.105469
798.409180	48275.039063
797.222656	48118.562500
796.037109	48293.964844
794.849609	47811.925781
793.663086	47733.425781
792.476563	47792.105469
791.289063	47580.593750
790.101563	47508.312500
788.914063	47513.800781
787.725586	47382.230469
786.538086	47453.179688
785.349609	48004.644531
784.161133	47408.957031
782.971680	47342.902344
781.783203	46851.785156
780.593750	46916.628906
779.404297	46930.375000
778.214844	46997.218750
777.024414	47027.277344
775.834961	46967.480469
774.644531	47066.937500
773.454102	46931.636719
772.262695	46753.527344
771.072266	46973.335938
769.880859	46984.996094
768.689453	47227.109375
767.497070	47012.367188
766.305664	47513.304688
765.113281	47465.730469
763.920898	47487.464844
762.728516	47623.292969
761.536133	47455.519531
760.342773	47941.640625
759.149414	48132.289063
757.956055	48276.035156
756.762695	48490.972656
755.568359	48534.859375
754.374023	48788.332031
753.179688	48860.625000
751.985352	48609.453125
750.791016	48600.398438
749.595703	48390.031250
748.400391	48057.753906
747.205078	48113.847656
746.009766	47846.777344
744.813477	47925.234375
743.617188	47408.410156
742.420898	46723.195313
741.224609	47449.632813
740.027344	46797.144531
738.830078	47042.175781
737.632813	46802.023438
736.435547	46503.113281
735.238281	46041.996094
734.040039	46798.164063
732.841797	46586.621094
731.643555	46486.683594
730.445313	46652.371094
729.246094	46667.992188
728.046875	45832.421875
726.847656	46466.195313
725.648438	46123.257813
724.449219	46382.019531
723.249023	46280.210938
722.048828	46000.257813
720.848633	46283.183594
719.647461	46078.218750
718.447266	46504.699219
717.246094	46255.253906
716.044922	45995.785156
714.842773	46179.335938
713.641602	46071.632813
712.439453	46081.226563
711.237305	46131.242188
710.035156	46104.441406
708.832031	46558.550781
707.629883	46388.238281
706.426758	46207.890625
705.223633	46441.597656
704.019531	46285.527344
702.815430	46383.875000
701.612305	46726.402344
700.408203	46384.710938
699.203125	46164.199219
697.999023	46308.882813
696.793945	46570.484375
695.588867	46095.984375
694.383789	46190.191406
693.177734	46606.871094
691.971680	46584.054688
690.766602	46136.089844
689.559570	46419.578125
688.353516	46324.292969
687.146484	46333.757813
685.939453	46498.250000
684.732422	46447.285156
683.525391	46350.042969
682.318359	46588.886719
681.110352	46115.421875
679.902344	46161.109375
678.693359	46275.160156
677.485352	46081.511719
676.276367	46159.339844
675.067383	46217.039063
673.858398	46397.300781
672.649414	46404.695313
671.439453	46175.031250
670.229492	46114.171875
669.019531	46057.347656
667.809570	46683.191406
666.598633	46381.371094
665.387695	46242.234375
664.176758	46548.628906
662.965820	46224.925781
661.754883	46571.320313
660.542969	46191.578125
659.331055	46359.386719
658.119141	46198.343750
656.906250	46309.957031
655.694336	45966.613281
654.481445	46174.402344
653.268555	46201.812500
652.054688	46221.203125
650.841797	46366.742188
649.627930	46073.750000
648.414063	46583.582031
647.200195	46600.875000
645.985352	46994.351563
644.770508	46853.503906
643.555664	46980.746094
642.340820	47255.929688
641.125977	47189.089844
639.910156	47468.125000
638.694336	47327.308594
637.478516	46946.734375
636.262695	46836.035156
635.045898	46839.242188
633.829102	46706.628906
632.612305	46875.597656
631.395508	46533.390625
630.177734	46101.476563
628.959961	46216.570313
627.742188	46493.250000
626.524414	46334.902344
625.306641	45937.253906
624.087891	45970.515625
622.869141	46035.671875
621.650391	45955.265625
620.430664	46143.968750
619.211914	45754.687500
617.992188	46158.539063
616.772461	45970.593750
615.551758	46007.773438
614.332031	46329.699219
613.111328	46115.937500
611.890625	45770.878906
610.669922	45941.406250
609.448242	45984.515625
608.226563	46292.207031
607.004883	45824.042969
605.783203	46213.175781
604.561523	46091.167969
603.338867	46205.765625
602.116211	45805.539063
600.893555	45987.707031
599.669922	46289.015625
598.447266	46296.214844
597.223633	46047.203125
596.000000	45651.343750
594.775391	46315.792969
593.551758	46332.898438
592.327148	46701.265625
591.102539	46343.269531
589.877930	46638.089844
588.652344	46181.062500
587.426758	46495.628906
586.201172	46104.226563
584.975586	46311.636719
583.750000	46364.375000
582.523438	46654.882813
581.296875	46929.425781
580.070313	47134.539063
578.842773	46729.578125
577.616211	46924.746094
576.388672	46963.437500
575.161133	47004.089844
573.932617	46791.414063
572.705078	47231.761719
571.476563	47185.292969
570.248047	47105.214844
569.018555	46987.589844
567.790039	47374.179688
566.560547	46718.863281
565.331055	46880.042969
564.101563	46588.652344
562.871094	46917.722656
561.641602	46942.472656
560.411133	46430.039063
559.179688	46468.691406
557.949219	46469.816406
556.717773	46230.136719
555.486328	45925.421875
554.254883	46291.656250
553.023438	46310.558594
551.791016	46234.781250
550.558594	46095.925781
549.326172	46071.476563
548.093750	46145.589844
546.860352	45797.917969
545.627930	45720.328125
544.393555	45759.000000
543.160156	45939.472656
541.926758	46259.695313
540.692383	45894.601563
539.458008	45911.546875
538.223633	46196.160156
536.988281	45815.531250
535.752930	46444.363281
534.517578	46207.425781
533.282227	46131.851563
532.046875	46199.843750
530.810547	46259.945313
529.574219	45995.695313
528.337891	46148.175781
527.101563	46430.281250
525.864258	46647.445313
524.626953	46489.375000
523.389648	46223.355469
522.152344	46672.113281
520.914063	46170.589844
519.675781	46081.414063
518.437500	46461.257813
517.199219	46217.062500
515.959961	45982.765625
514.721680	45764.246094
513.482422	46485.035156
512.242188	46291.984375
511.002930	46318.531250
509.762695	46631.183594
508.522461	46303.011719
507.282227	46360.878906
506.041016	46017.207031
504.800781	45988.941406
503.559570	46150.593750
502.318359	46049.882813
501.076172	46168.402344
499.833984	46198.820313
498.592773	45867.296875
497.349609	46429.789063
496.107422	46248.925781
494.864258	46328.179688
493.622070	46219.730469
492.377930	46259.863281
491.134766	46280.441406
489.891602	46623.382813
488.647461	46499.324219
487.403320	46687.796875
486.158203	46917.203125
484.914063	46556.921875
483.668945	46487.617188
482.423828	46711.070313
481.178711	46302.242188
479.932617	46777.300781
478.686523	46809.421875
477.440430	47042.386719
476.194336	46758.582031
474.948242	46814.074219
473.701172	46832.507813
472.454102	47106.207031
471.207031	47212.246094
469.958984	47203.320313
468.711914	47192.445313
467.463867	47241.937500
466.215820	47727.488281
464.966797	47724.300781
463.718750	47905.984375
462.469727	48068.144531
461.220703	48253.582031
459.970703	48417.554688
458.721680	48661.191406
457.471680	48370.070313
456.221680	48477.550781
454.970703	48777.390625
453.720703	48929.437500
452.469727	49582.652344
451.218750	49493.628906
449.966797	49905.675781
448.715820	50387.464844
447.463867	50834.125000
446.211914	51096.226563
444.959961	51812.312500
443.707031	52244.859375
442.454102	52789.750000
441.201172	52554.781250
439.948242	52160.890625
438.695313	51177.785156
437.441406	50528.441406
436.187500	50013.062500
434.933594	49156.859375
433.678711	48891.832031
432.424805	48286.011719
431.169922	48272.992188
429.914063	48002.468750
428.659180	47513.300781
427.403320	47287.535156
426.147461	47365.648438
424.891602	47099.359375
423.635742	47013.062500
422.378906	47054.429688
421.122070	47016.507813
419.865234	46748.546875
418.608398	47023.808594
417.350586	46715.359375
416.092773	47083.261719
414.834961	46707.304688
413.577148	46852.953125
412.318359	46807.378906
411.059570	46391.136719
409.800781	46976.859375
408.541992	46886.894531
407.282227	46690.832031
406.022461	46734.062500
404.762695	46721.339844
403.502930	46731.757813
402.242188	47054.515625
400.981445	46939.562500
