#Wave		#Intensity
2001.242188	29070.662109
2000.272461	29055.623047
1999.302734	29185.878906
1998.333008	28754.824219
1997.363281	29055.439453
1996.392578	28834.957031
1995.422852	29130.443359
1994.452148	28942.572266
1993.481445	28950.035156
1992.510742	28747.240234
1991.540039	28769.750000
1990.568359	28772.232422
1989.596680	28712.167969
1988.625977	28589.593750
1987.654297	28762.160156
1986.681641	28679.623047
1985.709961	28779.613281
1984.738281	28822.076172
1983.765625	28572.130859
1982.792969	28469.691406
1981.820313	28562.146484
1980.847656	28634.587891
1979.874023	28759.447266
1978.901367	28741.937500
1977.927734	28896.687500
1976.954102	28629.554688
1975.980469	28991.404297
1975.006836	28594.595703
1974.032227	28721.818359
1973.058594	28839.019531
1972.083984	28572.123047
1971.109375	28896.259766
1970.134766	28766.558594
1969.160156	28716.664063
1968.184570	28913.503906
1967.209961	28669.248047
1966.234375	28654.269531
1965.258789	28390.214844
1964.283203	29025.277344
1963.306641	28743.818359
1962.331055	28554.568359
1961.354492	28718.830078
1960.377930	28713.806641
1959.401367	28731.177734
1958.424805	28576.886719
1957.447266	28606.710938
1956.470703	28917.541016
1955.493164	28750.863281
1954.515625	28648.876953
1953.538086	28753.230469
1952.560547	28658.734375
1951.582031	28522.029297
1950.604492	28281.031250
1949.625977	28449.951172
1948.647461	28437.523438
1947.668945	28715.605469
1946.689453	28273.652344
1945.710938	28827.175781
1944.731445	28784.904297
1943.751953	28635.955078
1942.772461	28958.408203
1941.792969	28273.716797
1940.813477	29010.267578
1939.833008	28727.484375
1938.852539	28598.500000
1937.873047	28814.089844
1936.891602	28712.394531
1935.911133	28655.333984
1934.930664	28595.814453
1933.949219	28541.267578
1932.967773	28875.544922
1931.986328	28414.896484
1931.004883	28422.296875
1930.023438	28298.511719
1929.041016	28536.076172
1928.059570	28610.255859
1927.077148	28615.138672
1926.094727	28271.265625
1925.112305	28338.027344
1924.128906	28392.404297
1923.146484	28486.312500
1922.163086	28303.359375
1921.179688	28471.386719
1920.196289	28498.517578
1919.212891	28409.529297
1918.228516	28530.517578
1917.245117	28451.431641
1916.260742	28666.193359
1915.276367	28419.238281
1914.291992	28310.589844
1913.307617	28377.193359
1912.322266	28335.207031
1911.336914	28483.189453
1910.352539	28808.705078
1909.367188	28298.109375
1908.380859	28192.056641
1907.395508	28510.052734
1906.409180	28566.671875
1905.423828	28140.259766
1904.437500	28118.076172
1903.451172	28248.634766
1902.463867	28295.404297
1901.477539	28435.734375
1900.490234	28571.087891
1899.503906	28287.898438
1898.516602	28465.072266
1897.528320	28201.685547
1896.541016	28346.824219
1895.553711	28341.849609
1894.565430	28472.152344
1893.577148	28400.759766
1892.588867	28142.525391
1891.600586	28125.294922
1890.611328	28506.242188
1889.623047	28179.314453
1888.633789	28066.259766
1887.644531	28528.080078
1886.655273	28299.564453
1885.666016	28456.671875
1884.675781	28169.318359
1883.686523	28240.472656
1882.696289	28451.501953
1881.706055	28213.376953
1880.715820	28002.324219
1879.724609	28264.796875
1878.734375	28299.074219
1877.743164	28276.939453
1876.751953	28267.068359
1875.760742	28392.027344
1874.769531	28188.511719
1873.778320	27975.263672
1872.786133	28467.718750
1871.793945	28443.119141
1870.801758	27985.013672
1869.809570	28322.929688
1868.817383	27962.937500
1867.824219	28268.912109
1866.832031	28293.314453
1865.838867	28364.201172
1864.845703	28386.128906
1863.851563	28430.064453
1862.858398	28515.562500
1861.865234	28344.263672
1860.871094	28234.148438
1859.876953	28270.742188
1858.882813	28270.660156
1857.887695	28246.140625
1856.893555	28241.173828
1855.898438	28228.878906
1854.904297	28436.400391
1853.909180	27984.525391
1852.913086	28074.822266
1851.917969	28328.638672
1850.922852	28150.371094
1849.926758	28099.054688
1848.930664	28518.634766
1847.934570	28425.800781
1846.938477	28281.781250
1845.941406	28198.775391
1844.945313	28401.048828
1843.948242	28556.935547
1842.951172	28525.101563
1841.954102	28281.277344
1840.956055	28242.236328
1839.958984	28203.232422
1838.960938	28164.191406
1837.962891	28125.150391
1836.964844	28086.107422
1835.966797	28047.066406
1834.968750	28008.025391
1833.969727	27968.945313
1832.970703	28462.771484
1831.971680	28275.322266
1830.972656	28340.875000
1829.973633	28554.732422
1828.973633	28350.343750
1827.974609	28488.767578
1826.974609	28802.126953
1825.974609	28692.568359
1824.974609	28471.289063
1823.973633	28123.775391
1822.973633	28881.416016
1821.972656	28597.083984
1820.971680	28502.218750
1819.970703	28363.693359
1818.968750	28504.312500
1817.967773	28724.955078
1816.965820	28511.250000
1815.964844	28542.611328
1814.961914	28554.558594
1813.959961	28881.724609
1812.958008	28585.708984
1811.955078	28779.435547
1810.953125	28381.753906
1809.950195	28517.291016
1808.947266	28432.316406
1807.943359	28802.750000
1806.940430	28637.833984
1805.936523	28920.927734
1804.932617	28976.353516
1803.928711	28859.900391
1802.924805	28741.068359
1801.920898	28494.033203
1800.916016	28501.103516
1799.911133	28539.617188
1798.907227	28418.501953
1797.901367	28495.699219
1796.896484	28691.330078
1795.891602	29075.423828
1794.885742	28536.207031
1793.879883	28584.332031
1792.874023	28617.941406
1791.868164	28637.046875
1790.862305	28561.960938
1789.855469	28540.019531
1788.848633	28798.123047
1787.842773	28952.345703
1786.834961	28814.507813
1785.828125	28799.771484
1784.821289	28715.078125
1783.813477	28589.410156
1782.805664	28613.302734
1781.797852	28805.966797
1780.790039	28856.328125
1779.782227	28817.490234
1778.773438	28954.583984
1777.764648	28602.513672
1776.755859	28901.000000
1775.747070	28917.574219
1774.738281	28864.304688
1773.729492	29126.466797
1772.719727	29222.429688
1771.709961	29092.111328
1770.700195	28988.308594
1769.690430	29187.701172
1768.680664	28908.306641
1767.669922	29230.306641
1766.659180	29006.308594
1765.648438	29195.935547
1764.637695	29060.966797
1763.626953	29464.425781
1762.615234	29254.958984
1761.604492	29249.789063
1760.592773	29198.978516
1759.581055	29335.525391
1758.569336	29702.552734
1757.556641	29584.458984
1756.544922	29562.427734
1755.532227	29451.597656
1754.519531	29288.013672
1753.506836	29592.339844
1752.494141	29304.046875
1751.480469	29428.378906
1750.466797	29538.279297
1749.454102	29909.472656
1748.440430	29424.759766
1747.425781	29551.375000
1746.412109	29898.402344
1745.397461	29766.134766
1744.383789	29863.873047
1743.369141	30028.638672
1742.353516	29958.673828
1741.338867	29821.695313
1740.324219	30208.992188
1739.308594	29964.318359
1738.292969	30090.625000
1737.277344	29970.462891
1736.261719	30622.974609
1735.245117	30081.832031
1734.229492	30215.199219
1733.212891	30472.837891
1732.196289	30696.917969
1731.179688	30316.267578
1730.162109	30786.414063
1729.145508	30778.576172
1728.127930	31129.039063
1727.110352	31190.398438
1726.092773	31079.814453
1725.075195	31122.060547
1724.056641	30985.267578
1723.039063	31177.865234
1722.020508	31444.363281
1721.001953	31777.564453
1719.983398	31628.820313
1718.963867	31608.910156
1717.945313	31851.294922
1716.925781	31604.867188
1715.906250	32249.990234
1714.886719	31977.363281
1713.867188	32240.949219
1712.846680	32540.175781
1711.826172	32312.894531
1710.806641	32488.162109
1709.786133	32360.972656
1708.764648	32326.671875
1707.744141	32463.755859
1706.722656	32857.808594
1705.701172	32566.462891
1704.679688	32567.828125
1703.658203	32581.083984
1702.636719	32525.369141
1701.614258	32590.935547
1700.592773	32520.972656
1699.570313	32691.093750
1698.547852	32431.021484
1697.524414	33133.320313
1696.501953	32897.015625
1695.478516	32917.308594
1694.456055	32985.089844
1693.432617	32884.269531
1692.408203	32890.304688
1691.384766	33090.964844
1690.360352	33277.316406
1689.336914	33397.164063
1688.312500	33474.265625
1687.288086	33164.738281
1686.262695	33550.132813
1685.238281	33556.035156
1684.212891	33597.492188
1683.187500	34056.074219
1682.162109	33597.421875
1681.136719	33700.445313
1680.110352	33808.171875
1679.084961	34138.488281
1678.058594	34265.039063
1677.032227	34223.445313
1676.005859	34373.601563
1674.978516	34171.062500
1673.952148	34079.808594
1672.924805	34334.007813
1671.897461	34259.316406
1670.870117	34179.917969
1669.842773	34705.894531
1668.814453	34536.601563
1667.787109	34615.566406
1666.758789	34767.765625
1665.730469	34577.281250
1664.701172	35204.300781
1663.672852	34768.144531
1662.643555	34844.628906
1661.615234	34914.000000
1660.585938	34881.828125
1659.555664	34939.367188
1658.526367	35119.601563
1657.497070	35002.460938
1656.466797	35137.792969
1655.436523	35374.503906
1654.406250	35431.894531
1653.375977	35552.929688
1652.344727	35574.902344
1651.313477	35455.437500
1650.282227	35121.558594
1649.250977	35527.664063
1648.219727	35342.304688
1647.188477	35293.625000
1646.156250	35621.761719
1645.124023	35462.382813
1644.091797	35321.890625
1643.059570	35786.359375
1642.027344	35443.472656
1640.994141	35564.226563
1639.961914	35456.746094
1638.928711	35575.101563
1637.895508	35792.183594
1636.861328	35868.109375
1635.828125	35904.046875
1634.793945	35791.890625
1633.759766	35595.175781
1632.725586	35863.746094
1631.691406	36127.515625
1630.656250	36003.652344
1629.622070	36403.503906
1628.586914	36509.726563
1627.551758	36113.550781
1626.516602	36477.960938
1625.480469	36509.015625
1624.445313	36619.828125
1623.409180	36716.527344
1622.373047	37111.054688
1621.336914	37268.597656
1620.300781	37372.156250
1619.263672	37836.675781
1618.227539	38216.656250
1617.190430	38385.597656
1616.153320	38816.882813
1615.115234	39597.042969
1614.078125	40243.421875
1613.040039	40048.925781
1612.001953	40587.300781
1610.963867	40610.500000
1609.925781	40942.625000
1608.887695	40390.121094
1607.848633	39940.753906
1606.809570	40022.527344
1605.770508	39096.281250
1604.731445	38804.046875
1603.692383	38224.351563
1602.652344	37850.562500
1601.613281	37381.082031
1600.573242	37159.453125
1599.533203	36608.492188
1598.492188	36559.925781
1597.452148	36428.511719
1596.411133	36296.976563
1595.370117	36165.441406
1594.329102	36033.906250
1593.288086	35902.371094
1592.247070	35770.835938
1591.205078	35639.175781
1590.163086	35507.515625
1589.121094	35375.859375
1588.079102	35244.199219
1587.036133	35112.417969
1585.994141	34980.757813
1584.951172	35219.210938
1583.908203	35436.609375
1582.865234	35274.207031
1581.822266	35333.132813
1580.778320	35478.199219
1579.734375	35327.515625
1578.691406	35328.195313
1577.646484	35650.070313
1576.602539	35573.898438
1575.558594	35511.710938
1574.513672	35461.175781
1573.468750	35292.042969
1572.423828	35418.292969
1571.378906	35293.398438
1570.333008	35691.578125
1569.288086	35127.410156
1568.242188	34956.152344
1567.196289	35235.683594
1566.150391	34395.464844
1565.103516	34742.347656
1564.057617	33909.480469
1563.010742	33778.058594
1561.963867	33837.023438
1560.916992	33707.976563
1559.869141	33699.636719
1558.822266	33197.136719
1557.774414	33513.632813
1556.726563	33521.562500
1555.678711	33480.796875
1554.630859	33296.300781
1553.582031	33575.460938
1552.534180	33048.019531
1551.485352	33410.539063
1550.436523	33281.785156
1549.386719	32717.613281
1548.337891	33066.097656
1547.288086	33169.015625
1546.238281	33072.800781
1545.188477	32974.308594
1544.138672	33028.585938
1543.088867	33152.253906
1542.038086	32864.097656
1540.987305	33020.132813
1539.936523	33157.609375
1538.885742	33019.890625
1537.834961	32775.878906
1536.783203	32816.246094
1535.731445	32884.328125
1534.679688	32705.160156
1533.627930	32639.251953
1532.576172	33049.156250
1531.523438	32597.558594
1530.471680	32968.074219
1529.418945	32567.433594
1528.366211	33103.996094
1527.312500	32590.400391
1526.259766	32926.035156
1525.206055	33056.246094
1524.152344	32630.574219
1523.098633	32504.826172
1522.044922	32692.677734
1520.990234	33074.089844
1519.936523	32574.962891
1518.881836	32486.179688
1517.827148	32768.351563
1516.772461	32476.857422
1515.716797	32680.625000
1514.662109	32126.742188
1513.606445	32751.808594
1512.550781	32170.486328
1511.495117	32339.636719
1510.438477	32483.414063
1509.382813	32622.535156
1508.326172	32869.714844
1507.269531	32762.640625
1506.212891	32464.755859
1505.155273	32114.099609
1504.098633	32528.982422
1503.041016	32644.957031
1501.983398	32629.919922
1500.925781	32428.804688
1499.867188	32432.185547
1498.809570	32226.582031
1497.750977	32200.144531
1496.692383	32228.810547
1495.633789	32356.162109
1494.575195	32488.054688
1493.515625	32232.140625
1492.457031	32236.562500
1491.397461	32240.988281
1490.337891	32245.416016
1489.277344	32249.845703
1488.217773	32254.271484
1487.157227	32258.701172
1486.096680	32263.132813
1485.036133	32267.562500
1483.975586	32271.992188
1482.915039	32276.423828
1481.853516	32280.857422
1480.791992	32119.384766
1479.730469	32679.031250
1478.668945	31954.525391
1477.606445	32507.132813
1476.544922	32322.851563
1475.482422	32488.613281
1474.419922	32208.341797
1473.357422	32003.628906
1472.293945	32167.068359
1471.231445	32083.580078
1470.167969	32203.521484
1469.104492	32355.408203
1468.041016	32196.537109
1466.976563	32430.597656
1465.913086	32582.359375
1464.848633	32364.162109
1463.784180	32449.671875
1462.719727	33016.761719
1461.655273	32632.005859
1460.589844	32715.134766
1459.524414	32775.421875
1458.458984	32883.582031
1457.393555	32772.777344
1456.328125	32766.894531
1455.261719	33143.996094
1454.196289	32905.558594
1453.129883	33063.730469
1452.063477	33486.136719
1450.996094	33047.300781
1449.929688	32840.937500
1448.862305	33283.648438
1447.794922	33104.632813
1446.727539	33412.828125
1445.660156	33088.191406
1444.591797	33280.222656
1443.524414	33381.175781
1442.456055	33616.304688
1441.387695	33853.617188
1440.318359	33915.753906
1439.250000	33986.960938
1438.180664	34226.351563
1437.111328	34104.292969
1436.041992	34523.082031
1434.972656	34730.437500
1433.903320	34535.660156
1432.833008	34758.832031
1431.762695	34773.019531
1430.692383	34832.609375
1429.622070	34894.441406
1428.550781	35133.269531
1427.480469	35433.273438
1426.409180	35565.289063
1425.337891	35527.136719
1424.266602	35532.089844
1423.194336	35645.871094
1422.122070	35700.667969
1421.050781	36143.035156
1419.978516	36095.742188
1418.905273	36130.035156
1417.833008	36055.574219
1416.759766	36074.003906
1415.687500	35793.500000
1414.614258	35778.003906
1413.540039	35703.656250
1412.466797	35328.308594
1411.392578	35220.121094
1410.319336	35220.570313
1409.245117	35526.402344
1408.169922	34803.050781
1407.095703	35154.070313
1406.020508	34867.394531
1404.946289	35035.175781
1403.871094	35602.925781
1402.794922	35483.535156
1401.719727	35673.703125
1400.643555	35843.468750
1399.568359	35617.945313
1398.492188	35941.207031
1397.415039	35494.496094
1396.338867	35278.183594
1395.261719	35355.332031
1394.185547	35739.324219
1393.108398	35347.109375
1392.031250	35647.503906
1390.953125	35476.453125
1389.875977	35609.859375
1388.797852	35921.312500
1387.719727	35770.585938
1386.641602	35498.222656
1385.562500	35870.355469
1384.484375	35857.132813
1383.405273	35830.402344
1382.326172	35970.320313
1381.247070	35799.476563
1380.166992	35705.230469
1379.087891	35584.007813
1378.007813	35453.824219
1376.927734	35355.187500
1375.847656	35333.066406
1374.767578	35286.214844
1373.686523	35234.878906
1372.605469	34900.273438
1371.524414	34786.082031
1370.443359	34303.343750
1369.362305	34508.382813
1368.280273	34082.031250
1367.199219	34446.519531
1366.117188	34146.097656
1365.034180	34434.093750
1363.952148	34454.824219
1362.870117	34244.343750
1361.787109	34552.359375
1360.704102	34431.691406
1359.621094	34847.242188
1358.537109	34578.523438
1357.454102	34159.640625
1356.370117	34142.265625
1355.286133	34266.128906
1354.202148	34300.289063
1353.118164	33933.296875
1352.033203	33718.796875
1350.948242	33784.394531
1349.863281	33670.785156
1348.778320	33731.890625
1347.693359	33490.707031
1346.607422	33428.695313
1345.521484	33236.890625
1344.435547	33056.343750
1343.349609	33218.175781
1342.263672	33057.828125
1341.176758	33206.179688
1340.090820	33443.921875
1339.003906	33433.410156
1337.916016	33398.312500
1336.829102	33298.410156
1335.741211	33573.949219
1334.654297	33601.394531
1333.566406	33557.351563
1332.478516	33464.187500
1331.389648	33665.800781
1330.301758	34148.640625
1329.212891	33564.351563
1328.124023	33636.394531
1327.035156	33960.550781
1325.945313	33999.031250
1324.856445	33939.351563
1323.766602	34093.785156
1322.676758	34306.132813
1321.586914	34464.898438
1320.496094	34766.253906
1319.406250	35232.406250
1318.315430	35272.828125
1317.224609	35812.230469
1316.133789	35988.390625
1315.041992	35966.292969
1313.951172	36293.761719
1312.859375	36438.570313
1311.767578	36598.902344
1310.675781	36561.128906
1309.583008	36610.136719
1308.491211	36427.781250
1307.398438	36298.867188
1306.305664	35996.554688
1305.212891	36023.390625
1304.119141	35656.769531
1303.026367	35632.539063
1301.932617	35988.281250
1300.838867	36303.906250
1299.744141	36692.718750
1298.650391	37048.074219
1297.555664	37691.957031
1296.461914	37718.433594
1295.366211	37884.738281
1294.271484	38201.886719
1293.176758	38035.214844
1292.081055	37700.000000
1290.985352	37617.761719
1289.889648	37109.765625
1288.793945	36766.027344
1287.697266	36358.121094
1286.601563	36025.722656
1285.504883	35926.125000
1284.408203	35749.015625
1283.311523	35667.222656
1282.213867	35459.210938
1281.116211	34850.464844
1280.018555	34912.785156
1278.920898	34370.765625
1277.823242	34612.417969
1276.725586	34314.054688
1275.626953	34402.968750
1274.528320	33814.976563
1273.429688	33620.859375
1272.330078	33762.917969
1271.231445	33991.144531
1270.131836	33534.058594
1269.032227	33203.109375
1267.932617	33475.500000
1266.833008	33153.515625
1265.732422	33014.976563
1264.632813	32693.187500
1263.532227	32883.769531
1262.430664	32562.121094
1261.330078	32951.304688
1260.228516	32521.621094
1259.127930	32542.199219
1258.026367	32604.683594
1256.924805	32378.208984
1255.822266	32524.494141
1254.720703	32388.509766
1253.618164	32464.197266
1252.515625	32246.722656
1251.413086	32417.158203
1250.309570	32472.966797
1249.207031	32330.500000
1248.103516	32593.324219
1247.000000	32307.755859
1245.895508	32515.447266
1244.791992	32333.447266
1243.687500	31878.615234
1242.583008	31996.050781
1241.478516	32126.642578
1240.374023	32092.214844
1239.269531	32431.662109
1238.164063	32592.882813
1237.058594	32054.949219
1235.953125	32299.701172
1234.847656	32214.722656
1233.741211	32397.830078
1232.635742	32060.228516
1231.529297	32458.544922
1230.422852	32628.328125
1229.315430	32282.082031
1228.208984	32423.296875
1227.101563	32744.431641
1225.994141	32984.257813
1224.886719	32750.085938
1223.779297	32704.650391
1222.670898	33093.484375
1221.562500	32988.796875
1220.454102	32772.328125
1219.345703	32932.964844
1218.237305	32306.748047
1217.127930	32743.503906
1216.018555	32360.728516
1214.909180	32363.607422
1213.799805	32546.064453
1212.690430	32406.580078
1211.580078	32433.525391
1210.469727	32458.271484
1209.359375	32176.625000
1208.249023	32555.869141
1207.138672	32440.566406
1206.027344	32414.980469
1204.916016	32553.416016
1203.804688	32702.732422
1202.693359	33155.855469
1201.581055	32865.687500
1200.469727	33119.753906
1199.357422	32989.191406
1198.245117	33168.867188
1197.131836	33023.050781
1196.019531	33523.652344
1194.906250	33545.933594
1193.792969	33286.613281
1192.679688	33162.703125
1191.566406	33137.027344
1190.452148	33360.070313
1189.337891	33068.250000
1188.223633	33675.058594
1187.109375	33021.324219
1185.995117	32853.984375
1184.879883	32747.736328
1183.764648	32580.503906
1182.649414	32426.406250
1181.534180	32662.314453
1180.418945	32318.759766
1179.302734	32611.218750
1178.186523	32653.179688
1177.070313	32222.732422
1175.954102	32321.335938
1174.837891	32210.992188
1173.720703	32335.667969
1172.603516	32647.375000
1171.486328	32271.687500
1170.369141	32431.070313
1169.250977	32277.318359
1168.132813	31919.289063
1167.015625	32082.994141
1165.896484	32313.998047
1164.778320	31971.361328
1163.660156	32354.349609
1162.541016	31668.689453
1161.421875	32058.103516
1160.302734	31826.478516
1159.182617	31699.123047
1158.063477	31858.277344
1156.943359	31811.240234
1155.823242	31831.472656
1154.703125	32268.142578
1153.582031	32023.710938
1152.461914	31809.722656
1151.340820	31827.765625
1150.219727	31678.910156
1149.097656	32039.357422
1147.976563	32089.843750
1146.854492	31668.074219
1145.732422	31894.039063
1144.610352	31790.775391
1143.488281	32187.671875
1142.365234	32199.115234
1141.243164	32110.996094
1140.120117	32377.781250
1138.996094	32544.949219
1137.873047	32294.582031
1136.750000	32584.972656
1135.625977	32533.615234
1134.501953	32443.361328
1133.377930	32387.724609
1132.252930	32563.341797
1131.127930	32563.878906
1130.003906	32303.015625
1128.878906	32469.910156
1127.752930	32155.167969
1126.627930	32363.048828
1125.501953	32611.867188
1124.375977	32705.193359
1123.250000	32651.744141
1122.124023	32397.662109
1120.997070	32447.828125
1119.871094	32400.921875
1118.744141	32425.189453
1117.617188	32343.806641
1116.489258	32387.472656
1115.362305	32069.052734
1114.234375	31998.548828
1113.106445	32205.984375
1111.978516	32488.734375
1110.849609	32372.960938
1109.721680	32110.810547
1108.592773	32186.748047
1107.463867	32353.056641
1106.333984	32248.148438
1105.205078	32377.804688
1104.075195	32404.152344
1102.945313	32174.537109
1101.815430	32880.453125
1100.685547	32115.468750
1099.554688	32395.500000
1098.424805	32206.886719
1097.293945	32224.632813
1096.162109	32440.031250
1095.031250	32451.281250
1093.899414	32492.593750
1092.768555	32301.980469
1091.636719	32570.875000
1090.503906	32174.246094
1089.372070	32033.152344
1088.239258	32125.994141
1087.106445	31939.904297
1085.973633	32461.716797
1084.840820	32114.791016
1083.708008	32295.453125
1082.574219	32122.326172
1081.440430	32135.736328
1080.306641	32159.853516
1079.171875	32059.691406
1078.038086	32139.509766
1076.903320	31975.128906
1075.768555	32249.800781
1074.633789	32134.701172
1073.498047	31951.142578
1072.363281	32097.248047
1071.227539	32545.015625
1070.091797	32017.025391
1068.956055	32394.054688
1067.819336	32392.396484
1066.682617	32405.705078
1065.546875	32406.181641
1064.409180	32665.292969
1063.272461	32364.386719
1062.135742	32537.939453
1060.998047	32478.566406
1059.860352	32579.410156
1058.722656	32300.089844
1057.583984	32217.302734
1056.446289	32469.703125
1055.307617	32267.388672
1054.168945	32432.191406
1053.029297	32022.996094
1051.890625	32194.179688
1050.750977	32201.072266
1049.611328	32297.523438
1048.471680	32543.177734
1047.332031	31985.117188
1046.191406	32333.037109
1045.051758	32105.496094
1043.911133	32248.740234
1042.769531	32174.662109
1041.628906	32300.798828
1040.487305	32186.277344
1039.346680	32003.673828
1038.205078	31957.359375
1037.062500	32198.357422
1035.920898	31469.021484
1034.778320	31907.859375
1033.635742	32006.222656
1032.493164	31785.566406
1031.350586	31499.078125
1030.207031	31731.380859
1029.063477	31559.777344
1027.919922	31836.605469
1026.776367	31977.357422
1025.632813	31780.306641
1024.488281	31721.375000
1023.343750	31683.699219
1022.199219	31994.212891
1021.054688	31960.742188
1019.910156	31772.357422
1018.764648	31734.693359
1017.619141	32036.478516
1016.473633	31945.750000
1015.327148	32171.037109
1014.181641	32129.080078
1013.035156	31976.902344
1011.888672	32575.093750
1010.742188	31946.080078
1009.594727	32359.720703
1008.448242	31949.166016
1007.300781	31896.699219
1006.153320	32193.650391
1005.005859	32278.773438
1003.857422	32289.773438
1002.708984	32385.425781
1001.560547	32840.765625
1000.412109	32430.638672
999.263672	32752.541016
998.114258	32898.789063
996.965820	32863.136719
995.816406	32886.687500
994.666016	33028.597656
993.516602	32456.158203
992.366211	32336.089844
991.215820	32879.398438
990.065430	32588.210938
988.915039	32736.373047
987.763672	32639.562500
986.613281	32671.554688
985.461914	32739.412109
984.309570	33030.925781
983.158203	32712.595703
982.005859	33018.769531
980.854492	33116.035156
979.701172	33192.175781
978.548828	33194.500000
977.396484	33369.664063
976.243164	33338.230469
975.089844	32881.175781
973.936523	33060.511719
972.783203	33239.781250
971.628906	32719.812500
970.474609	33122.261719
969.320313	33158.265625
968.166016	32933.261719
967.010742	32927.195313
965.856445	33175.714844
964.701172	32576.386719
963.545898	32986.824219
962.390625	32772.566406
961.234375	33407.769531
960.078125	33216.636719
958.921875	33057.093750
957.765625	33355.687500
956.609375	33072.222656
955.452148	33379.101563
954.294922	33402.351563
953.137695	33370.996094
951.980469	33213.695313
950.822266	33325.113281
949.665039	33329.460938
948.506836	32819.753906
947.347656	32916.492188
946.189453	33189.378906
945.030273	33195.839844
943.872070	33275.679688
942.712891	33036.859375
941.552734	33093.644531
940.393555	33045.628906
939.233398	33448.078125
938.073242	33288.992188
936.913086	33756.167969
935.752930	33446.320313
934.591797	33551.105469
933.430664	33729.113281
932.269531	33745.910156
931.108398	33808.730469
929.947266	33984.496094
928.785156	33417.671875
927.623047	33783.742188
926.460938	33652.054688
925.298828	33882.066406
924.135742	33819.378906
922.972656	33861.199219
921.810547	33850.765625
920.646484	34368.832031
919.483398	34063.828125
918.319336	34266.351563
917.155273	34042.898438
915.991211	34376.851563
914.827148	34376.761719
913.662109	34652.101563
912.498047	34891.875000
911.333008	34908.375000
910.167969	34780.968750
909.001953	34820.414063
907.836914	35028.703125
906.670898	35276.511719
905.504883	35272.078125
904.337891	35059.292969
903.171875	35090.308594
902.004883	34994.265625
900.837891	34719.171875
899.670898	34904.296875
898.503906	34929.066406
897.335938	34774.843750
896.167969	34941.125000
895.000000	34722.460938
893.832031	34759.718750
892.663086	34969.578125
891.495117	35285.398438
890.326172	35108.406250
889.156250	35025.007813
887.987305	35224.261719
886.817383	35151.261719
885.648438	35350.417969
884.478516	35352.183594
883.307617	35823.261719
882.137695	35816.632813
880.966797	36185.730469
879.795898	36342.992188
878.625000	36269.867188
877.454102	35978.925781
876.282227	36107.093750
875.110352	35992.570313
873.938477	36182.890625
872.766602	35995.832031
871.593750	36016.113281
870.421875	36164.871094
869.249023	36307.359375
868.076172	36010.613281
866.902344	36001.875000
865.729492	36343.109375
864.555664	36740.113281
863.381836	36845.093750
862.207031	36987.289063
861.033203	36986.644531
859.858398	37137.031250
858.683594	37061.890625
857.508789	36693.097656
856.333984	36992.328125
855.158203	36811.816406
853.982422	36441.203125
852.806641	36515.046875
851.630859	36816.148438
850.454102	36549.031250
849.278320	36484.421875
848.101563	36684.167969
846.924805	36316.046875
845.747070	36705.664063
844.570313	36636.941406
843.392578	37434.933594
842.214844	37240.246094
841.036133	37924.375000
839.858398	37853.406250
838.679688	38001.039063
837.500977	38738.246094
836.322266	38819.695313
835.143555	38721.816406
833.963867	38823.839844
832.784180	38536.464844
831.604492	38440.746094
830.424805	38684.855469
829.244141	37808.792969
828.063477	37608.273438
826.882813	37284.332031
825.702148	37477.019531
824.521484	36813.742188
823.339844	36901.535156
822.158203	36512.144531
820.976563	36579.394531
819.794922	36804.921875
818.612305	36399.316406
817.430664	36550.804688
816.248047	36788.535156
815.064453	36385.210938
813.881836	36060.082031
812.698242	35819.273438
811.514648	36254.070313
810.331055	36590.164063
809.147461	36335.019531
807.962891	36597.093750
806.778320	36264.074219
805.593750	36191.695313
804.409180	36513.121094
803.224609	36801.621094
802.039063	36612.316406
800.853516	36449.726563
799.667969	36526.980469
798.482422	36337.828125
797.295898	36523.648438
796.109375	36303.839844
794.922852	36086.156250
793.736328	36200.253906
792.548828	35994.953125
791.362305	36043.523438
790.174805	35388.117188
788.986328	35702.761719
787.798828	35779.992188
786.610352	35842.878906
785.421875	35462.003906
784.233398	35567.855469
783.044922	35906.691406
781.856445	35724.253906
780.666992	35701.261719
779.477539	35666.019531
778.288086	35393.847656
777.097656	35699.722656
775.907227	35582.820313
774.717773	35582.324219
773.526367	35630.812500
772.335938	35424.195313
771.144531	35844.023438
769.954102	35447.730469
768.762695	35579.820313
767.570313	35801.582031
766.378906	35831.617188
765.186523	35877.945313
763.994141	35971.128906
762.801758	36149.859375
761.609375	36202.207031
760.416016	36301.382813
759.222656	36412.742188
758.029297	36412.070313
756.835938	36769.687500
755.641602	36577.621094
754.447266	36699.011719
753.252930	36999.402344
752.058594	36766.707031
750.864258	36682.570313
749.668945	36917.722656
748.473633	36300.914063
747.278320	36544.171875
746.083008	35783.367188
744.886719	35837.656250
743.690430	36115.398438
742.494141	36051.792969
741.297852	35860.269531
740.100586	36279.976563
738.904297	35467.277344
737.707031	35736.703125
736.509766	35707.718750
735.311523	35861.347656
734.113281	35688.316406
732.916016	35695.859375
731.716797	35873.734375
730.518555	35854.878906
729.320313	35878.597656
728.121094	35490.890625
726.921875	35842.921875
725.721680	35783.562500
724.522461	35570.285156
723.322266	35450.238281
722.122070	35113.585938
720.921875	35629.328125
719.721680	35566.007813
718.520508	35668.644531
717.319336	35437.406250
716.118164	35533.960938
714.916992	35573.843750
713.714844	35781.550781
712.513672	35799.132813
711.311523	35673.187500
710.108398	36064.664063
708.906250	35880.113281
707.703125	35968.367188
706.500000	35949.531250
705.296875	36160.921875
704.093750	36261.179688
702.889648	36141.359375
701.685547	36053.875000
700.481445	36367.996094
699.277344	36244.183594
698.072266	36665.062500
696.868164	36396.023438
695.663086	36663.460938
694.457031	36759.433594
693.251953	37234.320313
692.045898	37219.300781
690.839844	37149.878906
689.633789	37046.238281
688.427734	37478.410156
687.220703	37453.281250
686.013672	37097.949219
684.806641	37244.007813
683.599609	36705.691406
682.391602	36646.507813
681.184570	36446.507813
679.976563	36604.640625
678.767578	36302.148438
677.559570	36359.707031
676.350586	36342.855469
675.141602	36350.125000
673.932617	36421.707031
672.723633	36404.843750
671.513672	36379.953125
670.303711	36431.394531
669.093750	36388.433594
667.883789	36548.273438
666.672852	36465.148438
665.462891	36020.785156
664.251953	36142.472656
663.040039	36284.175781
661.829102	36411.781250
660.617188	36248.531250
659.405273	36542.523438
658.193359	35912.183594
656.981445	36298.332031
655.768555	36000.945313
654.555664	36539.207031
653.342773	36706.652344
652.129883	36597.628906
650.916016	36849.105469
649.702148	36678.023438
648.488281	36733.210938
647.274414	36862.425781
646.059570	37263.738281
644.845703	37438.816406
643.630859	37591.828125
642.416016	37934.773438
641.200195	37669.722656
639.984375	37728.636719
638.769531	37875.472656
637.552734	37668.531250
636.336914	37475.652344
635.120117	37326.792969
633.904297	37479.578125
632.687500	37304.808594
631.469727	37271.859375
630.252930	36993.390625
629.035156	36641.179688
627.817383	37089.269531
626.599609	36896.773438
625.380859	36335.328125
624.163086	36673.531250
622.944336	36844.113281
621.724609	36771.414063
620.505859	36664.855469
619.286133	37090.421875
618.066406	36722.828125
616.846680	37160.171875
615.626953	36862.410156
614.406250	37062.589844
613.186523	37137.265625
611.965820	36839.671875
610.744141	36916.343750
609.523438	37313.351563
608.301758	37141.222656
607.080078	37166.074219
605.858398	37085.515625
604.635742	37233.644531
603.414063	37127.253906
602.191406	36939.414063
600.968750	37655.824219
599.745117	37392.449219
598.522461	37520.507813
597.298828	37382.378906
596.075195	37589.816406
594.850586	37719.742188
593.626953	37676.925781
592.402344	37775.035156
591.177734	37912.785156
589.953125	38169.515625
588.727539	38023.500000
587.501953	38210.699219
586.276367	38647.652344
585.050781	38812.855469
583.825195	39073.132813
582.598633	39174.777344
581.372070	39421.011719
580.145508	39613.671875
578.917969	39651.777344
577.691406	39818.574219
576.463867	40244.656250
575.236328	40470.656250
574.007813	40421.484375
572.780273	40607.792969
571.551758	40665.437500
570.323242	39945.742188
569.094727	39918.453125
567.865234	39770.566406
566.635742	39454.707031
565.406250	39552.035156
564.176758	39404.292969
562.947266	39074.843750
561.716797	38443.296875
560.486328	38398.539063
559.255859	38047.738281
558.024414	38305.121094
556.793945	38195.269531
555.562500	38184.136719
554.331055	37734.980469
553.098633	37585.839844
551.867188	37817.417969
550.634766	37441.539063
549.402344	37836.695313
548.168945	37764.519531
546.936523	37649.011719
545.703125	36991.664063
544.469727	37674.234375
543.236328	37326.375000
542.001953	37561.574219
540.767578	37767.148438
539.533203	37112.359375
538.298828	37548.222656
537.064453	37521.468750
535.829102	37740.660156
534.593750	37841.742188
533.358398	37964.417969
532.122070	37969.058594
530.886719	37739.742188
529.650391	37828.945313
528.414063	37737.308594
527.176758	38415.949219
525.940430	37945.074219
524.703125	38189.335938
523.465820	37714.750000
522.227539	37935.394531
520.990234	37967.503906
519.751953	38309.703125
518.513672	38477.121094
517.275391	38167.726563
516.036133	38743.113281
514.796875	38516.152344
513.557617	38259.859375
512.318359	38919.199219
511.079102	38468.875000
509.838867	38575.281250
508.598633	38381.863281
507.358398	38259.039063
506.117188	38357.582031
504.876953	38052.691406
503.635742	38108.160156
502.394531	38228.203125
501.152344	37986.132813
499.911133	37924.171875
498.668945	38200.687500
497.425781	38312.792969
496.183594	38063.058594
494.941406	38116.484375
493.698242	38222.671875
492.455078	38233.042969
491.210938	38218.003906
489.967773	38191.250000
488.723633	38459.468750
487.479492	38044.011719
486.235352	38439.082031
484.990234	38449.390625
483.745117	38049.781250
482.500000	38780.296875
481.254883	38751.503906
480.008789	38611.523438
478.763672	38935.808594
477.517578	38593.027344
476.271484	39143.363281
475.024414	38697.351563
473.777344	38984.339844
472.530273	39008.148438
471.283203	39160.531250
470.036133	39007.031250
468.788086	39319.054688
467.540039	39194.789063
466.291992	39489.132813
465.043945	39421.324219
463.794922	39316.562500
462.545898	39416.140625
461.296875	39568.199219
460.047852	39609.339844
458.797852	39876.035156
457.547852	39994.867188
456.297852	39851.226563
455.047852	40263.480469
453.796875	40494.867188
452.545898	40500.800781
451.294922	40378.535156
450.043945	40949.617188
448.792969	40970.992188
447.541016	41367.023438
446.289063	41547.460938
445.036133	42102.355469
443.784180	41783.953125
442.531250	42132.968750
441.278320	42124.992188
440.025391	41612.851563
438.771484	41540.992188
437.518555	41116.378906
436.264648	40707.425781
435.010742	40474.949219
433.755859	39727.250000
432.500977	39835.937500
431.246094	39661.851563
429.991211	39662.078125
428.736328	39731.996094
427.480469	39714.789063
426.224609	39614.378906
424.968750	39041.941406
423.712891	39003.593750
422.456055	38899.503906
421.199219	39075.820313
419.942383	38985.281250
418.685547	39329.671875
417.427734	38920.257813
416.169922	38883.894531
414.912109	38899.703125
413.654297	38817.000000
412.395508	38867.570313
411.136719	38703.812500
409.877930	38773.683594
408.619141	38945.812500
407.359375	39025.253906
406.099609	39286.007813
404.839844	38964.152344
403.580078	38727.273438
402.319336	38924.304688
401.059570	39317.882813
