#Wave		#Intensity
2001.248047	37567.816406
2000.278320	37497.632813
1999.308594	37526.175781
1998.338867	37727.593750
1997.369141	37595.746094
1996.398438	37516.542969
1995.428711	37800.496094
1994.458008	37969.167969
1993.487305	37584.515625
1992.516602	38091.074219
1991.545898	37638.960938
1990.574219	37935.148438
1989.603516	38411.355469
1988.631836	38174.527344
1987.660156	37477.628906
1986.688477	37618.605469
1985.715820	37534.535156
1984.744141	37997.890625
1983.771484	37583.898438
1982.798828	38064.570313
1981.826172	38025.445313
1980.853516	38073.750000
1979.880859	37889.789063
1978.907227	38377.554688
1977.933594	38256.011719
1976.959961	38092.074219
1975.986328	37888.265625
1975.012695	38188.546875
1974.039063	37972.316406
1973.064453	38187.671875
1972.089844	38253.316406
1971.115234	38189.281250
1970.140625	38182.605469
1969.166016	38377.828125
1968.190430	37974.871094
1967.215820	38192.484375
1966.240234	38459.839844
1965.264648	38468.062500
1964.289063	38349.265625
1963.312500	38036.296875
1962.336914	38166.570313
1961.360352	37918.453125
1960.383789	38514.070313
1959.407227	38656.625000
1958.430664	38154.800781
1957.454102	38513.761719
1956.476563	38278.230469
1955.499023	38186.996094
1954.521484	38326.988281
1953.543945	38790.058594
1952.566406	38646.589844
1951.587891	38359.050781
1950.610352	38712.562500
1949.631836	38521.980469
1948.653320	38314.082031
1947.674805	38528.363281
1946.696289	38705.328125
1945.716797	38514.875000
1944.737305	38242.593750
1943.758789	38660.191406
1942.779297	38440.074219
1941.798828	38014.164063
1940.819336	38476.214844
1939.838867	38546.343750
1938.859375	38452.828125
1937.878906	38483.273438
1936.898438	38707.007813
1935.916992	38717.574219
1934.936523	38482.878906
1933.955078	38808.042969
1932.974609	38662.562500
1931.993164	38678.074219
1931.010742	38649.019531
1930.029297	38887.289063
1929.047852	38969.566406
1928.065430	39002.328125
1927.083008	39025.183594
1926.100586	38681.957031
1925.118164	38843.343750
1924.135742	38782.140625
1923.152344	38995.363281
1922.168945	38793.265625
1921.185547	38660.433594
1920.202148	39083.582031
1919.218750	38884.042969
1918.235352	39109.402344
1917.250977	38912.394531
1916.266602	38668.539063
1915.282227	38933.312500
1914.297852	38793.203125
1913.313477	38993.695313
1912.328125	38898.035156
1911.343750	39394.468750
1910.358398	38827.664063
1909.373047	39299.273438
1908.387695	39188.824219
1907.401367	39085.808594
1906.416016	39046.910156
1905.429688	39333.320313
1904.443359	39508.750000
1903.457031	39208.664063
1902.470703	38620.507813
1901.483398	38857.531250
1900.497070	39060.000000
1899.509766	39498.722656
1898.522461	39142.285156
1897.535156	39292.914063
1896.546875	38877.585938
1895.559570	39557.105469
1894.571289	39208.281250
1893.583008	39014.503906
1892.594727	39046.996094
1891.606445	39148.308594
1890.618164	39851.757813
1889.628906	39739.093750
1888.639648	39601.898438
1887.650391	39211.718750
1886.661133	39502.027344
1885.671875	39119.371094
1884.682617	39215.625000
1883.692383	39277.472656
1882.702148	39736.914063
1881.711914	39278.402344
1880.721680	39727.867188
1879.731445	39671.824219
1878.740234	39892.957031
1877.749023	39471.519531
1876.757813	39896.109375
1875.766602	39822.910156
1874.775391	39632.093750
1873.784180	39598.175781
1872.791992	39620.621094
1871.799805	39910.070313
1870.807617	39484.234375
1869.815430	39883.800781
1868.823242	39651.542969
1867.830078	39896.710938
1866.837891	40168.718750
1865.844727	39978.125000
1864.851563	40034.714844
1863.858398	39692.542969
1862.864258	39954.605469
1861.871094	40113.867188
1860.876953	40011.460938
1859.882813	40153.542969
1858.888672	40068.269531
1857.894531	40122.316406
1856.899414	40337.597656
1855.905273	40257.218750
1854.910156	40799.671875
1853.915039	40711.914063
1852.919922	40270.164063
1851.923828	40148.351563
1850.928711	40685.554688
1849.932617	40388.011719
1848.936523	40346.750000
1847.940430	41108.050781
1846.944336	40559.378906
1845.947266	40857.054688
1844.951172	40688.953125
1843.954102	40898.746094
1842.957031	40786.746094
1841.959961	40801.500000
1840.962891	41140.285156
1839.964844	40891.886719
1838.966797	41021.078125
1837.969727	41527.656250
1836.970703	41320.707031
1835.972656	41732.117188
1834.974609	41481.394531
1833.975586	41890.195313
1832.976563	41101.851563
1831.978516	41221.105469
1830.978516	41301.402344
1829.979492	42103.867188
1828.980469	42094.023438
1827.980469	41741.437500
1826.980469	41952.820313
1825.980469	41588.230469
1824.980469	41789.843750
1823.979492	42008.386719
1822.979492	42102.992188
1821.978516	41855.179688
1820.977539	41918.214844
1819.976563	41891.410156
1818.975586	42063.625000
1817.973633	42102.316406
1816.972656	41956.613281
1815.970703	42245.148438
1814.968750	42261.957031
1813.966797	41975.656250
1812.963867	42547.683594
1811.961914	41997.222656
1810.958984	42384.855469
1809.956055	42319.230469
1808.953125	42706.664063
1807.950195	42478.710938
1806.946289	42773.949219
1805.943359	42538.800781
1804.939453	42175.417969
1803.935547	42823.945313
1802.930664	42724.433594
1801.926758	42683.023438
1800.922852	42856.941406
1799.917969	43209.785156
1798.913086	42573.382813
1797.908203	43124.425781
1796.903320	43380.332031
1795.897461	43558.796875
1794.891602	43113.695313
1793.886719	43717.402344
1792.880859	43226.523438
1791.874023	43438.699219
1790.868164	43839.167969
1789.862305	43998.035156
1788.855469	43729.546875
1787.848633	43618.042969
1786.841797	43960.269531
1785.833984	43856.000000
1784.827148	44282.496094
1783.819336	44004.535156
1782.812500	44401.914063
1781.804688	44386.843750
1780.795898	44745.437500
1779.788086	44489.277344
1778.779297	44177.781250
1777.771484	44516.941406
1776.762695	44542.808594
1775.753906	44879.371094
1774.744141	45100.222656
1773.735352	44632.378906
1772.725586	44961.523438
1771.715820	45088.367188
1770.706055	44976.925781
1769.696289	45390.042969
1768.686523	45497.492188
1767.675781	45162.351563
1766.666016	45515.089844
1765.655273	45824.421875
1764.644531	45143.226563
1763.632813	45536.636719
1762.622070	45643.937500
1761.610352	46159.648438
1760.598633	45841.605469
1759.586914	45828.703125
1758.575195	46164.000000
1757.563477	46160.640625
1756.550781	46224.500000
1755.538086	46597.945313
1754.525391	46568.113281
1753.512695	46451.914063
1752.500000	46726.761719
1751.486328	47119.035156
1750.473633	46719.835938
1749.459961	47001.679688
1748.446289	47295.406250
1747.432617	47306.218750
1746.417969	47460.800781
1745.404297	47629.699219
1744.389648	47424.851563
1743.375000	47725.421875
1742.360352	47772.054688
1741.344727	48158.640625
1740.330078	48267.417969
1739.314453	47947.746094
1738.298828	48693.027344
1737.283203	48868.632813
1736.267578	48529.882813
1735.251953	48698.277344
1734.235352	49395.066406
1733.218750	49235.703125
1732.202148	49662.035156
1731.185547	49677.148438
1730.168945	50251.394531
1729.151367	50177.996094
1728.133789	50398.425781
1727.117188	50444.433594
1726.098633	50870.089844
1725.081055	51329.011719
1724.063477	51179.093750
1723.044922	52143.746094
1722.026367	52024.750000
1721.007813	52304.210938
1719.989258	52688.519531
1718.970703	53010.683594
1717.951172	53065.675781
1716.931641	52870.328125
1715.912109	53583.191406
1714.892578	53254.355469
1713.873047	53330.703125
1712.853516	53733.398438
1711.833008	53483.304688
1710.812500	53571.472656
1709.791992	53211.964844
1708.771484	53571.535156
1707.750000	53547.761719
1706.729492	53445.460938
1705.708008	53566.855469
1704.686523	53424.140625
1703.665039	53595.441406
1702.642578	53471.792969
1701.621094	53685.820313
1700.598633	53267.414063
1699.576172	53250.839844
1698.553711	53381.609375
1697.531250	52756.761719
1696.507813	53184.515625
1695.485352	52645.425781
1694.461914	52814.195313
1693.438477	53498.132813
1692.415039	53016.242188
1691.390625	53163.488281
1690.367188	53317.800781
1689.342773	52852.796875
1688.318359	52945.429688
1687.293945	52943.152344
1686.269531	53355.867188
1685.244141	53009.726563
1684.218750	53128.332031
1683.194336	53078.613281
1682.168945	52993.367188
1681.142578	53002.917969
1680.117188	53472.019531
1679.090820	53396.214844
1678.064453	53235.187500
1677.038086	53341.753906
1676.011719	53228.128906
1674.985352	53266.015625
1673.958008	53725.097656
1672.931641	53720.292969
1671.904297	53604.308594
1670.876953	53779.265625
1669.848633	54159.886719
1668.821289	54020.238281
1667.792969	54291.941406
1666.764648	54440.648438
1665.736328	54017.460938
1664.708008	54201.597656
1663.679688	54300.628906
1662.650391	54737.347656
1661.621094	54904.722656
1660.591797	54401.546875
1659.562500	55137.789063
1658.533203	54710.269531
1657.502930	55269.214844
1656.472656	55063.582031
1655.442383	55353.363281
1654.412109	55154.863281
1653.381836	55390.285156
1652.351563	55498.320313
1651.320313	55146.679688
1650.289063	55513.945313
1649.257813	55883.437500
1648.226563	55656.769531
1647.194336	55837.664063
1646.163086	56369.390625
1645.130859	55810.753906
1644.098633	56156.308594
1643.066406	56299.320313
1642.033203	56162.230469
1641.000977	56262.832031
1639.967773	56706.859375
1638.934570	57190.710938
1637.901367	56769.000000
1636.868164	57005.785156
1635.833984	57374.128906
1634.800781	57446.191406
1633.766602	57374.871094
1632.732422	58182.316406
1631.697266	57836.039063
1630.663086	58358.910156
1629.627930	58696.078125
1628.593750	58523.632813
1627.558594	58938.113281
1626.522461	58758.636719
1625.487305	59222.203125
1624.451172	59373.554688
1623.416016	59245.695313
1622.379883	60351.558594
1621.343750	60275.156250
1620.306641	61364.023438
1619.270508	62588.460938
1618.233398	63109.347656
1617.196289	64061.207031
1616.159180	65338.390625
1615.122070	66633.851563
1614.083984	68256.742188
1613.046875	69075.867188
1612.008789	70662.617188
1610.970703	70893.484375
1609.932617	70897.242188
1608.893555	70496.179688
1607.855469	69788.773438
1606.816406	69834.820313
1605.777344	68129.156250
1604.738281	67511.398438
1603.698242	66482.390625
1602.659180	65951.632813
1601.619141	64902.230469
1600.579102	64320.527344
1599.539063	64000.683594
1598.499023	63708.984375
1597.458008	63277.261719
1596.417969	62766.300781
1595.376953	61998.718750
1594.335938	62354.128906
1593.294922	61635.898438
1592.252930	61391.582031
1591.210938	61002.710938
1590.169922	60170.804688
1589.127930	60656.804688
1588.084961	60275.261719
1587.042969	59984.765625
1586.000000	59838.882813
1584.958008	60103.199219
1583.915039	60150.730469
1582.872070	60163.300781
1581.828125	60203.812500
1580.785156	60195.402344
1579.741211	60324.363281
1578.697266	59736.285156
1577.653320	60644.984375
1576.609375	60545.738281
1575.564453	60965.367188
1574.520508	61080.105469
1573.475586	61420.410156
1572.430664	61260.621094
1571.384766	61905.339844
1570.339844	61994.250000
1569.293945	61378.902344
1568.249023	62039.511719
1567.202148	61449.929688
1566.156250	61397.148438
1565.110352	60348.027344
1564.063477	60711.113281
1563.017578	59948.050781
1561.970703	60123.046875
1560.922852	60889.800781
1559.875977	60113.183594
1558.829102	60325.171875
1557.781250	60569.554688
1556.733398	60125.050781
1555.685547	60529.375000
1554.636719	60365.550781
1553.588867	60007.078125
1552.540039	60288.367188
1551.491211	60333.210938
1550.442383	59824.339844
1549.393555	60144.882813
1548.344727	59580.640625
1547.294922	59750.605469
1546.245117	59260.710938
1545.195313	59500.105469
1544.145508	59202.507813
1543.094727	59451.074219
1542.044922	59098.066406
1540.994141	59200.839844
1539.943359	59109.320313
1538.892578	58828.230469
1537.840820	58935.613281
1536.790039	59299.515625
1535.738281	59293.535156
1534.686523	59343.007813
1533.634766	58724.843750
1532.583008	59139.324219
1531.530273	59052.542969
1530.477539	59041.984375
1529.424805	58715.167969
1528.372070	58633.117188
1527.319336	58599.554688
1526.265625	58261.453125
1525.212891	58500.164063
1524.159180	58625.773438
1523.105469	58223.273438
1522.051758	58796.160156
1520.997070	58329.226563
1519.942383	58210.464844
1518.888672	58257.660156
1517.833984	58003.019531
1516.778320	58029.496094
1515.723633	57818.742188
1514.667969	57895.898438
1513.612305	57662.214844
1512.556641	57511.484375
1511.500977	58019.011719
1510.445313	58008.625000
1509.388672	57402.382813
1508.332031	57557.718750
1507.275391	57821.089844
1506.218750	57893.511719
1505.162109	57604.972656
1504.104492	57592.359375
1503.047852	58007.199219
1501.990234	57443.062500
1500.931641	57800.343750
1499.874023	57686.628906
1498.816406	57318.042969
1497.757813	58109.109375
1496.699219	58107.882813
1495.640625	57879.421875
1494.582031	57738.246094
1493.522461	58049.121094
1492.462891	57614.328125
1491.403320	57477.855469
1490.343750	57206.128906
1489.284180	57693.414063
1488.224609	57646.394531
1487.164063	57438.957031
1486.103516	57357.621094
1485.042969	57214.453125
1483.982422	57050.718750
1482.920898	57120.652344
1481.860352	56336.421875
1480.798828	56866.644531
1479.737305	57057.886719
1478.675781	56601.363281
1477.613281	57046.582031
1476.550781	57235.394531
1475.489258	56497.722656
1474.426758	56798.625000
1473.363281	56658.101563
1472.300781	56378.164063
1471.237305	57115.511719
1470.174805	56323.660156
1469.111328	56729.421875
1468.046875	56732.953125
1466.983398	56864.390625
1465.919922	56847.335938
1464.855469	57177.355469
1463.791016	57274.394531
1462.726563	57013.039063
1461.661133	57543.667969
1460.596680	57161.421875
1459.531250	57899.429688
1458.465820	57736.214844
1457.400391	57778.304688
1456.334961	57852.292969
1455.268555	57803.152344
1454.202148	58114.152344
1453.135742	58062.699219
1452.069336	57690.000000
1451.002930	58135.246094
1449.935547	57544.015625
1448.869141	58191.792969
1447.801758	58087.996094
1446.734375	58200.488281
1445.666016	58699.851563
1444.598633	58288.808594
1443.530273	58699.242188
1442.461914	58938.921875
1441.393555	59474.175781
1440.325195	59781.839844
1439.256836	59459.625000
1438.187500	59519.410156
1437.118164	59908.710938
1436.048828	60461.476563
1434.979492	60271.128906
1433.909180	61421.027344
1432.839844	61557.609375
1431.769531	60754.078125
1430.699219	61247.156250
1429.627930	61442.703125
1428.557617	61806.117188
1427.486328	61264.050781
1426.416016	61287.062500
1425.343750	61491.527344
1424.272461	61215.132813
1423.201172	61256.277344
1422.128906	60531.156250
1421.056641	60955.453125
1419.984375	60810.785156
1418.912109	60786.253906
1417.839844	60752.667969
1416.766602	60304.601563
1415.693359	60108.058594
1414.620117	60536.488281
1413.546875	60296.960938
1412.473633	59831.179688
1411.399414	60420.089844
1410.325195	60472.566406
1409.250977	60233.210938
1408.176758	60887.312500
1407.102539	60932.886719
1406.027344	60745.570313
1404.952148	60870.265625
1403.876953	61162.156250
1402.801758	61257.351563
1401.726563	61210.175781
1400.650391	61617.042969
1399.574219	61612.726563
1398.498047	61226.796875
1397.421875	61741.800781
1396.345703	61769.054688
1395.268555	61694.738281
1394.191406	62171.011719
1393.114258	62331.273438
1392.037109	62338.089844
1390.959961	62448.640625
1389.881836	62906.390625
1388.804688	62653.835938
1387.726563	63444.964844
1386.647461	63717.484375
1385.569336	63926.812500
1384.491211	64210.406250
1383.412109	64511.914063
1382.333008	64556.585938
1381.253906	64997.511719
1380.173828	65100.605469
1379.094727	65169.898438
1378.014648	65218.910156
1376.934570	65632.390625
1375.854492	65706.039063
1374.773438	65278.105469
1373.693359	64240.929688
1372.612305	64449.679688
1371.531250	64716.796875
1370.450195	64651.187500
1369.369141	64385.609375
1368.287109	63742.679688
1367.205078	63661.550781
1366.123047	63569.214844
1365.041016	63216.441406
1363.958984	63438.523438
1362.875977	62798.578125
1361.793945	62461.832031
1360.710938	62367.539063
1359.626953	62152.136719
1358.543945	62253.070313
1357.460938	62120.738281
1356.376953	61649.871094
1355.292969	61638.746094
1354.208984	61551.414063
1353.124023	61013.667969
1352.040039	61300.656250
1350.955078	61600.976563
1349.870117	61278.527344
1348.785156	60718.812500
1347.700195	60584.707031
1346.614258	60752.855469
1345.528320	60088.335938
1344.442383	60516.089844
1343.356445	61057.792969
1342.270508	60315.277344
1341.183594	60919.441406
1340.096680	60655.750000
1339.009766	60072.441406
1337.922852	60461.718750
1336.835938	60631.828125
1335.748047	60413.062500
1334.661133	60560.773438
1333.573242	60397.937500
1332.484375	60608.125000
1331.396484	60583.773438
1330.307617	61126.492188
1329.219727	60898.929688
1328.130859	61113.328125
1327.041992	60903.695313
1325.952148	61026.542969
1324.863281	60843.761719
1323.773438	60493.789063
1322.683594	60855.210938
1321.593750	60728.289063
1320.502930	61149.714844
1319.413086	60938.093750
1318.322266	61062.988281
1317.231445	60918.285156
1316.140625	60775.859375
1315.048828	61702.382813
1313.958008	61210.304688
1312.866211	60932.105469
1311.774414	61177.035156
1310.682617	61328.414063
1309.589844	61157.128906
1308.498047	61588.734375
1307.405273	61650.984375
1306.312500	61622.042969
1305.218750	61750.957031
1304.125977	61595.296875
1303.032227	61913.074219
1301.939453	61659.667969
1300.845703	61946.207031
1299.750977	62321.492188
1298.657227	62432.359375
1297.562500	62234.539063
1296.467773	62638.421875
1295.373047	62567.152344
1294.278320	63159.457031
1293.183594	63052.613281
1292.087891	63360.648438
1290.992188	63307.035156
1289.896484	63399.796875
1288.800781	63452.617188
1287.704102	63334.718750
1286.608398	62977.484375
1285.511719	63830.324219
1284.415039	63652.593750
1283.317383	63260.042969
1282.220703	62852.128906
1281.123047	62617.085938
1280.025391	62021.242188
1278.927734	62793.625000
1277.830078	61857.121094
1276.731445	62000.808594
1275.633789	61646.652344
1274.535156	61668.660156
1273.436523	61279.296875
1272.336914	61263.765625
1271.238281	60951.992188
1270.138672	60856.945313
1269.039063	60540.933594
1267.939453	60101.292969
1266.839844	60264.925781
1265.739258	60125.886719
1264.638672	59845.558594
1263.538086	59984.851563
1262.437500	59464.015625
1261.336914	59614.359375
1260.235352	59559.410156
1259.134766	59208.820313
1258.033203	58538.488281
1256.930664	59096.914063
1255.829102	58839.210938
1254.726563	58835.148438
1253.625000	58465.156250
1252.522461	58388.429688
1251.418945	58560.734375
1250.316406	58481.808594
1249.212891	58365.460938
1248.110352	58711.656250
1247.006836	57888.460938
1245.902344	58252.226563
1244.798828	57889.460938
1243.694336	58092.429688
1242.589844	57923.457031
1241.485352	58022.941406
1240.380859	58313.750000
1239.276367	58217.394531
1238.170898	58274.988281
1237.065430	58191.855469
1235.959961	57983.468750
1234.854492	57632.308594
1233.748047	57558.121094
1232.642578	57510.324219
1231.536133	58079.730469
1230.429688	57566.292969
1229.322266	57630.484375
1228.215820	57288.539063
1227.108398	57493.222656
1226.000977	57410.359375
1224.893555	56822.898438
1223.786133	57181.101563
1222.677734	57328.625000
1221.569336	56962.968750
1220.460938	56555.785156
1219.352539	57251.339844
1218.244141	56550.570313
1217.134766	56457.023438
1216.025391	56424.851563
1214.916016	56548.210938
1213.806641	56708.750000
1212.697266	56087.531250
1211.586914	56885.164063
1210.476563	56531.171875
1209.366211	55938.765625
1208.255859	56046.746094
1207.145508	56439.078125
1206.034180	55840.445313
1204.922852	56322.328125
1203.811523	56344.878906
1202.700195	55991.417969
1201.587891	56062.101563
1200.476563	55979.789063
1199.364258	56542.035156
1198.251953	56523.011719
1197.138672	56897.121094
1196.026367	56878.031250
1194.913086	56738.867188
1193.799805	56647.773438
1192.686523	57250.738281
1191.573242	56897.730469
1190.458984	57218.992188
1189.344727	56839.937500
1188.230469	56663.839844
1187.116211	56594.652344
1186.001953	56416.480469
1184.886719	56345.175781
1183.772461	56568.101563
1182.657227	56143.808594
1181.541016	55761.058594
1180.425781	56097.222656
1179.309570	56250.332031
1178.193359	55959.210938
1177.077148	55920.718750
1175.960938	56315.363281
1174.844727	55787.187500
1173.727539	55648.652344
1172.610352	55310.039063
1171.493164	55761.046875
1170.375977	55342.074219
1169.257813	55334.160156
1168.139648	55356.683594
1167.022461	54987.992188
1165.903320	54710.695313
1164.785156	54622.507813
1163.666992	54729.847656
1162.547852	54997.859375
1161.428711	54534.015625
1160.309570	54934.386719
1159.189453	54828.863281
1158.070313	55083.628906
1156.950195	55305.750000
1155.830078	54679.558594
1154.709961	54908.175781
1153.588867	54887.316406
1152.468750	54905.492188
1151.347656	54498.769531
1150.226563	54410.800781
1149.104492	55191.835938
1147.983398	55348.597656
1146.861328	55113.210938
1145.739258	54936.386719
1144.617188	55448.230469
1143.495117	55169.648438
1142.372070	55237.507813
1141.250000	56121.261719
1140.126953	56390.156250
1139.003906	56256.546875
1137.879883	56432.300781
1136.756836	56417.675781
1135.632813	56576.035156
1134.508789	56697.578125
1133.384766	56378.132813
1132.259766	56108.507813
1131.135742	56243.031250
1130.010742	56578.406250
1128.885742	56326.164063
1127.759766	56553.425781
1126.634766	56404.910156
1125.508789	56435.625000
1124.382813	56099.406250
1123.256836	56337.324219
1122.130859	55968.878906
1121.003906	55893.937500
1119.877930	55931.175781
1118.750977	56013.675781
1117.624023	55395.460938
1116.496094	55281.867188
1115.369141	55439.871094
1114.241211	55016.019531
1113.113281	55619.964844
1111.985352	55140.226563
1110.856445	54723.113281
1109.728516	54868.140625
1108.599609	54929.152344
1107.470703	55043.953125
1106.340820	55175.921875
1105.211914	55245.441406
1104.082031	55022.367188
1102.952148	54878.953125
1101.822266	55466.742188
1100.692383	55065.285156
1099.561523	55001.472656
1098.431641	55427.714844
1097.300781	55307.984375
1096.169922	55499.824219
1095.038086	55397.300781
1093.907227	55032.796875
1092.775391	55185.921875
1091.643555	55100.679688
1090.511719	54983.273438
1089.378906	54831.566406
1088.246094	54488.941406
1087.114258	55150.460938
1085.980469	55449.238281
1084.847656	54600.566406
1083.714844	54903.621094
1082.581055	55082.218750
1081.447266	55310.050781
1080.313477	54830.609375
1079.179688	55032.687500
1078.044922	55232.546875
1076.910156	55141.042969
1075.775391	55023.875000
1074.640625	54975.257813
1073.505859	54729.718750
1072.370117	55173.425781
1071.234375	55092.703125
1070.098633	55082.613281
1068.962891	55273.593750
1067.826172	55113.757813
1066.690430	55208.437500
1065.553711	55285.972656
1064.416992	54856.890625
1063.279297	55451.640625
1062.142578	55120.972656
1061.004883	55352.273438
1059.867188	55427.566406
1058.729492	55039.414063
1057.590820	55027.191406
1056.453125	55211.367188
1055.314453	55186.304688
1054.175781	54911.570313
1053.037109	55547.980469
1051.897461	55326.609375
1050.757813	55563.867188
1049.618164	55248.742188
1048.478516	55652.222656
1047.338867	55326.535156
1046.199219	55619.023438
1045.058594	55949.757813
1043.917969	55730.707031
1042.777344	55339.203125
1041.635742	55471.738281
1040.495117	55604.222656
1039.353516	55008.570313
1038.211914	55530.605469
1037.069336	55099.046875
1035.927734	55418.734375
1034.785156	55244.757813
1033.642578	55049.574219
1032.500000	55360.578125
1031.357422	55550.273438
1030.213867	55637.863281
1029.071289	55157.937500
1027.927734	55543.062500
1026.783203	55090.945313
1025.639648	55386.714844
1024.495117	54953.906250
1023.351563	55185.882813
1022.207031	55058.980469
1021.061523	55140.144531
1019.916992	55227.640625
1018.771484	55249.324219
1017.625977	55133.101563
1016.480469	55369.019531
1015.334961	55242.207031
1014.188477	55573.429688
1013.041992	55573.816406
1011.895508	55296.542969
1010.749023	54862.550781
1009.602539	55208.421875
1008.455078	55028.804688
1007.307617	55219.898438
1006.160156	55260.570313
1005.012695	54909.542969
1003.864258	55843.546875
1002.716797	55156.027344
1001.568359	55632.574219
1000.419922	55658.308594
999.270508	55992.863281
998.122070	55902.199219
996.972656	55913.066406
995.823242	55892.210938
994.673828	55706.496094
993.523438	55624.394531
992.373047	55859.261719
991.222656	55707.449219
990.072266	55650.734375
988.921875	55843.222656
987.771484	55780.164063
986.620117	55995.777344
985.468750	55850.394531
984.317383	56167.199219
983.165039	55945.878906
982.013672	56053.710938
980.861328	56024.414063
979.708984	55680.933594
978.555664	55670.683594
977.403320	55864.898438
976.250000	55669.156250
975.096680	55804.296875
973.943359	56097.386719
972.790039	55556.265625
971.635742	55733.464844
970.481445	55937.964844
969.327148	55790.828125
968.172852	56056.277344
967.018555	55540.902344
965.863281	55755.796875
964.708008	55568.824219
963.552734	55653.234375
962.397461	55809.101563
961.241211	55716.824219
960.084961	55843.191406
958.929688	55881.242188
957.772461	55883.550781
956.616211	55505.593750
955.458984	55940.671875
954.301758	55861.058594
953.144531	55787.769531
951.987305	55962.230469
950.830078	55721.027344
949.671875	55333.011719
948.513672	55648.027344
947.355469	55163.667969
946.196289	54931.167969
945.038086	55103.480469
943.878906	55089.125000
942.719727	55196.355469
941.560547	54880.179688
940.400391	54857.484375
939.241211	54774.039063
938.081055	55053.003906
936.919922	54929.753906
935.759766	54917.523438
934.599609	55380.535156
933.438477	55529.394531
932.277344	55169.656250
931.116211	55161.566406
929.954102	55454.726563
928.791992	55325.269531
927.630859	55390.343750
926.467773	55823.378906
925.305664	55495.324219
924.143555	55744.246094
922.980469	56026.511719
921.817383	56321.203125
920.654297	55721.734375
919.490234	56406.921875
918.327148	56667.964844
917.163086	56672.113281
915.999023	56993.539063
914.833984	56891.187500
913.669922	56838.945313
912.504883	57153.894531
911.339844	57910.921875
910.174805	58227.636719
909.008789	58018.800781
907.843750	58629.312500
906.677734	58197.453125
905.511719	58401.339844
904.345703	58630.152344
903.178711	58467.250000
902.011719	57927.425781
900.844727	58058.320313
899.677734	57868.535156
898.510742	57191.730469
897.342773	56766.996094
896.174805	57224.687500
895.006836	57155.855469
893.838867	56978.882813
892.670898	56645.996094
891.501953	56560.667969
890.333008	56859.964844
889.164063	56685.246094
887.994141	56685.152344
886.825195	56982.171875
885.655273	57187.679688
884.485352	56983.941406
883.315430	56921.484375
882.144531	57106.117188
880.973633	57078.941406
879.803711	56661.593750
878.631836	56956.144531
877.460938	56904.109375
876.289063	57737.812500
875.118164	58073.468750
873.945313	58201.644531
872.773438	58487.332031
871.601563	58026.714844
870.428711	57864.691406
869.255859	58050.816406
868.083008	58156.078125
866.910156	58393.855469
865.736328	58252.578125
864.562500	58908.476563
863.388672	59119.066406
862.214844	59737.300781
861.040039	59742.789063
859.866211	59982.062500
858.691406	60076.445313
857.516602	59868.843750
856.340820	59593.078125
855.166016	59193.367188
853.990234	59074.914063
852.814453	59099.101563
851.637695	59245.183594
850.461914	59306.507813
849.285156	59233.550781
848.108398	59429.082031
846.931641	59618.343750
845.754883	60005.707031
844.577148	60054.433594
843.399414	60171.242188
842.221680	60399.414063
841.043945	61083.375000
839.865234	61616.523438
838.687500	62609.304688
837.508789	63409.984375
836.329102	64204.175781
835.150391	64097.468750
833.970703	63961.949219
832.791992	64131.375000
831.611328	63707.531250
830.431641	62764.882813
829.251953	61711.402344
828.071289	61247.062500
826.890625	60439.171875
825.709961	60220.117188
824.528320	59579.363281
823.347656	58671.429688
822.166016	58302.679688
820.984375	58199.324219
819.801758	58176.183594
818.620117	58021.496094
817.437500	57400.347656
816.254883	57369.140625
815.072266	57518.734375
813.888672	56824.070313
812.706055	57111.292969
811.522461	57127.378906
810.338867	56533.757813
809.154297	56761.343750
807.970703	56841.093750
806.786133	56426.347656
805.601563	56268.167969
804.416992	56516.136719
803.231445	56275.972656
802.045898	56691.957031
800.861328	56146.421875
799.674805	56629.898438
798.489258	56119.406250
797.302734	55271.074219
796.117188	55187.062500
794.930664	55152.230469
793.743164	55416.347656
792.556641	55469.507813
791.369141	55170.601563
790.181641	54949.566406
788.994141	54444.214844
787.805664	54462.730469
786.618164	54608.042969
785.429688	54473.152344
784.241211	53939.632813
783.052734	54240.304688
781.863281	54301.746094
780.673828	53511.085938
779.484375	53403.070313
778.294922	53423.777344
777.105469	54059.171875
775.915039	53710.171875
774.724609	53959.441406
773.534180	53455.464844
772.343750	53472.042969
771.152344	53657.960938
769.960938	53813.210938
768.769531	53897.011719
767.578125	53479.148438
766.385742	53689.382813
765.194336	53338.972656
764.001953	53789.636719
762.808594	53954.859375
761.616211	53989.632813
760.422852	54407.328125
759.230469	54042.843750
758.037109	54824.832031
756.842773	55256.378906
755.649414	55317.328125
754.455078	55536.976563
753.260742	55573.425781
752.066406	55827.523438
750.871094	55215.101563
749.676758	55194.648438
748.481445	55007.484375
747.286133	54724.851563
746.089844	54867.078125
744.894531	54163.953125
743.698242	53747.542969
742.501953	53520.187500
741.304688	53433.039063
740.108398	53550.996094
738.911133	53201.992188
737.713867	53169.750000
736.516602	52689.035156
735.319336	52843.554688
734.121094	52847.902344
732.922852	53000.300781
731.724609	52280.687500
730.526367	52453.402344
729.327148	52571.324219
728.127930	52393.304688
726.928711	52446.347656
725.729492	51802.453125
724.530273	51661.128906
723.330078	51987.667969
722.129883	52196.644531
720.929688	52298.246094
719.728516	51610.441406
718.528320	52143.144531
717.327148	51732.804688
716.125977	51419.718750
714.923828	51351.468750
713.722656	51404.566406
712.520508	51615.343750
711.318359	51195.367188
710.116211	51666.804688
708.913086	51327.796875
707.710938	51271.750000
706.507813	51215.718750
705.304688	51446.472656
704.100586	51398.500000
702.897461	51261.718750
701.693359	51288.476563
700.489258	51272.839844
699.284180	50712.457031
698.080078	51175.015625
696.875000	50770.152344
695.669922	51375.687500
694.464844	51226.976563
693.258789	51308.113281
692.053711	51173.574219
690.847656	50938.332031
689.641602	51212.871094
688.434570	51203.296875
687.228516	51632.742188
686.021484	51363.355469
684.814453	51671.816406
683.607422	51283.769531
682.399414	50750.972656
681.191406	51043.277344
679.983398	51218.796875
678.775391	51122.738281
677.567383	51310.238281
676.358398	51135.781250
675.149414	51588.535156
673.940430	51166.898438
672.730469	51207.558594
671.521484	51451.105469
670.311523	51616.226563
669.101563	51337.468750
667.890625	51448.332031
666.680664	50940.859375
665.469727	51117.984375
664.258789	50939.855469
663.047852	50982.484375
661.835938	51181.558594
660.625000	50883.175781
659.413086	50590.917969
658.201172	50868.136719
656.988281	50563.960938
655.776367	50105.582031
654.563477	50593.113281
653.350586	50559.601563
652.136719	49851.105469
650.923828	50430.523438
649.709961	49794.394531
648.496094	49781.062500
647.282227	49927.851563
646.067383	50366.734375
644.852539	50301.281250
643.637695	50005.808594
642.422852	49738.449219
641.208008	50313.000000
639.992188	49705.816406
638.776367	49924.363281
637.560547	49755.132813
636.344727	50151.414063
635.127930	49904.289063
633.911133	50002.789063
632.694336	50175.136719
631.477539	49842.285156
630.259766	49900.812500
629.042969	49208.886719
627.825195	49876.113281
626.606445	49910.652344
625.388672	49991.054688
624.169922	49439.222656
622.951172	49447.894531
621.732422	49510.386719
620.513672	49435.324219
619.293945	49286.554688
618.074219	49010.316406
616.854492	49572.847656
615.634766	49300.640625
614.414063	49241.609375
613.193359	48951.640625
611.972656	49237.062500
610.751953	49144.230469
609.530273	48916.125000
608.309570	49312.792969
607.087891	49156.343750
605.866211	49318.144531
604.643555	48871.449219
603.420898	48862.273438
602.198242	49322.171875
600.975586	49028.738281
599.752930	48747.332031
598.529297	49117.593750
597.305664	48885.925781
596.082031	48878.730469
594.858398	48518.140625
593.633789	49041.000000
592.410156	48799.589844
591.185547	48951.144531
589.959961	49336.734375
588.735352	48782.003906
587.509766	48856.128906
586.284180	49114.617188
585.058594	48387.769531
583.832031	48620.476563
582.606445	48831.300781
581.379883	48483.324219
580.153320	49108.093750
578.925781	48554.222656
577.699219	48709.445313
576.471680	49088.320313
575.244141	48914.800781
574.015625	48577.082031
572.788086	49351.492188
571.559570	49122.625000
570.331055	48970.976563
569.101563	48797.628906
567.873047	48853.695313
566.643555	48759.503906
565.414063	48708.824219
564.184570	48899.242188
562.954102	48836.695313
561.724609	48270.472656
560.494141	48642.550781
559.263672	49150.730469
558.032227	48507.765625
556.800781	48439.421875
555.570313	48675.011719
554.337891	48133.117188
553.106445	48678.386719
551.874023	48483.820313
550.642578	48328.769531
549.409180	48303.894531
548.176758	47892.671875
546.944336	48003.875000
545.710938	47825.371094
544.477539	48306.921875
543.243164	48165.851563
542.009766	48381.285156
540.775391	48289.472656
539.541016	47996.894531
538.306641	47830.390625
537.071289	48128.367188
535.836914	47979.605469
534.601563	47986.304688
533.366211	48549.589844
532.129883	48276.941406
530.894531	48010.292969
529.658203	47875.441406
528.421875	48381.320313
527.184570	48427.218750
525.948242	47699.066406
524.710938	48039.695313
523.473633	47881.390625
522.235352	48033.363281
520.998047	48089.085938
519.759766	47550.089844
518.521484	47984.605469
517.283203	48089.347656
516.043945	47956.699219
514.804688	47982.953125
513.565430	47622.910156
512.326172	47878.589844
511.085938	47928.359375
509.846680	48254.429688
508.606445	47988.648438
507.366211	48091.253906
506.125000	47974.453125
504.883789	47953.652344
503.643555	47834.957031
502.401367	47972.742188
501.160156	47777.757813
499.917969	48146.394531
498.675781	47898.625000
497.433594	48098.875000
496.191406	47976.367188
494.948242	47918.421875
493.705078	48339.457031
492.461914	47933.554688
491.218750	48184.406250
489.975586	48370.687500
488.731445	47992.347656
487.487305	48149.292969
486.242188	48386.238281
484.998047	48123.292969
483.752930	48223.511719
482.507813	48048.511719
481.262695	48476.511719
480.016602	48057.667969
478.771484	48306.050781
477.525391	48316.421875
476.278320	48498.363281
475.032227	48594.464844
473.785156	48464.437500
472.538086	49125.613281
471.291016	48847.460938
470.043945	48955.101563
468.795898	48891.312500
467.547852	49294.867188
466.299805	49349.789063
465.051758	49842.640625
463.802734	49702.824219
462.553711	50399.714844
461.304688	50436.871094
460.055664	50351.472656
458.805664	50793.097656
457.555664	50777.652344
456.305664	50682.515625
455.055664	50997.488281
453.804688	51257.933594
452.553711	51335.656250
451.302734	51856.214844
450.051758	52248.402344
448.799805	52737.519531
447.548828	53294.394531
446.296875	53655.019531
445.043945	54221.207031
443.791992	54680.468750
442.539063	54819.480469
441.286133	54553.089844
440.033203	53778.757813
438.779297	53128.792969
437.526367	52585.683594
436.272461	51660.992188
435.017578	50969.160156
433.763672	50194.289063
432.508789	50130.546875
431.253906	49478.125000
429.999023	48942.113281
428.744141	49445.824219
427.488281	49448.066406
426.232422	48836.890625
424.976563	48961.128906
423.720703	48864.804688
422.463867	48853.609375
421.207031	48917.824219
419.950195	48742.292969
418.693359	48532.035156
417.435547	48615.589844
416.177734	48693.320313
414.919922	48745.902344
413.662109	48850.609375
412.403320	48337.347656
411.144531	48559.855469
409.885742	48427.109375
408.626953	48192.121094
407.367188	48659.578125
406.107422	48654.203125
404.847656	48278.496094
403.587891	48386.972656
402.327148	48570.597656
401.067383	48303.066406
