#Wave		#Intensity
2001.182617	36015.855469
2000.212891	36028.386719
1999.243164	35896.792969
1998.273438	35973.214844
1997.303711	35743.972656
1996.333008	36138.492188
1995.363281	36259.902344
1994.392578	36403.800781
1993.421875	36189.660156
1992.451172	36316.000000
1991.479492	36622.480469
1990.508789	35990.550781
1989.537109	36049.308594
1988.566406	36103.042969
1987.594727	35921.679688
1986.622070	36310.464844
1985.650391	36496.617188
1984.677734	36295.281250
1983.706055	36158.988281
1982.733398	36420.027344
1981.760742	36061.417969
1980.788086	35962.699219
1979.814453	35893.984375
1978.841797	36234.777344
1977.868164	36293.351563
1976.894531	36496.675781
1975.920898	36200.808594
1974.947266	36426.531250
1973.972656	36305.406250
1972.999023	36141.921875
1972.024414	36392.468750
1971.049805	36423.507813
1970.075195	36135.437500
1969.099609	36281.164063
1968.125000	36135.265625
1967.149414	36841.558594
1966.173828	36177.433594
1965.198242	35682.917969
1964.222656	36197.160156
1963.247070	36594.195313
1962.270508	36615.179688
1961.294922	36369.828125
1960.318359	36323.648438
1959.341797	36304.851563
1958.364258	36368.160156
1957.387695	36404.082031
1956.410156	36300.726563
1955.433594	36582.800781
1954.456055	36109.031250
1953.478516	36460.636719
1952.500000	36257.929688
1951.522461	36813.125000
1950.543945	36652.660156
1949.565430	36708.339844
1948.586914	36540.496094
1947.608398	36740.187500
1946.629883	36957.179688
1945.650391	36518.832031
1944.671875	36435.507813
1943.692383	36327.398438
1942.712891	36489.734375
1941.733398	36949.648438
1940.752930	36529.035156
1939.773438	36708.601563
1938.792969	36791.417969
1937.812500	36792.410156
1936.832031	36597.628906
1935.851563	36613.519531
1934.870117	36894.472656
1933.888672	36754.261719
1932.908203	36527.417969
1931.926758	36483.882813
1930.945313	36955.273438
1929.962891	36968.601563
1928.981445	36610.718750
1927.999023	37363.906250
1927.016602	36776.007813
1926.034180	36888.289063
1925.051758	37119.226563
1924.069336	36660.250000
1923.085938	37056.777344
1922.102539	37149.152344
1921.119141	36836.207031
1920.135742	36985.410156
1919.152344	36682.484375
1918.168945	36760.035156
1917.184570	37128.953125
1916.200195	37006.398438
1915.215820	37098.656250
1914.231445	37084.750000
1913.247070	37534.785156
1912.261719	36800.339844
1911.276367	36759.347656
1910.291992	36804.699219
1909.306641	36623.156250
1908.320313	36947.125000
1907.334961	37029.390625
1906.348633	37456.691406
1905.363281	37201.226563
1904.376953	37327.750000
1903.390625	37131.515625
1902.403320	37218.597656
1901.416992	37271.171875
1900.429688	37099.667969
1899.443359	37120.238281
1898.456055	37414.000000
1897.467773	37621.531250
1896.480469	37226.183594
1895.493164	37227.031250
1894.504883	37459.074219
1893.516602	37363.972656
1892.528320	37517.226563
1891.540039	37591.765625
1890.550781	37403.289063
1889.562500	37566.281250
1888.573242	37419.640625
1887.583984	37725.050781
1886.594727	37521.941406
1885.605469	37770.742188
1884.615234	37594.699219
1883.625000	37678.925781
1882.635742	36965.445313
1881.645508	37589.621094
1880.654297	37298.410156
1879.664063	37681.902344
1878.673828	37633.589844
1877.682617	37786.371094
1876.691406	37622.820313
1875.700195	37792.710938
1874.708984	37597.347656
1873.716797	37659.359375
1872.725586	37900.199219
1871.733398	37616.730469
1870.741211	37930.968750
1869.749023	38054.089844
1868.755859	37878.464844
1867.763672	38307.539063
1866.770508	38136.824219
1865.777344	38120.332031
1864.784180	37922.796875
1863.791016	37837.851563
1862.797852	38254.320313
1861.803711	37638.703125
1860.809570	37688.320313
1859.815430	37894.363281
1858.821289	38327.632813
1857.827148	37995.890625
1856.832031	38363.019531
1855.837891	37936.117188
1854.842773	38312.894531
1853.847656	38108.359375
1852.852539	38177.343750
1851.856445	37985.109375
1850.861328	38222.492188
1849.865234	38208.449219
1848.869141	37794.285156
1847.873047	38368.199219
1846.876953	38717.527344
1845.879883	38225.460938
1844.883789	38230.925781
1843.886719	38272.953125
1842.889648	38473.378906
1841.892578	38744.398438
1840.895508	38915.429688
1839.897461	38928.070313
1838.899414	38823.800781
1837.901367	38661.125000
1836.903320	38539.894531
1835.905273	38783.828125
1834.907227	38927.894531
1833.908203	38981.875000
1832.909180	38904.457031
1831.910156	38980.312500
1830.911133	39377.167969
1829.912109	39090.601563
1828.912109	39025.367188
1827.913086	39300.464844
1826.913086	38773.453125
1825.913086	39420.269531
1824.913086	39248.121094
1823.912109	38993.445313
1822.912109	39197.867188
1821.911133	39254.093750
1820.910156	39370.996094
1819.909180	39444.164063
1818.908203	39102.300781
1817.906250	39580.707031
1816.904297	39377.222656
1815.903320	39530.375000
1814.900391	39101.425781
1813.898438	39526.144531
1812.896484	39104.617188
1811.893555	39386.171875
1810.891602	39447.085938
1809.888672	39258.402344
1808.885742	39425.914063
1807.881836	39646.652344
1806.878906	39700.207031
1805.875000	39971.664063
1804.871094	39850.832031
1803.867188	39267.726563
1802.863281	39916.644531
1801.859375	39844.273438
1800.854492	39617.097656
1799.849609	40222.066406
1798.844727	39782.085938
1797.839844	39956.414063
1796.834961	39685.859375
1795.830078	39966.492188
1794.824219	39879.691406
1793.818359	39814.667969
1792.812500	39913.941406
1791.806641	40520.406250
1790.799805	40187.238281
1789.793945	40296.042969
1788.787109	40404.812500
1787.780273	40281.824219
1786.773438	40301.261719
1785.766602	40436.507813
1784.758789	40185.718750
1783.751953	40390.878906
1782.744141	40280.054688
1781.736328	40528.523438
1780.728516	40010.300781
1779.719727	40357.546875
1778.711914	40393.800781
1777.703125	40480.636719
1776.694336	40379.539063
1775.685547	40690.339844
1774.676758	40875.804688
1773.666992	40837.289063
1772.657227	40842.113281
1771.648438	40897.476563
1770.638672	40856.566406
1769.627930	40791.605469
1768.618164	40702.609375
1767.607422	41068.218750
1766.597656	41135.511719
1765.586914	41125.839844
1764.576172	41375.792969
1763.564453	41825.140625
1762.553711	41426.054688
1761.541992	41421.136719
1760.530273	41776.550781
1759.518555	41783.578125
1758.506836	41877.050781
1757.495117	41908.062500
1756.482422	42385.558594
1755.469727	42284.460938
1754.457031	42260.191406
1753.444336	42389.476563
1752.431641	42710.617188
1751.417969	42460.832031
1750.405273	42405.367188
1749.391602	42747.906250
1748.377930	42304.074219
1747.364258	42586.593750
1746.349609	42885.781250
1745.335938	42547.574219
1744.321289	42791.566406
1743.306641	42954.042969
1742.291992	42872.214844
1741.276367	43214.175781
1740.261719	43235.253906
1739.246094	43162.988281
1738.230469	43258.246094
1737.214844	43207.527344
1736.199219	43764.402344
1735.182617	43833.187500
1734.166992	43739.351563
1733.150391	44295.828125
1732.133789	43984.417969
1731.117188	44590.839844
1730.099609	44862.515625
1729.083008	44947.750000
1728.065430	44720.039063
1727.047852	45127.671875
1726.030273	45052.824219
1725.012695	45818.355469
1723.994141	45700.445313
1722.976563	45888.050781
1721.958008	45526.781250
1720.939453	46561.261719
1719.920898	46440.910156
1718.901367	46554.312500
1717.882813	46729.667969
1716.863281	46556.894531
1715.843750	46720.265625
1714.824219	46978.902344
1713.803711	47201.707031
1712.784180	46950.351563
1711.763672	47127.820313
1710.743164	47333.800781
1709.722656	47334.941406
1708.702148	47367.023438
1707.681641	47470.500000
1706.660156	47076.566406
1705.638672	47063.464844
1704.617188	46850.535156
1703.595703	46797.042969
1702.574219	46978.996094
1701.551758	47053.886719
1700.529297	46793.558594
1699.507813	47091.875000
1698.484375	47081.148438
1697.461914	47082.304688
1696.439453	47040.699219
1695.416016	46614.335938
1694.392578	46938.531250
1693.369141	47124.902344
1692.345703	46285.691406
1691.322266	46965.781250
1690.297852	47057.121094
1689.273438	47245.699219
1688.249023	46917.074219
1687.224609	47496.949219
1686.200195	47294.074219
1685.174805	47240.636719
1684.150391	47033.136719
1683.125000	47223.878906
1682.099609	47383.746094
1681.073242	47500.906250
1680.047852	47549.332031
1679.021484	47600.105469
1677.995117	47414.058594
1676.968750	47526.390625
1675.942383	47543.992188
1674.916016	47954.464844
1673.888672	48104.492188
1672.862305	47866.464844
1671.834961	48503.738281
1670.806641	47797.441406
1669.779297	48141.285156
1668.751953	48603.210938
1667.723633	48296.746094
1666.695313	48465.421875
1665.666992	48546.609375
1664.638672	48542.710938
1663.609375	48855.335938
1662.581055	48678.980469
1661.551758	49078.832031
1660.522461	48694.742188
1659.493164	48827.718750
1658.462891	48660.921875
1657.433594	48994.417969
1656.403320	49207.476563
1655.373047	49274.214844
1654.342773	49409.316406
1653.312500	49384.031250
1652.281250	49236.164063
1651.250977	49599.832031
1650.219727	49451.976563
1649.188477	49198.136719
1648.156250	49241.222656
1647.125000	49800.121094
1646.092773	49098.906250
1645.060547	49817.734375
1644.028320	49775.921875
1642.996094	50068.347656
1641.963867	50348.902344
1640.930664	49704.671875
1639.898438	49406.480469
1638.865234	50056.269531
1637.832031	49962.707031
1636.797852	50546.328125
1635.764648	50269.347656
1634.730469	50730.480469
1633.696289	50587.511719
1632.662109	50738.281250
1631.627930	50426.218750
1630.592773	50929.265625
1629.558594	50861.500000
1628.523438	51249.238281
1627.488281	51432.609375
1626.453125	51435.195313
1625.416992	51548.066406
1624.381836	52094.941406
1623.345703	53031.019531
1622.309570	52693.230469
1621.273438	53321.675781
1620.237305	54076.503906
1619.200195	54952.949219
1618.163086	55988.453125
1617.125977	57098.570313
1616.088867	58576.121094
1615.051758	60008.636719
1614.014648	61157.253906
1612.976563	61834.796875
1611.938477	62713.437500
1610.900391	62833.351563
1609.862305	63238.746094
1608.823242	62394.464844
1607.785156	62278.074219
1606.746094	61200.347656
1605.707031	59412.042969
1604.667969	58353.914063
1603.628906	57263.429688
1602.588867	56166.320313
1601.548828	55244.875000
1600.508789	54440.585938
1599.468750	54199.601563
1598.428711	53820.890625
1597.387695	53169.078125
1596.347656	52800.019531
1595.306641	52459.109375
1594.265625	52309.710938
1593.224609	52057.683594
1592.182617	51642.414063
1591.140625	51770.847656
1590.099609	51829.257813
1589.057617	51302.308594
1588.014648	51286.167969
1586.972656	51477.507813
1585.929688	51188.632813
1584.887695	50895.199219
1583.844727	50983.984375
1582.800781	51478.070313
1581.757813	51350.105469
1580.714844	51026.570313
1579.670898	50880.097656
1578.626953	51220.203125
1577.583008	51204.085938
1576.538086	51053.000000
1575.494141	51388.234375
1574.449219	50820.773438
1573.404297	50960.558594
1572.359375	51039.828125
1571.314453	51718.914063
1570.269531	50800.781250
1569.223633	51065.964844
1568.177734	50685.054688
1567.131836	50383.273438
1566.085938	50290.656250
1565.040039	50137.683594
1563.993164	49717.726563
1562.946289	50291.585938
1561.899414	50201.363281
1560.852539	49684.140625
1559.805664	49976.921875
1558.757813	49958.718750
1557.709961	50098.250000
1556.662109	50084.667969
1555.614258	50291.367188
1554.566406	49716.710938
1553.517578	49999.886719
1552.469727	49888.988281
1551.420898	50070.078125
1550.372070	50466.550781
1549.322266	49980.386719
1548.273438	49943.664063
1547.223633	50305.210938
1546.173828	50374.933594
1545.124023	50581.191406
1544.074219	50748.031250
1543.024414	50003.179688
1541.973633	50327.371094
1540.922852	50205.039063
1539.872070	50397.257813
1538.821289	50383.625000
1537.770508	50233.605469
1536.718750	50469.621094
1535.666992	50227.199219
1534.615234	50382.261719
1533.563477	50250.820313
1532.511719	50105.566406
1531.458984	50094.296875
1530.407227	50207.707031
1529.354492	49900.945313
1528.300781	49778.929688
1527.248047	49866.941406
1526.195313	49800.343750
1525.141602	50015.191406
1524.087891	49660.292969
1523.034180	49745.953125
1521.980469	49956.078125
1520.925781	49970.191406
1519.871094	49580.976563
1518.817383	49590.539063
1517.762695	49673.820313
1516.707031	49899.882813
1515.652344	49637.617188
1514.596680	49345.507813
1513.541016	49332.074219
1512.485352	49921.714844
1511.429688	49772.394531
1510.374023	49625.421875
1509.317383	49839.695313
1508.260742	50053.890625
1507.204102	49920.742188
1506.147461	50001.476563
1505.090820	50137.355469
1504.033203	50247.902344
1502.975586	49680.460938
1501.917969	49517.621094
1500.860352	50186.449219
1499.802734	49911.023438
1498.744141	50244.257813
1497.686523	49771.453125
1496.627930	50109.179688
1495.569336	49785.757813
1494.509766	49965.011719
1493.451172	50258.921875
1492.391602	49765.882813
1491.332031	50110.175781
1490.272461	50117.250000
1489.212891	50413.207031
1488.152344	49947.992188
1487.092773	50211.781250
1486.032227	50026.332031
1484.971680	50131.921875
1483.910156	50079.414063
1482.849609	50198.691406
1481.788086	50008.792969
1480.726563	50212.746094
1479.665039	50203.742188
1478.603516	50100.906250
1477.541992	49696.054688
1476.479492	50387.222656
1475.416992	50343.875000
1474.354492	50531.527344
1473.291992	50394.414063
1472.229492	50613.996094
1471.166016	50575.199219
1470.102539	50515.851563
1469.039063	50456.519531
1467.975586	50947.781250
1466.912109	50436.132813
1465.847656	50924.933594
1464.783203	50815.332031
1463.718750	51080.160156
1462.654297	51249.031250
1461.589844	51009.339844
1460.524414	51383.507813
1459.458984	51782.632813
1458.393555	51568.062500
1457.328125	51467.585938
1456.262695	51579.191406
1455.196289	51829.808594
1454.130859	51107.105469
1453.064453	51688.144531
1451.998047	52091.253906
1450.930664	51712.863281
1449.864258	51901.726563
1448.796875	51851.417969
1447.729492	52163.128906
1446.662109	51919.296875
1445.594727	52358.332031
1444.526367	52471.808594
1443.458008	52876.457031
1442.390625	52775.968750
1441.321289	53246.367188
1440.252930	53641.558594
1439.184570	53536.433594
1438.115234	53531.359375
1437.045898	54551.265625
1435.976563	55030.003906
1434.907227	55326.816406
1433.836914	55621.246094
1432.767578	55445.464844
1431.697266	55848.753906
1430.626953	56122.496094
1429.555664	55899.042969
1428.485352	56767.257813
1427.414063	57045.214844
1426.342773	57050.839844
1425.271484	57174.406250
1424.200195	56343.183594
1423.128906	57267.214844
1422.056641	56851.125000
1420.984375	56879.433594
1419.912109	56953.050781
1418.839844	56639.195313
1417.767578	56728.683594
1416.694336	57357.191406
1415.621094	56617.695313
1414.547852	56754.675781
1413.474609	56708.246094
1412.400391	55688.609375
1411.327148	56092.699219
1410.252930	56059.980469
1409.178711	56298.718750
1408.104492	56390.363281
1407.029297	56197.050781
1405.955078	56598.414063
1404.879883	56414.171875
1403.804688	56763.363281
1402.729492	56897.761719
1401.653320	56758.742188
1400.578125	56926.972656
1399.501953	56998.023438
1398.425781	57190.984375
1397.349609	57458.371094
1396.272461	57639.886719
1395.196289	57543.746094
1394.119141	57971.121094
1393.041992	58048.664063
1391.964844	58656.234375
1390.886719	59416.937500
1389.809570	59606.910156
1388.731445	59501.488281
1387.653320	59736.449219
1386.575195	59691.882813
1385.497070	60348.054688
1384.417969	60587.234375
1383.338867	60240.718750
1382.259766	60396.503906
1381.180664	60160.468750
1380.101563	60165.382813
1379.021484	60298.585938
1377.941406	60602.757813
1376.861328	60393.843750
1375.781250	60589.906250
1374.701172	59769.316406
1373.620117	59900.207031
1372.539063	59230.664063
1371.458008	59127.820313
1370.376953	58917.132813
1369.295898	58699.781250
1368.213867	58179.207031
1367.132813	58409.058594
1366.050781	58234.578125
1364.967773	58495.773438
1363.885742	58150.710938
1362.802734	58221.027344
1361.720703	58360.886719
1360.637695	58323.433594
1359.554688	58178.304688
1358.470703	58434.722656
1357.387695	58345.687500
1356.303711	57839.636719
1355.219727	57031.121094
1354.135742	57061.171875
1353.050781	56468.218750
1351.966797	56449.062500
1350.881836	56503.839844
1349.796875	56009.847656
1348.711914	55719.816406
1347.626953	55317.941406
1346.541016	55153.492188
1345.455078	55286.777344
1344.369141	55012.738281
1343.283203	55307.082031
1342.197266	55124.851563
1341.110352	55072.402344
1340.023438	54917.105469
1338.936523	55132.996094
1337.849609	54861.503906
1336.762695	55106.375000
1335.674805	54817.105469
1334.586914	54863.054688
1333.499023	55474.113281
1332.411133	55417.187500
1331.323242	55311.160156
1330.234375	55801.246094
1329.145508	55726.429688
1328.056641	56026.562500
1326.967773	56143.621094
1325.878906	56365.484375
1324.789063	56643.031250
1323.699219	56965.070313
1322.609375	56990.449219
1321.519531	57412.625000
1320.429688	58030.785156
1319.338867	58494.953125
1318.248047	59159.480469
1317.157227	59353.726563
1316.066406	59661.492188
1314.975586	60033.718750
1313.883789	60497.097656
1312.791992	60544.031250
1311.700195	60410.671875
1310.608398	60557.734375
1309.516602	60876.054688
1308.423828	60402.359375
1307.331055	59484.027344
1306.238281	59313.160156
1305.145508	59509.191406
1304.051758	58631.519531
1302.958984	58863.152344
1301.865234	58734.734375
1300.771484	58490.832031
1299.677734	58928.933594
1298.583008	58653.988281
1297.489258	59422.738281
1296.394531	59971.425781
1295.299805	60368.976563
1294.204102	60460.128906
1293.109375	60631.125000
1292.013672	60702.226563
1290.917969	59934.898438
1289.822266	60161.328125
1288.726563	59538.484375
1287.630859	59549.871094
1286.534180	59392.800781
1285.437500	59351.019531
1284.340820	59158.589844
1283.244141	58551.988281
1282.146484	58512.585938
1281.048828	58222.972656
1279.951172	57906.894531
1278.853516	58080.128906
1277.755859	57219.742188
1276.658203	56923.921875
1275.559570	57010.953125
1274.460938	56538.316406
1273.362305	56645.281250
1272.262695	56873.824219
1271.164063	56573.902344
1270.064453	55913.792969
1268.964844	55777.687500
1267.865234	55908.988281
1266.765625	55214.007813
1265.665039	55334.312500
1264.564453	55529.660156
1263.463867	55535.046875
1262.363281	55090.082031
1261.262695	55139.683594
1260.161133	54361.726563
1259.059570	54960.824219
1257.958008	54185.382813
1256.856445	54206.429688
1255.754883	54390.652344
1254.652344	54301.414063
1253.549805	54077.738281
1252.447266	54521.945313
1251.344727	54099.980469
1250.242188	53816.972656
1249.138672	53877.691406
1248.035156	54447.140625
1246.931641	53792.078125
1245.828125	54165.390625
1244.724609	54375.675781
1243.620117	54537.464844
1242.515625	54417.546875
1241.411133	54412.066406
1240.306641	54483.574219
1239.201172	54211.976563
1238.096680	54312.074219
1236.991211	54392.343750
1235.885742	54191.242188
1234.779297	54849.464844
1233.673828	54353.925781
1232.567383	54511.007813
1231.460938	54362.734375
1230.354492	54341.878906
1229.248047	54151.968750
1228.140625	54506.535156
1227.033203	54432.980469
1225.926758	54473.562500
1224.818359	54274.980469
1223.710938	54730.160156
1222.602539	54380.269531
1221.495117	54436.167969
1220.386719	54621.398438
1219.278320	54245.406250
1218.168945	53781.886719
1217.060547	53686.652344
1215.951172	54101.910156
1214.841797	54000.074219
1213.731445	54198.308594
1212.622070	54092.113281
1211.511719	54355.925781
1210.402344	54015.531250
1209.291992	54576.886719
1208.180664	53978.382813
1207.070313	54718.917969
1205.958984	54842.386719
1204.847656	54594.046875
1203.736328	55067.316406
1202.625000	54805.906250
1201.512695	55099.738281
1200.401367	55268.902344
1199.289063	55278.507813
1198.176758	55810.191406
1197.063477	56101.433594
1195.951172	56043.183594
1194.837891	56439.066406
1193.724609	56638.347656
1192.611328	56374.875000
1191.498047	56519.539063
1190.383789	56184.183594
1189.269531	55763.878906
1188.155273	56115.750000
1187.041016	55571.320313
1185.926758	55140.449219
1184.811523	55306.960938
1183.696289	54834.882813
1182.581055	54916.410156
1181.465820	54477.250000
1180.350586	54591.476563
1179.234375	54622.910156
1178.118164	54397.410156
1177.001953	54278.656250
1175.885742	53811.703125
1174.768555	54049.972656
1173.652344	53805.152344
1172.535156	54145.570313
1171.417969	53689.847656
1170.299805	54001.894531
1169.182617	53502.875000
1168.064453	53775.707031
1166.946289	53596.386719
1165.828125	53028.175781
1164.709961	53511.675781
1163.590820	53690.894531
1162.471680	52942.714844
1161.352539	53862.398438
1160.233398	53780.937500
1159.114258	53482.449219
1157.994141	53672.351563
1156.874023	53020.312500
1155.753906	53286.152344
1154.633789	53358.855469
1153.513672	53698.265625
1152.392578	53465.148438
1151.271484	53537.769531
1150.150391	53564.851563
1149.029297	53685.097656
1147.907227	53456.476563
1146.786133	53953.617188
1145.664063	53805.160156
1144.541992	53769.355469
1143.418945	54153.578125
1142.296875	54548.480469
1141.173828	55064.429688
1140.050781	54760.097656
1138.927734	55520.289063
1137.803711	55412.816406
1136.680664	55238.339844
1135.556641	55241.230469
1134.432617	55659.191406
1133.308594	55711.710938
1132.183594	55342.800781
1131.059570	55719.457031
1129.934570	55612.066406
1128.809570	55210.972656
1127.684570	55440.593750
1126.558594	55676.605469
1125.432617	55422.500000
1124.307617	55226.761719
1123.180664	55395.781250
1122.054688	55838.738281
1120.928711	55474.769531
1119.801758	55281.308594
1118.674805	54607.058594
1117.547852	54400.886719
1116.419922	55546.320313
1115.292969	55266.773438
1114.165039	54858.042969
1113.037109	54981.585938
1111.909180	54853.070313
1110.780273	55023.941406
1109.652344	54852.394531
1108.523438	54549.585938
1107.394531	54627.863281
1106.264648	54189.625000
1105.135742	54969.355469
1104.005859	54955.003906
1102.875977	54706.210938
1101.746094	54762.871094
1100.616211	55013.007813
1099.485352	54865.367188
1098.355469	55038.019531
1097.224609	54959.187500
1096.092773	55411.054688
1094.961914	55302.105469
1093.830078	55075.070313
1092.699219	55019.902344
1091.567383	54393.675781
1090.434570	54480.312500
1089.302734	53910.210938
1088.169922	54597.699219
1087.037109	54238.019531
1085.904297	53947.105469
1084.771484	54366.140625
1083.637695	54411.933594
1082.504883	54588.480469
1081.371094	54597.777344
1080.236328	54259.906250
1079.102539	54633.492188
1077.968750	54250.746094
1076.833984	54585.640625
1075.699219	54410.757813
1074.564453	54561.367188
1073.428711	54277.375000
1072.292969	54068.390625
1071.158203	54336.664063
1070.022461	54570.605469
1068.885742	54562.750000
1067.750000	54261.894531
1066.613281	54726.648438
1065.476563	54539.175781
1064.339844	54225.660156
1063.203125	54348.222656
1062.065430	54282.707031
1060.927734	54642.339844
1059.790039	54284.171875
1058.652344	54035.042969
1057.514648	54334.730469
1056.375977	54410.160156
1055.237305	54893.218750
1054.098633	54727.375000
1052.959961	54599.992188
1051.820313	54528.121094
1050.681641	54567.175781
1049.541992	54964.453125
1048.402344	54779.550781
1047.261719	55134.007813
1046.122070	54704.042969
1044.981445	54949.710938
1043.840820	55071.714844
1042.700195	55057.351563
1041.558594	55258.085938
1040.417969	55118.062500
1039.276367	54826.937500
1038.134766	54797.722656
1036.992188	54423.761719
1035.850586	54477.605469
1034.708008	54301.675781
1033.565430	54972.324219
1032.422852	54071.218750
1031.280273	54154.843750
1030.136719	54555.171875
1028.994141	54611.042969
1027.850586	54369.394531
1026.706055	54238.308594
1025.562500	54264.460938
1024.417969	54256.621094
1023.273438	53981.230469
1022.128906	54561.515625
1020.984375	54373.195313
1019.839844	53868.726563
1018.694336	54253.496094
1017.548828	54423.851563
1016.403320	54432.941406
1015.256836	54355.082031
1014.111328	54277.246094
1012.964844	54354.187500
1011.818359	54397.187500
1010.671875	54310.902344
1009.524414	54930.183594
1008.377930	54193.500000
1007.230469	54388.980469
1006.083008	54669.085938
1004.934570	54366.867188
1003.787109	54674.390625
1002.638672	54852.699219
1001.490234	54510.402344
1000.341797	55109.675781
999.193359	54839.371094
998.043945	54562.816406
996.894531	54417.457031
995.745117	54775.296875
994.595703	54640.515625
993.446289	55053.121094
992.295898	54800.011719
991.145508	54597.695313
989.995117	54921.363281
988.844727	55120.320313
987.693359	55243.195313
986.541992	54990.269531
985.390625	55119.449219
984.239258	55529.230469
983.087891	55687.792969
981.935547	55578.402344
980.783203	55589.261719
979.630859	55589.574219
978.478516	56074.777344
977.325195	56037.050781
976.172852	55740.121094
975.019531	55967.957031
973.865234	55997.679688
972.711914	55943.136719
971.557617	55951.789063
970.404297	56200.460938
969.250000	56333.261719
968.094727	55763.023438
966.940430	55735.917969
965.785156	56055.972656
964.629883	55997.265625
963.474609	56146.792969
962.319336	56210.046875
961.163086	56571.816406
960.007813	56525.660156
958.851563	56639.242188
957.694336	56813.714844
956.538086	56670.886719
955.380859	56899.898438
954.223633	56540.796875
953.066406	56433.789063
951.909180	56687.898438
950.751953	56920.925781
949.593750	56524.300781
948.435547	56304.062500
947.277344	56138.445313
946.118164	56209.890625
944.959961	56090.484375
943.800781	56048.691406
942.641602	55715.535156
941.482422	56030.113281
940.322266	56158.078125
939.162109	56170.765625
938.001953	56535.351563
936.841797	56384.601563
935.681641	56399.328125
934.520508	56309.367188
933.360352	56292.699219
932.198242	56650.632813
931.037109	56175.675781
929.875977	55966.570313
928.713867	56659.015625
927.551758	56648.558594
926.389648	56351.660156
925.227539	56874.316406
924.064453	56711.246094
922.901367	57104.078125
921.738281	57521.835938
920.575195	57314.859375
919.412109	57721.976563
918.248047	58118.500000
917.083984	58218.417969
915.919922	58318.292969
914.755859	58566.304688
913.590820	58204.945313
912.426758	58651.066406
911.261719	58629.804688
910.095703	59075.679688
908.930664	60390.843750
907.764648	59862.695313
906.598633	60130.921875
905.432617	60232.339844
904.266602	60219.125000
903.099609	59828.871094
901.933594	59259.644531
900.766602	58911.355469
899.599609	58552.777344
898.431641	58181.843750
897.264648	58071.191406
896.096680	58093.750000
894.928711	58209.914063
893.759766	58095.148438
892.591797	57707.992188
891.422852	57832.468750
890.253906	57551.523438
889.084961	58154.031250
887.916016	57592.578125
886.746094	57912.281250
885.576172	57907.800781
884.406250	58302.093750
883.236328	57824.082031
882.065430	57898.507813
880.895508	58236.527344
879.724609	58518.386719
878.552734	58623.757813
877.381836	58486.355469
876.209961	59097.808594
875.039063	59037.097656
873.866211	59229.375000
872.694336	59800.953125
871.522461	59143.191406
870.349609	59586.085938
869.176758	59508.753906
868.003906	59762.894531
866.830078	59787.039063
865.657227	60235.687500
864.483398	60617.914063
863.309570	61583.750000
862.135742	61218.429688
860.960938	61476.097656
859.786133	62432.953125
858.611328	61668.449219
857.436523	61898.996094
856.261719	61612.519531
855.085938	61084.261719
853.910156	60727.757813
852.734375	60513.980469
851.558594	60694.921875
850.382813	60892.324219
849.206055	61048.339844
848.029297	61012.242188
846.852539	62064.242188
845.674805	61811.214844
844.498047	62080.449219
843.320313	62832.445313
842.142578	63592.414063
840.963867	64383.039063
839.786133	65688.960938
838.607422	66810.882813
837.428711	66926.312500
836.250000	67767.250000
835.070313	68263.710938
833.891602	68065.609375
832.711914	67768.687500
831.532227	66818.953125
830.352539	65608.031250
829.171875	65324.074219
827.991211	63335.738281
826.810547	62967.917969
825.629883	61982.898438
824.449219	61934.359375
823.267578	61505.289063
822.085938	61358.132813
820.904297	60347.398438
819.722656	60379.371094
818.540039	60140.000000
817.357422	59510.242188
816.174805	58977.289063
814.992188	59716.179688
813.809570	59700.984375
812.625977	58786.316406
811.442383	58717.906250
810.258789	58489.402344
809.074219	58661.207031
807.890625	58859.625000
806.706055	58875.363281
805.521484	59129.042969
804.336914	59036.023438
803.151367	59137.835938
801.966797	59321.613281
800.781250	59160.957031
799.594727	58854.847656
798.409180	58321.410156
797.222656	58298.277344
796.037109	58269.007813
794.849609	58196.742188
793.663086	57733.425781
792.476563	57694.035156
791.289063	57382.437500
790.101563	57674.628906
788.914063	57236.296875
787.725586	57518.175781
786.538086	57401.128906
785.349609	57196.195313
784.161133	57210.089844
782.971680	57001.175781
781.783203	56782.117188
780.593750	57300.773438
779.404297	56824.324219
778.214844	56535.964844
777.024414	56929.796875
775.834961	56819.156250
774.644531	56900.449219
773.454102	56920.476563
772.262695	56985.390625
771.072266	56852.367188
769.880859	56690.832031
768.689453	57398.191406
767.497070	57065.324219
766.305664	57317.703125
765.113281	57335.570313
763.920898	57320.820313
762.728516	57921.433594
761.536133	57867.867188
760.342773	58649.429688
759.149414	58677.203125
757.956055	59008.339844
756.762695	59308.816406
755.568359	59350.687500
754.374023	58959.093750
753.179688	59806.707031
751.985352	59651.136719
750.791016	59216.988281
749.595703	58896.871094
748.400391	58733.417969
747.205078	58868.824219
746.009766	58341.648438
744.813477	57938.613281
743.617188	58112.683594
742.420898	57202.042969
741.224609	57416.796875
740.027344	57154.324219
738.830078	57188.328125
737.632813	56854.953125
736.435547	56874.789063
735.238281	56726.218750
734.040039	56474.246094
732.841797	56670.589844
731.643555	56479.546875
730.445313	56629.179688
729.246094	56310.507813
728.046875	56316.218750
726.847656	55926.804688
725.648438	55904.214844
724.449219	55689.210938
723.249023	56122.324219
722.048828	56069.332031
720.848633	55777.480469
719.647461	55172.019531
718.447266	56033.902344
717.246094	55891.933594
716.044922	55962.414063
714.842773	55846.800781
713.641602	56079.027344
712.439453	56666.992188
711.237305	56035.855469
710.035156	56338.644531
708.832031	56160.417969
707.629883	56362.054688
706.426758	55911.203125
705.223633	55991.636719
704.019531	55864.074219
702.815430	56388.597656
701.612305	56226.691406
700.408203	56242.421875
699.203125	56108.839844
697.999023	55979.343750
696.793945	56081.828125
695.588867	56202.417969
694.383789	56298.769531
693.177734	56153.195313
691.971680	56106.425781
690.766602	56053.625000
689.559570	56770.406250
688.353516	56443.566406
687.146484	56680.714844
685.939453	56200.988281
684.732422	55979.113281
683.525391	55908.265625
682.318359	56153.375000
681.110352	55963.812500
679.902344	55484.656250
678.693359	55699.531250
677.485352	56018.886719
676.276367	55403.269531
675.067383	55887.378906
673.858398	55438.816406
672.649414	55872.500000
671.439453	55735.484375
670.229492	55831.511719
669.019531	56060.035156
667.809570	55567.675781
666.598633	55438.839844
665.387695	55645.222656
664.176758	55315.750000
662.965820	55726.718750
661.754883	55866.730469
660.542969	55607.585938
659.331055	55607.203125
658.119141	55877.460938
656.906250	55508.210938
655.694336	55826.480469
654.481445	55697.808594
653.268555	55713.421875
652.054688	55694.976563
650.841797	55858.765625
649.627930	56096.570313
648.414063	55545.582031
647.200195	56197.644531
645.985352	56355.203125
644.770508	56532.707031
643.555664	57008.187500
642.340820	57005.503906
641.125977	56794.867188
639.910156	56866.191406
638.694336	57035.425781
637.478516	56633.046875
636.262695	56872.187500
635.045898	56807.589844
633.829102	56667.117188
632.612305	56458.796875
631.395508	56234.582031
630.177734	56397.707031
628.959961	55858.246094
627.742188	55989.445313
626.524414	55723.582031
625.306641	55577.492188
624.087891	55638.863281
622.869141	55510.785156
621.650391	55639.921875
620.430664	55597.593750
619.211914	55525.386719
617.992188	55493.054688
616.772461	55671.886719
615.551758	56173.300781
614.332031	55495.675781
613.111328	55998.921875
611.890625	55588.308594
610.669922	55552.003906
609.448242	55487.851563
608.226563	55457.542969
607.004883	55695.765625
605.783203	55607.750000
604.561523	55629.121094
603.338867	55566.992188
602.116211	55793.078125
600.893555	55359.328125
599.669922	55613.179688
598.447266	55590.816406
597.223633	55526.750000
596.000000	55599.722656
594.775391	55706.410156
593.551758	55844.820313
592.327148	55786.695313
591.102539	55942.890625
589.877930	55882.781250
588.652344	55669.968750
587.426758	55978.785156
586.201172	55841.371094
584.975586	55979.554688
583.750000	56472.453125
582.523438	56527.230469
581.296875	56629.535156
580.070313	56472.308594
578.842773	56493.378906
577.616211	57124.312500
576.388672	56824.531250
575.161133	56412.031250
573.932617	57266.246094
572.705078	56936.917969
571.476563	56922.253906
570.248047	56893.746094
569.018555	56898.863281
567.790039	56706.265625
566.560547	56557.222656
565.331055	56321.273438
564.101563	56201.996094
562.871094	56296.132813
561.641602	56060.355469
560.411133	56120.902344
559.179688	56199.195313
557.949219	55961.589844
556.717773	56089.222656
555.486328	55899.082031
554.254883	55817.531250
553.023438	55830.695313
551.791016	56009.523438
550.558594	55464.585938
549.326172	55174.179688
548.093750	55386.535156
546.860352	55242.089844
545.627930	55477.992188
544.393555	55636.968750
543.160156	55555.578125
541.926758	55088.230469
540.692383	55257.027344
539.458008	55630.492188
538.223633	55334.621094
536.988281	55320.257813
535.752930	55532.160156
534.517578	55686.933594
533.282227	55456.164063
532.046875	55644.316406
530.810547	55665.285156
529.574219	55475.917969
528.337891	55508.695313
527.101563	55765.457031
525.864258	55829.597656
524.626953	55856.386719
523.389648	55993.140625
522.152344	55584.011719
520.914063	55500.894531
519.675781	55612.113281
518.437500	55523.132813
517.199219	55506.777344
515.959961	55384.496094
514.721680	55448.574219
513.482422	55616.546875
512.242188	55629.582031
511.002930	55530.882813
509.762695	55690.898438
508.522461	55835.175781
507.282227	55366.242188
506.041016	55320.539063
504.800781	55092.734375
503.559570	54974.652344
502.318359	55543.691406
501.076172	55126.128906
499.833984	55465.976563
498.592773	55670.707031
497.349609	55957.511719
496.107422	55686.843750
494.864258	55527.726563
493.622070	55636.492188
492.377930	55467.664063
491.134766	55373.160156
489.891602	55712.429688
488.647461	55916.785156
487.403320	55437.488281
486.158203	55639.855469
484.914063	55455.585938
483.668945	55722.285156
482.423828	55756.644531
481.178711	55106.109375
479.932617	55965.769531
478.686523	56353.089844
477.440430	56332.687500
476.194336	56066.625000
474.948242	56169.089844
473.701172	56367.015625
472.454102	56358.304688
471.207031	56476.234375
469.958984	57038.238281
468.711914	56877.492188
467.463867	57164.652344
466.215820	57167.468750
464.966797	57300.691406
463.718750	57548.679688
462.469727	57765.437500
461.220703	58110.503906
459.970703	57903.070313
458.721680	58566.882813
457.471680	59014.636719
456.221680	58766.320313
454.970703	58743.539063
453.720703	59486.347656
452.469727	59352.699219
451.218750	60147.550781
449.966797	60458.539063
448.715820	61384.906250
447.463867	61928.488281
446.211914	62627.132813
444.959961	63428.359375
443.707031	64079.890625
442.454102	64222.937500
441.201172	64402.781250
439.948242	63337.671875
438.695313	62241.941406
437.441406	61342.398438
436.187500	59931.566406
434.933594	59492.003906
433.678711	58374.574219
432.424805	58034.250000
431.169922	58054.238281
429.914063	57334.613281
428.659180	56537.828125
427.403320	56736.136719
426.147461	56533.816406
424.891602	56737.847656
423.635742	56369.250000
422.378906	56165.171875
421.122070	56315.011719
419.865234	56080.082031
418.608398	56052.054688
417.350586	55685.855469
416.092773	56222.078125
414.834961	55730.414063
413.577148	55853.109375
412.318359	55796.171875
411.059570	55781.730469
409.800781	56240.203125
408.541992	56244.972656
407.282227	55811.734375
406.022461	55500.195313
404.762695	55807.917969
403.502930	55531.203125
402.242188	55994.972656
400.981445	55635.433594
