#Wave		#Intensity
2001.248047	32589.855469
2000.278320	33020.976563
1999.308594	32591.685547
1998.338867	32568.455078
1997.369141	32755.671875
1996.398438	32577.123047
1995.428711	32521.349609
1994.458008	32573.259766
1993.487305	32121.955078
1992.516602	31943.638672
1991.545898	32916.574219
1990.574219	32613.068359
1989.603516	32632.388672
1988.631836	32311.529297
1987.660156	32490.947266
1986.688477	32630.294922
1985.715820	32414.597656
1984.744141	32161.482422
1983.771484	32828.121094
1982.798828	32839.875000
1981.826172	32394.451172
1980.853516	32755.964844
1979.880859	32722.771484
1978.907227	32669.611328
1977.933594	32677.041016
1976.959961	32684.470703
1975.986328	32691.902344
1975.012695	32699.332031
1974.039063	32706.761719
1973.064453	32714.199219
1972.089844	32721.636719
1971.115234	32729.074219
1970.140625	32736.511719
1969.166016	32743.949219
1968.190430	32751.394531
1967.215820	32750.652344
1966.240234	32919.312500
1965.264648	32950.917969
1964.289063	32800.714844
1963.312500	32904.535156
1962.336914	32756.878906
1961.360352	32873.113281
1960.383789	32787.730469
1959.407227	33015.882813
1958.430664	32524.996094
1957.454102	32927.226563
1956.476563	32896.597656
1955.499023	32716.791016
1954.521484	32626.542969
1953.543945	32591.005859
1952.566406	32622.582031
1951.587891	32949.824219
1950.610352	32827.296875
1949.631836	32908.488281
1948.653320	33349.742188
1947.674805	32852.277344
1946.696289	32925.968750
1945.716797	32771.277344
1944.737305	32934.292969
1943.758789	33233.722656
1942.779297	32741.666016
1941.798828	32986.453125
1940.819336	32926.117188
1939.838867	33284.839844
1938.859375	33016.230469
1937.878906	32836.945313
1936.898438	32826.238281
1935.916992	33345.777344
1934.936523	33159.089844
1933.955078	32893.207031
1932.974609	33028.605469
1931.993164	32790.074219
1931.010742	32999.707031
1930.029297	33117.683594
1929.047852	33158.902344
1928.065430	33420.316406
1927.083008	32828.156250
1926.100586	33188.472656
1925.118164	32979.871094
1924.135742	33446.351563
1923.152344	32864.484375
1922.168945	33058.933594
1921.185547	33114.921875
1920.202148	33143.707031
1919.218750	33399.761719
1918.235352	33201.250000
1917.250977	33299.148438
1916.266602	33278.500000
1915.282227	33596.058594
1914.297852	33345.812500
1913.313477	33204.238281
1912.328125	33541.382813
1911.343750	33562.636719
1910.358398	33300.234375
1909.373047	33459.621094
1908.387695	33821.132813
1907.401367	33418.304688
1906.416016	33449.414063
1905.429688	33421.367188
1904.443359	34117.718750
1903.457031	33532.820313
1902.470703	33196.890625
1901.483398	33538.292969
1900.497070	33680.140625
1899.509766	33386.207031
1898.522461	33624.019531
1897.535156	33507.378906
1896.546875	33622.062500
1895.559570	33616.160156
1894.571289	33374.140625
1893.583008	33668.300781
1892.594727	33809.914063
1891.606445	34052.269531
1890.618164	33903.734375
1889.628906	33298.171875
1888.639648	33321.808594
1887.650391	33652.511719
1886.661133	33882.390625
1885.671875	34153.937500
1884.682617	33799.289063
1883.692383	34014.292969
1882.702148	34045.136719
1881.711914	33928.726563
1880.721680	33763.289063
1879.731445	33946.250000
1878.740234	33798.031250
1877.749023	34108.433594
1876.757813	33791.062500
1875.766602	33890.535156
1874.775391	34078.207031
1873.784180	34128.585938
1872.791992	33899.628906
1871.799805	34006.359375
1870.807617	33892.617188
1869.815430	33663.820313
1868.823242	33530.585938
1867.830078	34011.835938
1866.837891	33971.593750
1865.844727	34200.542969
1864.851563	34363.351563
1863.858398	34071.105469
1862.864258	34153.164063
1861.871094	34330.562500
1860.876953	34170.496094
1859.882813	34325.828125
1858.888672	34300.238281
1857.894531	34606.996094
1856.899414	34307.722656
1855.905273	34221.078125
1854.910156	34498.375000
1853.915039	34477.656250
1852.919922	34037.007813
1851.923828	33984.640625
1850.928711	34520.484375
1849.932617	34499.773438
1848.936523	34540.058594
1847.940430	34370.546875
1846.944336	34391.328125
1845.947266	34331.628906
1844.951172	34825.394531
1843.954102	34638.882813
1842.957031	34876.507813
1841.959961	34582.832031
1840.962891	34676.636719
1839.964844	34858.097656
1838.966797	34998.093750
1837.969727	34599.886719
1836.970703	34861.609375
1835.972656	34621.789063
1834.974609	34936.953125
1833.975586	35563.472656
1832.976563	34936.816406
1831.978516	35290.675781
1830.978516	35372.015625
1829.979492	35069.128906
1828.980469	35177.222656
1827.980469	35630.445313
1826.980469	35388.425781
1825.980469	34959.386719
1824.980469	35290.929688
1823.979492	35134.109375
1822.979492	35538.363281
1821.978516	35464.113281
1820.977539	35618.101563
1819.976563	35420.062500
1818.975586	35654.089844
1817.973633	35206.183594
1816.972656	35818.632813
1815.970703	35717.718750
1814.968750	35767.207031
1813.966797	36144.019531
1812.963867	35912.183594
1811.961914	36114.316406
1810.958984	36083.714844
1809.956055	36329.355469
1808.953125	36012.851563
1807.950195	35912.035156
1806.946289	36109.136719
1805.943359	36032.550781
1804.939453	36428.078125
1803.935547	36305.468750
1802.930664	36400.710938
1801.926758	36350.738281
1800.922852	36334.652344
1799.917969	36040.406250
1798.913086	36433.085938
1797.908203	36525.796875
1796.903320	36458.914063
1795.897461	36447.648438
1794.891602	36830.308594
1793.886719	36751.324219
1792.880859	36843.890625
1791.874023	36880.867188
1790.868164	36867.113281
1789.862305	36986.167969
1788.855469	37107.589844
1787.848633	36625.542969
1786.841797	37113.800781
1785.833984	37128.968750
1784.827148	37185.136719
1783.819336	36947.023438
1782.812500	37034.550781
1781.804688	37006.316406
1780.795898	37238.445313
1779.788086	37443.976563
1778.779297	37215.660156
1777.771484	37430.757813
1776.762695	37684.324219
1775.753906	37280.250000
1774.744141	37374.812500
1773.735352	37765.488281
1772.725586	37929.738281
1771.715820	37610.144531
1770.706055	37981.316406
1769.696289	38364.390625
1768.686523	37652.765625
1767.675781	37812.074219
1766.666016	38033.847656
1765.655273	37947.785156
1764.644531	38005.988281
1763.632813	38217.988281
1762.622070	38353.019531
1761.610352	37981.039063
1760.598633	38284.214844
1759.586914	38265.441406
1758.575195	38614.082031
1757.563477	38607.257813
1756.550781	38814.082031
1755.538086	39064.031250
1754.525391	38826.757813
1753.512695	38635.152344
1752.500000	38930.574219
1751.486328	39105.968750
1750.473633	38952.781250
1749.459961	39291.140625
1748.446289	39185.910156
1747.432617	39235.476563
1746.417969	39285.089844
1745.404297	39334.656250
1744.389648	39384.273438
1743.375000	39433.886719
1742.360352	39623.265625
1741.344727	39956.230469
1740.330078	40023.367188
1739.314453	39724.304688
1738.298828	39755.562500
1737.283203	40090.652344
1736.267578	40310.804688
1735.251953	40475.867188
1734.235352	40394.578125
1733.218750	40499.796875
1732.202148	40930.066406
1731.185547	41298.042969
1730.168945	40963.371094
1729.151367	41675.234375
1728.133789	41847.007813
1727.117188	42052.156250
1726.098633	41853.683594
1725.081055	42369.117188
1724.063477	42528.703125
1723.044922	42380.367188
1722.026367	42742.714844
1721.007813	42816.257813
1719.989258	42961.335938
1718.970703	43442.625000
1717.951172	43492.156250
1716.931641	43901.656250
1715.912109	44058.351563
1714.892578	43800.312500
1713.873047	44059.421875
1712.853516	44594.789063
1711.833008	44201.019531
1710.812500	44350.367188
1709.791992	44616.332031
1708.771484	44670.324219
1707.750000	44310.136719
1706.729492	44754.445313
1705.708008	44972.554688
1704.686523	44671.976563
1703.665039	45322.910156
1702.642578	45274.449219
1701.621094	45333.000000
1700.598633	45367.757813
1699.576172	45122.031250
1698.553711	45365.933594
1697.531250	45125.042969
1696.507813	44934.121094
1695.485352	44876.277344
1694.461914	45932.203125
1693.438477	45366.093750
1692.415039	45593.066406
1691.390625	45513.773438
1690.367188	45992.179688
1689.342773	45685.070313
1688.318359	45961.632813
1687.293945	46517.968750
1686.269531	46163.496094
1685.244141	46413.742188
1684.218750	46910.429688
1683.194336	47115.417969
1682.168945	47272.937500
1681.142578	46672.230469
1680.117188	47400.660156
1679.090820	47598.304688
1678.064453	47331.742188
1677.038086	47453.562500
1676.011719	47894.902344
1674.985352	47659.191406
1673.958008	47821.109375
1672.931641	47930.914063
1671.904297	48012.296875
1670.876953	48677.816406
1669.848633	48371.230469
1668.821289	48355.546875
1667.792969	48212.226563
1666.764648	48033.500000
1665.736328	48696.054688
1664.708008	48888.222656
1663.679688	48657.500000
1662.650391	48866.136719
1661.621094	48899.960938
1660.591797	48985.710938
1659.562500	49581.285156
1658.533203	49055.628906
1657.502930	48919.496094
1656.472656	48783.410156
1655.442383	48937.496094
1654.412109	48669.382813
1653.381836	49229.000000
1652.351563	48944.421875
1651.320313	49317.574219
1650.289063	49348.871094
1649.257813	49252.921875
1648.226563	49263.011719
1647.194336	49014.003906
1646.163086	49120.687500
1645.130859	49006.000000
1644.098633	49282.140625
1643.066406	49591.136719
1642.033203	49707.046875
1641.000977	49371.152344
1639.967773	49562.335938
1638.934570	49224.234375
1637.901367	49685.812500
1636.868164	49176.160156
1635.833984	49940.835938
1634.800781	49675.757813
1633.766602	49807.921875
1632.732422	49996.425781
1631.697266	50297.621094
1630.663086	50187.675781
1629.627930	50878.546875
1628.593750	50627.660156
1627.558594	50750.109375
1626.522461	50778.632813
1625.487305	51217.808594
1624.451172	51213.386719
1623.416016	51865.789063
1622.379883	51678.308594
1621.343750	52464.054688
1620.306641	52574.289063
1619.270508	53516.652344
1618.233398	53509.468750
1617.196289	54739.550781
1616.159180	55345.984375
1615.122070	56036.527344
1614.083984	57192.894531
1613.046875	58341.816406
1612.008789	59127.441406
1610.970703	58976.464844
1609.932617	59529.996094
1608.893555	59184.777344
1607.855469	58886.472656
1606.816406	58225.703125
1605.777344	57843.476563
1604.738281	56825.367188
1603.698242	56431.832031
1602.659180	55229.667969
1601.619141	55420.816406
1600.579102	54282.347656
1599.539063	53779.730469
1598.499023	53099.773438
1597.458008	53190.734375
1596.417969	52205.238281
1595.376953	51939.132813
1594.335938	51668.453125
1593.294922	51591.562500
1592.252930	51027.042969
1591.210938	51255.898438
1590.169922	51095.152344
1589.127930	51188.652344
1588.084961	50645.582031
1587.042969	51258.988281
1586.000000	51075.039063
1584.958008	51063.601563
1583.915039	51035.855469
1582.872070	51536.925781
1581.828125	51795.585938
1580.785156	52168.261719
1579.741211	52449.996094
1578.697266	52487.199219
1577.653320	52477.835938
1576.609375	52754.703125
1575.564453	52756.925781
1574.520508	52791.710938
1573.475586	52889.281250
1572.430664	53321.671875
1571.384766	53493.503906
1570.339844	53060.886719
1569.293945	53404.687500
1568.249023	52888.582031
1567.202148	52137.996094
1566.156250	51789.542969
1565.110352	51680.429688
1564.063477	51299.671875
1563.017578	50758.847656
1561.970703	50643.007813
1560.922852	50123.378906
1559.875977	49717.636719
1558.829102	50293.402344
1557.781250	50481.589844
1556.733398	49953.074219
1555.685547	50169.074219
1554.636719	50257.488281
1553.588867	50183.609375
1552.540039	49115.531250
1551.491211	49873.722656
1550.442383	49813.847656
1549.393555	49070.683594
1548.344727	49687.203125
1547.294922	49724.636719
1546.245117	49382.382813
1545.195313	49507.808594
1544.145508	49642.441406
1543.094727	48927.859375
1542.044922	49624.703125
1540.994141	49106.976563
1539.943359	49549.148438
1538.892578	49339.136719
1537.840820	49693.261719
1536.790039	49832.300781
1535.738281	49816.460938
1534.686523	49759.035156
1533.634766	49519.128906
1532.583008	49792.054688
1531.530273	49653.832031
1530.477539	49889.691406
1529.424805	49857.683594
1528.372070	49294.839844
1527.319336	49401.406250
1526.265625	49505.621094
1525.212891	49406.800781
1524.159180	49799.273438
1523.105469	49675.066406
1522.051758	49935.929688
1520.997070	49258.503906
1519.942383	49307.308594
1518.888672	49206.316406
1517.833984	49245.890625
1516.778320	49214.042969
1515.723633	49076.265625
1514.667969	49120.441406
1513.612305	48589.039063
1512.556641	48725.359375
1511.500977	48403.640625
1510.445313	48328.250000
1509.388672	48809.625000
1508.332031	48297.144531
1507.275391	48674.859375
1506.218750	48422.414063
1505.162109	48457.421875
1504.104492	48667.105469
1503.047852	48651.496094
1501.990234	48817.410156
1500.931641	48670.828125
1499.874023	48329.062500
1498.816406	48784.296875
1497.757813	48481.660156
1496.699219	48355.894531
1495.640625	48216.402344
1494.582031	48125.148438
1493.522461	48387.269531
1492.462891	48520.828125
1491.403320	48250.664063
1490.343750	48310.812500
1489.284180	48540.605469
1488.224609	48410.410156
1487.164063	48014.390625
1486.103516	48030.992188
1485.042969	48267.535156
1483.982422	48547.515625
1482.920898	48373.910156
1481.860352	48646.898438
1480.798828	48242.089844
1479.737305	48579.093750
1478.675781	48394.156250
1477.613281	48660.070313
1476.550781	48573.554688
1475.489258	48075.332031
1474.426758	48816.859375
1473.363281	48417.089844
1472.300781	48746.765625
1471.237305	48386.007813
1470.174805	48322.476563
1469.111328	48789.085938
1468.046875	48412.515625
1466.983398	49116.488281
1465.919922	49169.339844
1464.855469	49370.585938
1463.791016	49076.359375
1462.726563	49101.789063
1461.661133	49378.242188
1460.596680	49713.917969
1459.531250	49825.902344
1458.465820	49846.613281
1457.400391	50200.261719
1456.334961	49249.578125
1455.268555	50241.507813
1454.202148	49979.492188
1453.135742	50202.960938
1452.069336	50346.601563
1451.002930	50487.910156
1449.935547	50196.417969
1448.869141	50556.312500
1447.801758	50617.812500
1446.734375	50708.882813
1445.666016	51177.730469
1444.598633	51701.023438
1443.530273	51653.058594
1442.461914	52123.753906
1441.393555	52294.062500
1440.325195	52971.394531
1439.256836	52880.031250
1438.187500	53313.789063
1437.118164	53190.570313
1436.048828	53710.460938
1434.979492	53898.460938
1433.909180	54163.625000
1432.839844	54253.816406
1431.769531	54643.703125
1430.699219	54365.988281
1429.627930	54678.535156
1428.557617	54453.109375
1427.486328	54640.726563
1426.416016	54855.496094
1425.343750	54949.968750
1424.272461	55237.171875
1423.201172	55465.316406
1422.128906	55892.875000
1421.056641	55930.421875
1419.984375	55777.589844
1418.912109	55763.027344
1417.839844	56131.312500
1416.766602	56168.781250
1415.693359	55257.382813
1414.620117	55333.480469
1413.546875	55266.929688
1412.473633	55044.234375
1411.399414	54948.335938
1410.325195	54870.574219
1409.250977	54596.031250
1408.176758	55006.882813
1407.102539	55279.644531
1406.027344	55181.523438
1404.952148	56265.664063
1403.876953	56192.253906
1402.801758	56521.085938
1401.726563	57053.132813
1400.650391	56882.484375
1399.574219	57073.242188
1398.498047	57187.160156
1397.421875	56535.695313
1396.345703	56762.523438
1395.268555	56366.382813
1394.191406	55810.179688
1393.114258	56291.937500
1392.037109	55541.960938
1390.959961	55482.339844
1389.881836	55887.226563
1388.804688	55786.984375
1387.726563	55357.691406
1386.647461	55908.859375
1385.569336	56408.000000
1384.491211	56258.164063
1383.412109	56563.355469
1382.333008	57167.945313
1381.253906	56729.847656
1380.173828	57237.386719
1379.094727	57422.882813
1378.014648	56678.925781
1376.934570	56864.453125
1375.854492	56908.191406
1374.773438	56466.101563
1373.693359	56255.785156
1372.612305	55924.136719
1371.531250	55558.886719
1370.450195	55088.132813
1369.369141	54880.457031
1368.287109	54488.625000
1367.205078	54645.019531
1366.123047	54143.320313
1365.041016	53432.968750
1363.958984	53596.199219
1362.875977	53579.796875
1361.793945	53242.472656
1360.710938	53506.613281
1359.626953	53562.019531
1358.543945	53099.265625
1357.460938	53257.878906
1356.376953	52914.175781
1355.292969	53258.835938
1354.208984	52991.460938
1353.124023	53185.828125
1352.040039	53339.792969
1350.955078	52727.550781
1349.870117	53006.964844
1348.785156	52730.910156
1347.700195	52884.835938
1346.614258	53202.121094
1345.528320	52834.406250
1344.442383	53176.195313
1343.356445	53184.492188
1342.270508	53250.945313
1341.183594	52773.886719
1340.096680	53164.625000
1339.009766	53291.406250
1337.922852	53216.953125
1336.835938	53638.683594
1335.748047	54330.640625
1334.661133	53871.761719
1333.573242	53629.722656
1332.484375	53680.332031
1331.396484	54204.300781
1330.307617	53814.976563
1329.219727	54347.656250
1328.130859	54168.226563
1327.041992	54421.730469
1325.952148	54429.742188
1324.863281	54078.636719
1323.773438	53861.460938
1322.683594	53998.882813
1321.593750	54443.898438
1320.502930	54625.738281
1319.413086	54259.304688
1318.322266	53643.453125
1317.231445	53751.820313
1316.140625	54038.328125
1315.048828	54024.101563
1313.958008	53422.089844
1312.866211	53539.312500
1311.774414	54099.402344
1310.682617	54305.464844
1309.589844	54224.445313
1308.498047	54608.367188
1307.405273	54905.406250
1306.312500	54851.000000
1305.218750	55096.750000
1304.125977	55947.023438
1303.032227	56221.375000
1301.939453	57140.015625
1300.845703	57905.031250
1299.750977	58967.410156
1298.657227	59909.480469
1297.562500	61426.300781
1296.467773	62054.550781
1295.373047	62778.019531
1294.278320	63474.589844
1293.183594	62968.296875
1292.087891	62011.843750
1290.992188	61603.585938
1289.896484	61521.464844
1288.800781	60109.039063
1287.704102	59588.281250
1286.608398	59287.136719
1285.511719	58598.296875
1284.415039	58219.886719
1283.317383	57376.417969
1282.220703	56568.691406
1281.123047	57174.050781
1280.025391	56189.523438
1278.927734	56197.050781
1277.830078	55781.851563
1276.731445	55862.468750
1275.633789	55392.160156
1274.535156	55280.371094
1273.436523	54985.054688
1272.336914	54930.863281
1271.238281	55137.566406
1270.138672	54800.429688
1269.039063	54154.011719
1267.939453	54139.777344
1266.839844	54194.027344
1265.739258	53771.156250
1264.638672	53662.027344
1263.538086	53650.085938
1262.437500	53841.250000
1261.336914	53590.898438
1260.235352	53119.957031
1259.134766	53394.949219
1258.033203	53438.207031
1256.930664	53181.488281
1255.829102	52971.167969
1254.726563	52917.460938
1253.625000	52674.191406
1252.522461	52849.773438
1251.418945	52355.390625
1250.316406	53150.058594
1249.212891	52832.019531
1248.110352	52668.261719
1247.006836	52557.414063
1245.902344	52565.484375
1244.798828	51992.437500
1243.694336	52654.242188
1242.589844	52233.210938
1241.485352	52129.125000
1240.380859	52174.652344
1239.276367	52365.304688
1238.170898	51999.589844
1237.065430	51803.285156
1235.959961	51686.175781
1234.854492	51951.488281
1233.748047	51862.953125
1232.642578	52402.738281
1231.536133	52340.503906
1230.429688	51878.617188
1229.322266	52556.421875
1228.215820	52232.957031
1227.108398	52943.367188
1226.000977	53456.019531
1224.893555	52553.339844
1223.786133	53436.593750
1222.677734	53363.277344
1221.569336	53851.351563
1220.460938	53488.582031
1219.352539	53395.566406
1218.244141	53749.667969
1217.134766	53128.546875
1216.025391	52696.058594
1214.916016	52999.707031
1213.806641	52898.089844
1212.697266	52665.128906
1211.586914	53163.457031
1210.476563	52543.105469
1209.366211	52301.574219
1208.255859	53259.175781
1207.145508	53227.613281
1206.034180	53217.933594
1204.922852	53308.847656
1203.811523	53493.746094
1202.700195	53149.546875
1201.587891	53150.804688
1200.476563	53495.148438
1199.364258	53810.960938
1198.251953	53569.613281
1197.138672	53824.136719
1196.026367	53866.750000
1194.913086	54114.574219
1193.799805	54473.632813
1192.686523	54016.308594
1191.573242	54181.042969
1190.458984	53846.109375
1189.344727	54052.253906
1188.230469	53859.218750
1187.116211	53384.968750
1186.001953	53573.636719
1184.886719	53090.886719
1183.772461	53351.453125
1182.657227	52770.863281
1181.541016	52491.117188
1180.425781	52708.082031
1179.309570	52467.644531
1178.193359	52286.078125
1177.077148	52233.015625
1175.960938	52493.390625
1174.844727	52377.195313
1173.727539	52563.468750
1172.610352	51905.640625
1171.493164	51830.933594
1170.375977	52434.710938
1169.257813	52109.906250
1168.139648	51417.851563
1167.022461	51471.507813
1165.903320	51659.863281
1164.785156	51202.898438
1163.666992	51215.289063
1162.547852	51583.839844
1161.428711	51355.125000
1160.309570	51180.769531
1159.189453	51594.699219
1158.070313	51272.785156
1156.950195	51361.074219
1155.830078	51143.445313
1154.709961	50962.769531
1153.588867	51502.128906
1152.468750	51043.917969
1151.347656	50633.562500
1150.226563	51359.078125
1149.104492	51410.386719
1147.983398	51130.179688
1146.861328	51092.687500
1145.739258	51499.207031
1144.617188	51576.425781
1143.495117	51499.898438
1142.372070	51527.300781
1141.250000	51894.476563
1140.126953	51633.996094
1139.003906	51916.640625
1137.879883	52127.796875
1136.756836	52038.261719
1135.632813	52281.746094
1134.508789	52267.878906
1133.384766	52314.535156
1132.259766	52359.007813
1131.135742	51990.773438
1130.010742	52108.734375
1128.885742	52440.484375
1127.759766	52001.164063
1126.634766	52123.371094
1125.508789	52133.281250
1124.382813	52307.214844
1123.256836	52049.496094
1122.130859	52126.289063
1121.003906	52047.738281
1119.877930	52115.871094
1118.750977	51765.644531
1117.624023	51920.039063
1116.496094	51466.500000
1115.369141	51851.492188
1114.241211	52316.070313
1113.113281	51763.601563
1111.985352	52355.105469
1110.856445	52076.332031
1109.728516	52176.628906
1108.599609	51809.718750
1107.470703	51724.914063
1106.340820	52096.367188
1105.211914	51706.000000
1104.082031	52004.171875
1102.952148	51876.367188
1101.822266	52157.191406
1100.692383	52560.460938
1099.561523	51976.886719
1098.431641	52102.785156
1097.300781	52235.078125
1096.169922	52502.679688
1095.038086	51887.308594
1093.907227	51802.648438
1092.775391	51451.746094
1091.643555	51818.042969
1090.511719	51544.535156
1089.378906	51599.488281
1088.246094	51403.363281
1087.114258	51125.789063
1085.980469	51519.679688
1084.847656	51173.554688
1083.714844	51035.535156
1082.581055	51129.093750
1081.447266	51878.492188
1080.313477	51605.406250
1079.179688	51321.703125
1078.044922	51113.082031
1076.910156	51416.425781
1075.775391	51689.675781
1074.640625	51558.171875
1073.505859	51463.101563
1072.370117	51973.757813
1071.234375	51673.214844
1070.098633	52442.515625
1068.962891	52270.335938
1067.826172	52515.261719
1066.690430	52381.621094
1065.553711	52930.011719
1064.416992	52559.074219
1063.279297	52624.242188
1062.142578	51958.625000
1061.004883	52643.410156
1059.867188	52659.390625
1058.729492	52700.992188
1057.590820	52426.574219
1056.453125	52000.683594
1055.314453	52445.769531
1054.175781	52195.015625
1053.037109	51807.800781
1051.897461	52011.621094
1050.757813	52134.316406
1049.618164	52207.917969
1048.478516	52019.253906
1047.338867	52086.453125
1046.199219	52091.816406
1045.058594	51952.281250
1043.917969	51851.140625
1042.777344	51854.406250
1041.635742	51955.636719
1040.495117	51714.011719
1039.353516	51830.128906
1038.211914	51841.902344
1037.069336	51677.035156
1035.927734	51863.304688
1034.785156	51738.910156
1033.642578	51378.468750
1032.500000	52034.648438
1031.357422	51544.582031
1030.213867	51326.796875
1029.071289	51980.492188
1027.927734	51934.824219
1026.783203	51904.042969
1025.639648	51374.078125
1024.495117	51611.007813
1023.351563	51599.406250
1022.207031	51702.453125
1021.061523	51574.085938
1019.916992	51568.859375
1018.771484	51799.156250
1017.625977	51785.398438
1016.480469	51621.046875
1015.334961	51874.531250
1014.188477	51298.875000
1013.041992	51948.746094
1011.895508	51536.488281
1010.749023	51590.593750
1009.602539	51521.785156
1008.455078	51308.953125
1007.307617	51801.484375
1006.160156	51863.960938
1005.012695	51735.863281
1003.864258	51779.273438
1002.716797	52485.105469
1001.568359	51929.519531
1000.419922	52954.519531
999.270508	52830.558594
998.122070	52833.531250
996.972656	52591.222656
995.823242	52693.597656
994.673828	52971.371094
993.523438	53177.183594
992.373047	53025.835938
991.222656	52997.070313
990.072266	53120.386719
988.921875	53028.253906
987.771484	52999.496094
986.620117	53308.500000
985.468750	53300.804688
984.317383	53649.730469
983.165039	53515.375000
982.013672	53634.203125
980.861328	53364.917969
979.708984	53549.093750
978.555664	53395.875000
977.403320	53624.234375
976.250000	53532.167969
975.096680	53842.593750
973.943359	53265.972656
972.790039	53355.164063
971.635742	53629.640625
970.481445	52945.988281
969.327148	53399.371094
968.172852	52930.699219
967.018555	52840.980469
965.863281	52730.257813
964.708008	53219.097656
963.552734	52935.875000
962.397461	53031.265625
961.241211	53027.800781
960.084961	52830.949219
958.929688	52877.957031
957.772461	52506.792969
956.616211	52862.671875
955.458984	52821.421875
954.301758	52851.589844
953.144531	53051.820313
951.987305	52953.867188
950.830078	52889.535156
949.671875	53070.753906
948.513672	52786.105469
947.355469	52736.515625
946.196289	52783.421875
945.038086	52907.898438
943.878906	53061.679688
942.719727	53026.738281
941.560547	52981.328125
940.400391	52956.886719
939.241211	52857.031250
938.081055	53368.859375
936.919922	53294.089844
935.759766	53751.207031
934.599609	53697.324219
933.438477	54091.394531
932.277344	53769.589844
931.116211	53519.042969
929.954102	54151.410156
928.791992	54018.011719
927.630859	53978.765625
926.467773	53843.351563
925.305664	54259.863281
924.143555	53706.429688
922.980469	53612.925781
921.817383	53903.886719
920.654297	53689.222656
919.490234	53913.222656
918.327148	54291.660156
917.163086	54037.367188
915.999023	54405.199219
914.833984	54288.714844
913.669922	54712.703125
912.504883	54637.921875
911.339844	54828.070313
910.174805	55675.054688
909.008789	55746.085938
907.843750	55733.703125
906.677734	55925.582031
905.511719	56134.054688
904.345703	55829.906250
903.178711	55580.027344
902.011719	55017.828125
900.844727	54903.542969
899.677734	54997.492188
898.510742	54951.937500
897.342773	54787.769531
896.174805	54453.031250
895.006836	54640.605469
893.838867	54784.425781
892.670898	54626.640625
891.501953	54525.050781
890.333008	54020.187500
889.164063	54538.140625
887.994141	54513.507813
886.825195	54675.875000
885.655273	54291.835938
884.485352	54402.257813
883.315430	54294.593750
882.144531	54541.996094
880.973633	54758.171875
879.803711	55111.242188
878.631836	55051.242188
877.460938	55151.011719
876.289063	55265.261719
875.118164	55016.535156
873.945313	55989.199219
872.773438	55433.601563
871.601563	55551.847656
870.428711	55570.578125
869.255859	54791.582031
868.083008	55568.648438
866.910156	55881.468750
865.736328	56328.773438
864.562500	56239.664063
863.388672	56469.378906
862.214844	56711.421875
861.040039	57067.183594
859.866211	56729.722656
858.691406	57763.824219
857.516602	57196.789063
856.340820	57177.921875
855.166016	57020.542969
853.990234	56902.496094
852.814453	56336.031250
851.637695	56658.253906
850.461914	57019.609375
849.285156	56738.464844
848.108398	56750.664063
846.931641	57223.285156
845.754883	57445.945313
844.577148	57342.417969
843.399414	57798.152344
842.221680	58649.843750
841.043945	58999.957031
839.865234	59401.500000
838.687500	60493.667969
837.508789	61039.093750
836.329102	61332.839844
835.150391	61743.941406
833.970703	61586.195313
832.791992	60967.039063
831.611328	62082.402344
830.431641	62243.867188
829.251953	61198.718750
828.071289	61049.437500
826.890625	60183.957031
825.709961	60096.648438
824.528320	59087.636719
823.347656	59837.781250
822.166016	58767.488281
820.984375	59385.804688
819.801758	57863.687500
818.620117	55820.023438
817.437500	55558.933594
816.254883	55639.027344
815.072266	55774.558594
813.888672	55521.828125
812.706055	55550.539063
811.522461	55271.246094
810.338867	55386.207031
809.154297	55164.515625
807.970703	55382.050781
806.786133	54856.781250
805.601563	54959.414063
804.416992	55556.289063
803.231445	54727.789063
802.045898	54920.589844
800.861328	55238.351563
799.674805	55109.222656
798.489258	54717.855469
797.302734	54556.085938
796.117188	54439.437500
794.930664	54699.640625
793.743164	54744.757813
792.556641	54319.007813
791.369141	54319.144531
790.181641	53961.160156
788.994141	54016.601563
787.805664	53971.781250
786.618164	53579.285156
785.429688	53781.984375
784.241211	53868.074219
783.052734	53999.097656
781.863281	53698.847656
780.673828	53225.019531
779.484375	53200.816406
778.294922	53462.585938
777.105469	53422.003906
775.915039	53277.304688
774.724609	53306.179688
773.534180	53347.289063
772.343750	53135.332031
771.152344	53280.507813
769.960938	53040.078125
768.769531	53089.355469
767.578125	53511.773438
766.385742	53399.875000
765.194336	54091.144531
764.001953	53763.144531
762.808594	53985.425781
761.616211	54205.585938
760.422852	54415.472656
759.230469	55000.003906
758.037109	54999.941406
756.842773	54989.695313
755.649414	55292.902344
754.455078	55394.527344
753.260742	55846.066406
752.066406	55727.847656
750.871094	55542.554688
749.676758	55113.308594
748.481445	54926.160156
747.286133	54720.785156
746.089844	54330.539063
744.894531	54371.214844
743.698242	54159.953125
742.501953	53686.746094
741.304688	53950.898438
740.108398	53932.722656
738.911133	53327.859375
737.713867	53283.410156
736.516602	53525.113281
735.319336	52999.781250
734.121094	53255.640625
732.922852	53860.246094
731.724609	53142.500000
730.526367	53306.949219
729.327148	52903.757813
728.127930	53001.304688
726.928711	52918.472656
725.729492	53204.382813
724.530273	52852.140625
723.330078	53168.332031
722.129883	52611.722656
720.929688	53166.710938
719.728516	52628.519531
718.528320	53343.164063
717.327148	52598.761719
716.125977	52987.453125
714.923828	52738.906250
713.722656	52672.441406
712.520508	53131.656250
711.318359	52804.382813
710.116211	53326.046875
708.913086	53156.460938
707.710938	52990.976563
706.507813	53071.972656
705.304688	53247.855469
704.100586	53651.828125
702.897461	53240.082031
701.693359	53569.218750
700.489258	53605.625000
699.284180	53807.460938
698.080078	53922.476563
696.875000	53825.675781
695.669922	54297.558594
694.464844	54136.203125
693.258789	54513.105469
692.053711	54787.082031
690.847656	54934.011719
689.641602	55113.113281
688.434570	55350.562500
687.228516	55295.910156
686.021484	55597.660156
684.814453	54987.367188
683.607422	54244.460938
682.399414	54709.226563
681.191406	53853.976563
679.983398	53868.046875
678.775391	53626.683594
677.567383	53801.648438
676.358398	53729.261719
675.149414	53904.140625
673.940430	53512.214844
672.730469	53259.074219
671.521484	53677.015625
670.311523	53608.726563
669.101563	53257.300781
667.890625	53032.500000
666.680664	53287.558594
665.469727	53259.523438
664.258789	52719.789063
663.047852	53151.312500
661.835938	53067.140625
660.625000	52878.714844
659.413086	52997.144531
658.201172	53081.449219
656.988281	53145.675781
655.776367	53179.816406
654.563477	53101.730469
653.350586	52939.535156
652.136719	52507.000000
650.923828	53222.093750
649.709961	52233.058594
648.496094	53046.019531
647.282227	52970.035156
646.067383	52505.871094
644.852539	52884.167969
643.637695	52840.253906
642.422852	52924.347656
641.208008	53322.343750
639.992188	52994.480469
638.776367	53272.378906
637.560547	53322.347656
636.344727	53058.597656
635.127930	53262.406250
633.911133	53558.011719
632.694336	53280.378906
631.477539	53138.617188
630.259766	53625.707031
629.042969	53098.734375
627.825195	52913.179688
626.606445	52999.019531
625.388672	52897.324219
624.169922	53114.753906
622.951172	52815.671875
621.732422	52803.769531
620.513672	52307.523438
619.293945	52421.265625
618.074219	52915.523438
616.854492	52857.785156
615.634766	52971.351563
614.414063	52963.402344
613.193359	52997.265625
611.972656	53019.167969
610.751953	52857.960938
609.530273	52863.960938
608.309570	53021.152344
607.087891	52929.644531
605.866211	52869.992188
604.643555	53029.074219
603.420898	53422.675781
602.198242	53245.683594
600.975586	53426.460938
599.752930	53388.609375
598.529297	53505.718750
597.305664	53652.570313
596.082031	53976.097656
594.858398	53314.761719
593.633789	53969.714844
592.410156	53989.343750
591.185547	54645.906250
589.959961	54548.347656
588.735352	54546.031250
587.509766	54730.128906
586.284180	54723.808594
585.058594	55383.566406
583.832031	55523.789063
582.606445	55656.031250
581.379883	56570.812500
580.153320	56443.308594
578.925781	56496.074219
577.699219	57255.726563
576.471680	57646.851563
575.244141	57487.558594
574.015625	57577.675781
572.788086	57731.078125
571.559570	57771.656250
570.331055	57127.859375
569.101563	56658.324219
567.873047	56548.808594
566.643555	56336.539063
565.414063	55221.121094
564.184570	55941.871094
562.954102	54828.917969
561.724609	54516.378906
560.494141	54604.867188
559.263672	54227.320313
558.032227	53691.980469
556.800781	53565.421875
555.570313	53255.375000
554.337891	53051.988281
553.106445	53055.808594
551.874023	53201.636719
550.642578	52951.039063
549.409180	52633.503906
548.176758	52456.039063
546.944336	52469.808594
545.710938	52454.015625
544.477539	52304.257813
543.243164	52280.621094
542.009766	52479.523438
540.775391	52402.691406
539.541016	52599.523438
538.306641	52162.503906
537.071289	51987.375000
535.836914	52459.617188
534.601563	52180.234375
533.366211	52085.832031
532.129883	52060.285156
530.894531	51820.445313
529.658203	52467.207031
528.421875	51928.656250
527.184570	52034.796875
525.948242	51726.375000
524.710938	52264.628906
523.473633	52278.339844
522.235352	52288.117188
520.998047	52423.523438
519.759766	52698.226563
518.521484	52690.250000
517.283203	52827.457031
516.043945	52994.035156
514.804688	53478.261719
513.565430	53326.992188
512.326172	53232.632813
511.085938	53167.707031
509.846680	53192.949219
508.606445	52973.261719
507.366211	52941.714844
506.125000	52675.144531
504.883789	52600.582031
503.643555	52878.460938
502.401367	52424.125000
501.160156	52243.957031
499.917969	52206.699219
498.675781	52118.585938
497.433594	52507.777344
496.191406	52384.433594
494.948242	52548.562500
493.705078	52702.851563
492.461914	52468.125000
491.218750	52340.964844
489.975586	52372.109375
488.731445	52287.984375
487.487305	52614.035156
486.242188	52488.886719
484.998047	52865.535156
483.752930	52773.562500
482.507813	52972.410156
481.262695	52644.351563
480.016602	53202.105469
478.771484	53051.613281
477.525391	53068.886719
476.278320	53010.113281
475.032227	53232.070313
473.785156	52676.277344
472.538086	53285.992188
471.291016	53632.453125
470.043945	53275.585938
468.795898	53308.355469
467.547852	53750.019531
466.299805	53603.578125
465.051758	53850.371094
463.802734	54420.117188
462.553711	54180.230469
461.304688	54667.988281
460.055664	54640.140625
458.805664	54909.828125
457.555664	55019.980469
456.305664	55141.753906
455.055664	55356.765625
453.804688	55054.816406
452.553711	56033.265625
451.302734	56012.949219
450.051758	56598.550781
448.799805	56727.636719
447.548828	57231.339844
446.296875	57744.554688
445.043945	58717.488281
443.791992	59274.847656
442.539063	58889.234375
441.286133	58852.871094
440.033203	58771.917969
438.779297	58184.984375
437.526367	56852.003906
436.272461	56777.285156
435.017578	55908.160156
433.763672	55283.460938
432.508789	54653.179688
431.253906	54834.542969
429.999023	54510.496094
428.744141	53925.234375
427.488281	54083.398438
426.232422	53765.476563
424.976563	53370.281250
423.720703	53458.816406
422.463867	53127.644531
421.207031	53525.562500
419.950195	53490.281250
418.693359	52815.238281
417.435547	52791.699219
416.177734	53272.445313
414.919922	53331.886719
413.662109	53111.250000
412.403320	52979.523438
411.144531	52969.476563
409.885742	53040.500000
408.626953	53103.777344
407.367188	52893.027344
406.107422	52792.320313
404.847656	52932.753906
403.587891	52913.066406
402.327148	53122.828125
401.067383	52740.695313
