#Wave		#Intensity
2001.242188	33103.656250
2000.272461	33276.609375
1999.302734	33300.871094
1998.333008	33149.730469
1997.363281	33063.777344
1996.392578	33113.109375
1995.422852	33009.660156
1994.452148	32918.761719
1993.481445	33145.835938
1992.510742	33102.503906
1991.540039	32984.105469
1990.568359	33218.554688
1989.596680	33132.695313
1988.625977	32911.800781
1987.654297	33013.589844
1986.681641	33230.359375
1985.709961	32692.060547
1984.738281	32946.300781
1983.765625	33097.988281
1982.792969	32792.367188
1981.820313	33136.386719
1980.847656	33335.417969
1979.874023	33302.121094
1978.901367	32884.312500
1977.927734	33145.687500
1976.954102	33249.718750
1975.980469	32802.187500
1975.006836	33467.656250
1974.032227	33065.144531
1973.058594	33351.195313
1972.083984	33435.144531
1971.109375	33494.128906
1970.134766	33106.847656
1969.160156	33016.312500
1968.184570	33389.339844
1967.209961	33336.160156
1966.234375	33198.296875
1965.258789	33663.253906
1964.283203	33430.742188
1963.306641	33365.136719
1962.331055	33190.015625
1961.354492	33019.933594
1960.377930	33188.363281
1959.401367	33364.195313
1958.424805	33370.796875
1957.447266	33335.113281
1956.470703	32687.664063
1955.493164	33338.371094
1954.515625	33285.300781
1953.538086	33167.628906
1952.560547	33132.000000
1951.582031	33329.949219
1950.604492	33398.648438
1949.625977	33325.738281
1948.647461	33168.417969
1947.668945	33093.089844
1946.689453	33161.773438
1945.710938	33364.464844
1944.731445	33107.976563
1943.751953	33042.632813
1942.772461	33349.429688
1941.792969	33398.156250
1940.813477	33288.152344
1939.833008	33081.484375
1938.852539	33288.890625
1937.873047	33429.300781
1936.891602	33584.531250
1935.911133	33375.472656
1934.930664	33161.531250
1933.949219	33556.980469
1932.967773	33370.324219
1931.986328	33448.664063
1931.004883	33197.718750
1930.023438	33273.585938
1929.041016	33520.175781
1928.059570	33561.316406
1927.077148	33414.425781
1926.094727	33158.753906
1925.112305	33152.945313
1924.128906	33424.062500
1923.146484	33391.011719
1922.163086	33553.234375
1921.179688	33488.046875
1920.196289	33450.054688
1919.212891	33330.554688
1918.228516	33218.503906
1917.245117	33057.101563
1916.260742	33266.117188
1915.276367	33667.613281
1914.291992	32982.949219
1913.307617	33571.906250
1912.322266	33097.218750
1911.336914	33241.898438
1910.352539	33290.332031
1909.367188	33373.273438
1908.380859	33392.078125
1907.395508	33184.074219
1906.409180	33348.324219
1905.423828	33362.187500
1904.437500	33038.492188
1903.451172	33276.582031
1902.463867	33642.664063
1901.477539	33210.730469
1900.490234	33340.324219
1899.503906	33686.503906
1898.516602	33562.449219
1897.528320	33465.507813
1896.541016	32859.285156
1895.553711	33596.445313
1894.565430	33347.050781
1893.577148	33751.875000
1892.588867	33288.628906
1891.600586	33358.996094
1890.611328	33215.500000
1889.623047	33413.632813
1888.633789	33267.718750
1887.644531	33212.750000
1886.655273	33580.250000
1885.666016	33557.164063
1884.675781	33212.445313
1883.686523	33579.750000
1882.696289	33446.222656
1881.706055	33275.933594
1880.715820	33495.816406
1879.724609	33156.308594
1878.734375	33403.113281
1877.743164	33147.113281
1876.751953	33594.878906
1875.760742	33329.128906
1874.769531	33712.980469
1873.778320	33523.265625
1872.786133	33434.074219
1871.793945	33749.105469
1870.801758	33625.613281
1869.809570	33058.925781
1868.817383	33437.511719
1867.824219	33625.023438
1866.832031	33129.609375
1865.838867	33647.464844
1864.845703	33597.511719
1863.851563	33481.527344
1862.858398	33637.062500
1861.865234	33320.589844
1860.871094	33493.210938
1859.876953	33462.878906
1858.882813	33227.250000
1857.887695	33463.332031
1856.893555	33562.503906
1855.898438	33598.132813
1854.904297	33689.917969
1853.909180	33710.855469
1852.913086	33497.398438
1851.917969	33977.281250
1850.922852	34049.402344
1849.926758	33665.183594
1848.930664	33695.855469
1847.934570	33858.246094
1846.938477	34171.789063
1845.941406	33760.984375
1844.945313	33930.585938
1843.948242	34009.933594
1842.951172	33648.117188
1841.954102	33693.367188
1840.956055	33799.511719
1839.958984	33988.437500
1838.960938	33755.953125
1837.962891	34310.078125
1836.964844	33955.886719
1835.966797	34059.449219
1834.968750	34294.398438
1833.969727	34091.257813
1832.970703	34245.828125
1831.971680	33977.089844
1830.972656	34219.179688
1829.973633	34016.191406
1828.973633	34105.019531
1827.974609	34553.570313
1826.974609	34173.210938
1825.974609	34201.210938
1824.974609	34564.472656
1823.973633	34463.648438
1822.973633	34175.855469
1821.972656	34296.105469
1820.971680	34389.601563
1819.970703	34402.960938
1818.968750	34265.847656
1817.967773	34390.839844
1816.965820	34396.914063
1815.964844	34322.933594
1814.961914	34540.003906
1813.959961	34579.988281
1812.958008	34537.531250
1811.955078	34349.648438
1810.953125	34561.710938
1809.950195	34618.617188
1808.947266	35130.964844
1807.943359	34715.414063
1806.940430	34253.996094
1805.936523	34625.691406
1804.932617	34733.375000
1803.928711	35008.031250
1802.924805	34851.812500
1801.920898	34923.093750
1800.916016	34795.976563
1799.911133	34840.632813
1798.907227	34962.664063
1797.901367	34680.851563
1796.896484	34892.312500
1795.891602	34946.585938
1794.885742	35172.421875
1793.879883	35100.980469
1792.874023	35116.531250
1791.868164	35255.257813
1790.862305	35331.148438
1789.855469	35182.457031
1788.848633	35113.480469
1787.842773	35078.320313
1786.834961	35311.042969
1785.828125	35536.445313
1784.821289	35383.015625
1783.813477	35292.351563
1782.805664	34967.796875
1781.797852	35542.710938
1780.790039	35695.542969
1779.782227	35359.031250
1778.773438	35492.562500
1777.764648	35601.949219
1776.755859	35759.476563
1775.747070	35591.785156
1774.738281	35756.480469
1773.729492	35767.023438
1772.719727	35934.031250
1771.709961	35557.023438
1770.700195	35899.683594
1769.690430	36263.871094
1768.680664	35932.710938
1767.669922	35575.203125
1766.659180	36088.347656
1765.648438	36267.109375
1764.637695	35904.921875
1763.626953	36441.765625
1762.615234	36252.695313
1761.604492	36515.386719
1760.592773	36451.281250
1759.581055	36351.167969
1758.569336	36500.832031
1757.556641	36496.785156
1756.544922	36598.355469
1755.532227	36632.691406
1754.519531	36839.785156
1753.506836	36470.988281
1752.494141	36596.476563
1751.480469	36721.917969
1750.466797	36967.210938
1749.454102	36591.453125
1748.440430	37229.812500
1747.425781	37515.625000
1746.412109	37298.117188
1745.397461	37284.335938
1744.383789	37696.941406
1743.369141	37211.273438
1742.353516	37628.535156
1741.338867	37509.351563
1740.324219	37624.796875
1739.308594	37807.214844
1738.292969	38035.031250
1737.277344	37614.402344
1736.261719	37834.992188
1735.245117	38041.152344
1734.229492	39065.027344
1733.212891	39060.503906
1732.196289	39055.984375
1731.179688	39051.460938
1730.162109	38994.371094
1729.145508	39551.292969
1728.127930	39410.527344
1727.110352	39599.386719
1726.092773	39749.972656
1725.075195	40141.632813
1724.056641	40578.500000
1723.039063	39974.679688
1722.020508	40554.589844
1721.001953	40456.753906
1719.983398	41480.031250
1718.963867	40890.777344
1717.945313	41090.984375
1716.925781	41190.988281
1715.906250	41152.703125
1714.886719	41588.683594
1713.867188	41374.019531
1712.846680	41928.917969
1711.826172	41599.933594
1710.806641	41766.414063
1709.786133	42132.839844
1708.764648	41704.000000
1707.744141	41739.457031
1706.722656	41791.554688
1705.701172	41953.085938
1704.679688	42069.355469
1703.658203	42325.917969
1702.636719	42125.789063
1701.614258	42199.164063
1700.592773	42051.425781
1699.570313	42291.160156
1698.547852	42274.160156
1697.524414	42295.175781
1696.501953	42477.722656
1695.478516	42503.445313
1694.456055	42096.953125
1693.432617	42060.996094
1692.408203	42675.500000
1691.384766	42663.183594
1690.360352	42586.800781
1689.336914	42890.062500
1688.312500	42915.664063
1687.288086	43576.898438
1686.262695	43237.175781
1685.238281	43374.132813
1684.212891	43636.679688
1683.187500	43446.441406
1682.162109	43540.628906
1681.136719	43980.695313
1680.110352	43785.750000
1679.084961	44377.191406
1678.058594	44099.363281
1677.032227	44482.191406
1676.005859	44557.148438
1674.978516	44705.445313
1673.952148	44555.527344
1672.924805	44535.789063
1671.897461	44605.945313
1670.870117	44749.390625
1669.842773	44452.960938
1668.814453	44969.925781
1667.787109	44976.125000
1666.758789	45013.042969
1665.730469	45182.273438
1664.701172	45233.312500
1663.672852	45270.160156
1662.643555	45514.820313
1661.615234	45298.945313
1660.585938	45359.363281
1659.555664	45736.058594
1658.526367	45980.457031
1657.497070	45851.949219
1656.466797	46091.519531
1655.436523	46045.589844
1654.406250	46131.742188
1653.375977	46147.125000
1652.344727	45863.097656
1651.313477	46149.582031
1650.282227	46110.746094
1649.250977	46159.101563
1648.219727	46558.457031
1647.188477	46446.542969
1646.156250	46508.937500
1645.124023	46771.445313
1644.091797	46647.777344
1643.059570	47225.566406
1642.027344	47111.269531
1640.994141	47542.886719
1639.961914	47355.644531
1638.928711	47403.675781
1637.895508	47771.507813
1636.861328	48153.320313
1635.828125	47716.906250
1634.793945	48293.667969
1633.759766	48642.277344
1632.725586	48772.250000
1631.691406	49172.324219
1630.656250	49518.234375
1629.622070	50164.605469
1628.586914	49857.496094
1627.551758	50139.710938
1626.516602	50750.414063
1625.480469	51227.136719
1624.445313	51288.410156
1623.409180	51490.402344
1622.373047	52156.710938
1621.336914	53101.832031
1620.300781	53387.792969
1619.263672	54580.832031
1618.227539	55393.757813
1617.190430	56440.726563
1616.153320	57421.718750
1615.115234	58135.316406
1614.078125	59822.949219
1613.040039	59934.062500
1612.001953	60632.781250
1610.963867	61118.230469
1609.925781	61390.535156
1608.887695	61377.261719
1607.848633	60669.144531
1606.809570	59853.675781
1605.770508	59213.902344
1604.731445	58048.234375
1603.692383	57850.863281
1602.652344	57263.203125
1601.613281	56304.160156
1600.573242	55894.562500
1599.533203	55721.066406
1598.492188	55213.613281
1597.452148	54566.214844
1596.411133	54278.628906
1595.370117	53911.769531
1594.329102	53876.484375
1593.288086	53680.187500
1592.247070	53266.957031
1591.205078	53796.355469
1590.163086	53124.343750
1589.121094	53525.316406
1588.079102	53431.835938
1587.036133	53392.000000
1585.994141	53403.457031
1584.951172	52848.625000
1583.908203	53249.277344
1582.865234	53416.824219
1581.822266	53106.839844
1580.778320	53274.351563
1579.734375	53385.921875
1578.691406	53667.386719
1577.646484	53574.023438
1576.602539	54353.339844
1575.558594	54343.644531
1574.513672	54559.593750
1573.468750	54975.484375
1572.423828	55095.898438
1571.378906	55234.867188
1570.333008	55317.992188
1569.288086	54854.910156
1568.242188	54854.414063
1567.196289	54812.097656
1566.150391	54305.207031
1565.103516	54040.039063
1564.057617	53837.660156
1563.010742	53328.886719
1561.963867	53472.570313
1560.916992	52562.535156
1559.869141	52490.496094
1558.822266	52933.527344
1557.774414	52137.730469
1556.726563	52552.832031
1555.678711	52571.273438
1554.630859	51613.671875
1553.582031	51787.570313
1552.534180	51409.832031
1551.485352	51386.746094
1550.436523	51076.398438
1549.386719	51176.136719
1548.337891	50926.144531
1547.288086	51234.261719
1546.238281	50951.933594
1545.188477	50651.183594
1544.138672	50669.902344
1543.088867	50255.933594
1542.038086	50700.375000
1540.987305	50064.496094
1539.936523	49928.355469
1538.885742	49621.164063
1537.834961	49848.093750
1536.783203	50158.144531
1535.731445	50024.386719
1534.679688	49465.546875
1533.627930	49477.492188
1532.576172	49092.167969
1531.523438	49263.511719
1530.471680	49063.066406
1529.418945	49038.132813
1528.366211	49027.054688
1527.312500	48782.910156
1526.259766	48379.656250
1525.206055	48883.109375
1524.152344	48991.988281
1523.098633	48482.832031
1522.044922	48619.406250
1520.990234	48769.761719
1519.936523	48258.605469
1518.881836	48238.449219
1517.827148	48149.183594
1516.772461	47827.292969
1515.716797	47705.882813
1514.662109	47842.410156
1513.606445	47879.894531
1512.550781	47684.875000
1511.495117	47436.992188
1510.438477	47720.726563
1509.382813	47298.074219
1508.326172	47922.160156
1507.269531	47196.050781
1506.212891	47477.320313
1505.155273	47406.746094
1504.098633	47218.972656
1503.041016	47373.683594
1501.983398	46907.953125
1500.925781	47147.660156
1499.867188	47256.359375
1498.809570	46790.890625
1497.750977	47177.433594
1496.692383	46675.417969
1495.633789	46811.656250
1494.575195	46837.691406
1493.515625	47042.683594
1492.457031	46979.195313
1491.397461	47060.230469
1490.337891	47008.226563
1489.277344	46729.253906
1488.217773	47073.902344
1487.157227	47223.613281
1486.096680	47054.738281
1485.036133	47401.429688
1483.975586	47154.699219
1482.915039	47155.406250
1481.853516	47675.921875
1480.791992	47438.425781
1479.730469	46887.402344
1478.668945	47265.785156
1477.606445	47252.730469
1476.544922	47422.710938
1475.482422	47013.902344
1474.419922	47213.589844
1473.357422	46832.402344
1472.293945	47132.640625
1471.231445	47124.187500
1470.167969	47520.250000
1469.104492	47466.023438
1468.041016	47199.351563
1466.976563	47407.878906
1465.913086	47691.695313
1464.848633	47466.218750
1463.784180	47583.261719
1462.719727	47663.742188
1461.655273	47399.589844
1460.589844	47683.140625
1459.524414	47551.394531
1458.458984	47764.105469
1457.393555	47568.531250
1456.328125	47598.753906
1455.261719	47809.054688
1454.196289	47789.074219
1453.129883	48236.265625
1452.063477	47792.421875
1450.996094	47685.886719
1449.929688	47636.324219
1448.862305	47778.066406
1447.794922	48140.601563
1446.727539	48186.589844
1445.660156	48189.316406
1444.591797	48635.773438
1443.524414	48331.265625
1442.456055	48527.308594
1441.387695	49171.328125
1440.318359	48785.019531
1439.250000	49758.417969
1438.180664	49874.500000
1437.111328	50029.171875
1436.041992	49892.933594
1434.972656	50038.457031
1433.903320	49836.386719
1432.833008	49645.742188
1431.762695	50090.953125
1430.692383	50454.269531
1429.622070	50574.582031
1428.550781	50796.972656
1427.480469	51316.527344
1426.409180	51863.113281
1425.337891	52076.074219
1424.266602	52109.796875
1423.194336	52315.832031
1422.122070	52551.257813
1421.050781	52992.859375
1419.978516	53044.515625
1418.905273	53057.632813
1417.833008	52982.390625
1416.759766	53267.304688
1415.687500	52569.300781
1414.614258	53005.878906
1413.540039	52672.628906
1412.466797	52466.242188
1411.392578	51777.921875
1410.319336	51820.644531
1409.245117	51833.937500
1408.169922	51541.898438
1407.095703	51166.292969
1406.020508	51037.253906
1404.946289	51722.035156
1403.871094	51724.027344
1402.794922	51579.136719
1401.719727	51707.664063
1400.643555	51962.640625
1399.568359	52170.093750
1398.492188	51842.316406
1397.415039	51742.675781
1396.338867	52394.726563
1395.261719	52412.371094
1394.185547	52540.574219
1393.108398	52479.222656
1392.031250	53545.691406
1390.953125	53766.078125
1389.875977	54295.285156
1388.797852	54321.574219
1387.719727	54181.058594
1386.641602	54398.906250
1385.562500	54082.675781
1384.484375	53996.335938
1383.405273	54288.417969
1382.326172	53686.375000
1381.247070	53618.160156
1380.166992	53482.433594
1379.087891	53421.027344
1378.007813	53530.664063
1376.927734	53140.777344
1375.847656	52568.820313
1374.767578	52752.765625
1373.686523	52954.632813
1372.605469	52897.871094
1371.524414	52704.003906
1370.443359	52253.996094
1369.362305	52213.113281
1368.280273	52372.195313
1367.199219	52153.847656
1366.117188	52660.992188
1365.034180	53125.281250
1363.952148	53346.941406
1362.870117	54010.710938
1361.787109	53873.046875
1360.704102	54422.042969
1359.621094	54786.875000
1358.537109	54411.375000
1357.454102	54502.476563
1356.370117	54245.996094
1355.286133	53947.011719
1354.202148	53867.792969
1353.118164	53282.132813
1352.033203	52618.261719
1350.948242	52026.312500
1349.863281	51656.312500
1348.778320	51496.949219
1347.693359	51214.496094
1346.607422	51187.339844
1345.521484	50875.945313
1344.435547	50683.261719
1343.349609	50662.921875
1342.263672	50447.972656
1341.176758	50613.312500
1340.090820	50349.250000
1339.003906	50782.832031
1337.916016	50319.886719
1336.829102	50391.253906
1335.741211	50925.144531
1334.654297	50853.386719
1333.566406	50944.718750
1332.478516	50495.546875
1331.389648	50948.636719
1330.301758	50769.761719
1329.212891	51097.636719
1328.124023	51400.839844
1327.035156	51672.695313
1325.945313	51888.675781
1324.856445	52532.835938
1323.766602	52833.324219
1322.676758	52946.406250
1321.586914	53630.144531
1320.496094	54155.382813
1319.406250	55331.148438
1318.315430	55998.480469
1317.224609	56939.574219
1316.133789	58339.148438
1315.041992	58912.039063
1313.951172	59395.660156
1312.859375	59712.152344
1311.767578	60393.531250
1310.675781	60097.773438
1309.583008	59285.953125
1308.491211	58990.496094
1307.398438	58388.222656
1306.305664	58388.777344
1305.212891	56921.980469
1304.119141	56302.617188
1303.026367	55759.042969
1301.932617	55466.750000
1300.838867	55623.335938
1299.744141	55364.488281
1298.650391	55612.085938
1297.555664	55828.503906
1296.461914	56348.988281
1295.366211	56647.316406
1294.271484	56983.261719
1293.176758	56948.535156
1292.081055	57091.296875
1290.985352	56519.796875
1289.889648	56378.722656
1288.793945	56100.226563
1287.697266	56262.980469
1286.601563	55714.199219
1285.504883	55331.816406
1284.408203	55452.515625
1283.311523	54773.472656
1282.213867	54344.949219
1281.116211	54465.757813
1280.018555	53986.515625
1278.920898	53728.808594
1277.823242	53327.335938
1276.725586	53786.789063
1275.626953	53511.550781
1274.528320	52763.042969
1273.429688	52780.019531
1272.330078	52544.910156
1271.231445	52789.628906
1270.131836	51984.312500
1269.032227	52777.121094
1267.932617	51872.664063
1266.833008	51779.308594
1265.732422	51743.414063
1264.632813	51853.285156
1263.532227	51415.531250
1262.430664	51463.601563
1261.330078	51610.980469
1260.228516	51363.285156
1259.127930	50941.375000
1258.026367	50746.828125
1256.924805	51050.820313
1255.822266	50309.429688
1254.720703	50670.710938
1253.618164	50881.957031
1252.515625	50319.519531
1251.413086	50206.820313
1250.309570	50400.406250
1249.207031	50107.097656
1248.103516	50164.074219
1247.000000	50216.628906
1245.895508	50031.382813
1244.791992	50209.406250
1243.687500	49896.582031
1242.583008	50186.777344
1241.478516	49920.265625
1240.374023	50487.496094
1239.269531	50163.843750
1238.164063	50466.964844
1237.058594	50739.199219
1235.953125	50272.796875
1234.847656	50298.832031
1233.741211	50524.796875
1232.635742	50724.316406
1231.529297	50376.855469
1230.422852	50315.000000
1229.315430	50121.429688
1228.208984	50048.660156
1227.101563	50237.101563
1225.994141	50032.671875
1224.886719	50111.339844
1223.779297	50275.531250
1222.670898	50066.812500
1221.562500	49897.636719
1220.454102	49958.722656
1219.345703	49708.519531
1218.237305	49585.519531
1217.127930	49541.449219
1216.018555	49319.933594
1214.909180	49192.683594
1213.799805	49023.867188
1212.690430	49006.195313
1211.580078	48859.359375
1210.469727	49439.273438
1209.359375	49119.523438
1208.249023	49309.703125
1207.138672	49884.835938
1206.027344	49462.375000
1204.916016	49787.964844
1203.804688	50133.113281
1202.693359	49577.480469
1201.581055	49728.011719
1200.469727	49751.742188
1199.357422	50214.621094
1198.245117	50249.171875
1197.131836	49938.628906
1196.019531	50226.519531
1194.906250	50551.417969
1193.792969	51120.679688
1192.679688	50703.250000
1191.566406	50493.269531
1190.452148	50235.367188
1189.337891	49807.417969
1188.223633	49636.964844
1187.109375	49843.792969
1185.995117	49405.242188
1184.879883	49245.847656
1183.764648	48999.335938
1182.649414	49367.363281
1181.534180	49537.007813
1180.418945	49717.480469
1179.302734	48828.628906
1178.186523	49017.871094
1177.070313	49098.195313
1175.954102	48529.886719
1174.837891	48564.566406
1173.720703	48553.542969
1172.603516	48388.074219
1171.486328	48359.679688
1170.369141	48107.320313
1169.250977	48500.769531
1168.132813	48074.570313
1167.015625	47578.980469
1165.896484	48037.492188
1164.778320	47876.656250
1163.660156	47985.226563
1162.541016	47713.695313
1161.421875	47613.796875
1160.302734	48156.542969
1159.182617	47872.101563
1158.063477	47691.925781
1156.943359	47676.718750
1155.823242	47661.519531
1154.703125	47531.363281
1153.582031	47529.199219
1152.461914	47312.382813
1151.340820	47184.523438
1150.219727	47724.269531
1149.097656	47134.804688
1147.976563	47061.203125
1146.854492	47013.625000
1145.732422	47321.257813
1144.610352	47568.144531
1143.488281	47578.949219
1142.365234	47304.015625
1141.243164	47853.761719
1140.120117	47749.816406
1138.996094	47989.898438
1137.873047	48084.964844
1136.750000	47853.433594
1135.625977	48000.378906
1134.501953	48207.804688
1133.377930	47751.574219
1132.252930	47788.238281
1131.127930	47507.265625
1130.003906	47639.007813
1128.878906	47660.546875
1127.752930	47738.222656
1126.627930	47913.031250
1125.501953	47822.246094
1124.375977	47170.328125
1123.250000	47409.875000
1122.124023	47148.781250
1120.997070	47256.652344
1119.871094	46991.363281
1118.744141	46918.085938
1117.617188	47103.550781
1116.489258	46814.718750
1115.362305	46532.457031
1114.234375	47213.480469
1113.106445	46590.851563
1111.978516	47163.914063
1110.849609	46487.675781
1109.721680	47015.324219
1108.592773	46696.726563
1107.463867	46965.851563
1106.333984	46705.476563
1105.205078	46886.277344
1104.075195	46681.941406
1102.945313	46957.316406
1101.815430	46632.613281
1100.685547	46305.875000
1099.554688	46781.082031
1098.424805	46976.703125
1097.293945	47047.621094
1096.162109	46746.820313
1095.031250	46800.562500
1093.899414	46622.328125
1092.768555	46433.425781
1091.636719	46650.355469
1090.503906	46620.351563
1089.372070	46249.125000
1088.239258	46096.894531
1087.106445	46097.039063
1085.973633	45996.371094
1084.840820	46114.480469
1083.708008	46026.703125
1082.574219	46367.710938
1081.440430	46502.832031
1080.306641	46400.023438
1079.171875	46382.957031
1078.038086	46573.691406
1076.903320	46768.632813
1075.768555	46826.453125
1074.633789	46501.003906
1073.498047	46558.847656
1072.363281	47010.472656
1071.227539	46858.488281
1070.091797	46787.859375
1068.956055	46445.593750
1067.819336	46843.433594
1066.682617	46742.906250
1065.546875	47290.191406
1064.409180	47230.226563
1063.272461	46943.746094
1062.135742	47037.707031
1060.998047	46744.953125
1059.860352	47144.347656
1058.722656	46828.191406
1057.583984	46902.875000
1056.446289	46520.695313
1055.307617	46755.484375
1054.168945	46719.171875
1053.029297	46808.750000
1051.890625	46597.511719
1050.750977	46998.464844
1049.611328	46642.261719
1048.471680	46793.609375
1047.332031	46686.972656
1046.191406	46539.878906
1045.051758	46791.304688
1043.911133	46492.980469
1042.769531	47057.437500
1041.628906	46759.167969
1040.487305	46501.464844
1039.346680	46205.531250
1038.205078	46437.574219
1037.062500	46309.875000
1035.920898	46460.957031
1034.778320	47122.539063
1033.635742	46307.781250
1032.493164	46422.621094
1031.350586	46567.183594
1030.207031	46158.988281
1029.063477	46626.597656
1027.919922	46505.414063
1026.776367	46488.378906
1025.632813	46539.320313
1024.488281	46216.449219
1023.343750	46439.414063
1022.199219	46498.824219
1021.054688	46778.960938
1019.910156	46388.363281
1018.764648	46640.832031
1017.619141	46532.554688
1016.473633	46988.527344
1015.327148	46808.117188
1014.181641	46398.777344
1013.035156	46886.312500
1011.888672	46595.800781
1010.742188	46413.468750
1009.594727	46182.468750
1008.448242	46813.726563
1007.300781	46332.816406
1006.153320	46927.808594
1005.005859	47179.597656
1003.857422	47331.804688
1002.708984	47414.109375
1001.560547	47917.468750
1000.412109	48300.050781
999.263672	48545.000000
998.114258	48882.910156
996.965820	48639.214844
995.816406	48719.062500
994.666016	49175.113281
993.516602	48327.085938
992.366211	48837.976563
991.215820	48539.574219
990.065430	48691.167969
988.915039	48604.074219
987.763672	48151.746094
986.613281	48242.101563
985.461914	48545.593750
984.309570	48220.128906
983.158203	47962.296875
982.005859	47930.265625
980.854492	48121.804688
979.701172	47705.976563
978.548828	48066.140625
977.396484	47869.691406
976.243164	47559.507813
975.089844	47957.421875
973.936523	47179.644531
972.783203	47269.953125
971.628906	47143.316406
970.474609	47448.363281
969.320313	47349.101563
968.166016	47586.640625
967.010742	47491.593750
965.856445	47261.925781
964.701172	47162.765625
963.545898	47301.304688
962.390625	47507.078125
961.234375	47637.085938
960.078125	47487.468750
958.921875	48132.335938
957.765625	48293.671875
956.609375	47795.265625
955.452148	47971.300781
954.294922	47865.851563
953.137695	47323.699219
951.980469	47707.550781
950.822266	47486.761719
949.665039	47415.050781
948.506836	47477.648438
947.347656	47705.945313
946.189453	47122.457031
945.030273	47094.894531
943.872070	47536.988281
942.712891	47352.136719
941.552734	47179.925781
940.393555	47596.605469
939.233398	47512.402344
938.073242	47564.382813
936.913086	47505.343750
935.752930	47772.980469
934.591797	47454.320313
933.430664	47782.562500
932.269531	47625.160156
931.108398	47264.847656
929.947266	48002.968750
928.785156	47828.871094
927.623047	47797.042969
926.460938	47600.042969
925.298828	47994.714844
924.135742	47789.386719
922.972656	47772.207031
921.810547	47702.796875
920.646484	47925.859375
919.483398	48050.675781
918.319336	47693.082031
917.155273	48235.441406
915.991211	48253.667969
914.827148	48553.628906
913.662109	48256.710938
912.498047	48996.746094
911.333008	48787.457031
910.167969	48755.503906
909.001953	49053.000000
907.836914	48729.148438
906.670898	49193.277344
905.504883	49138.343750
904.337891	49587.636719
903.171875	49082.687500
902.004883	48571.671875
900.837891	49197.816406
899.670898	48289.308594
898.503906	48324.093750
897.335938	48350.542969
896.167969	48418.593750
895.000000	48549.031250
893.832031	48723.097656
892.663086	48397.980469
891.495117	48428.535156
890.326172	48425.816406
889.156250	48529.101563
887.987305	48179.312500
886.817383	48486.214844
885.648438	48020.230469
884.478516	48619.898438
883.307617	48467.621094
882.137695	48929.949219
880.966797	48839.941406
879.795898	48731.281250
878.625000	49207.828125
877.454102	48922.789063
876.282227	48807.945313
875.110352	49325.683594
873.938477	49343.511719
872.766602	49433.886719
871.593750	49648.593750
870.421875	49488.117188
869.249023	49356.710938
868.076172	49426.292969
866.902344	49955.656250
865.729492	49768.312500
864.555664	49984.777344
863.381836	50559.277344
862.207031	50591.308594
861.033203	50846.808594
859.858398	50829.113281
858.683594	51082.398438
857.508789	50617.945313
856.333984	50771.921875
855.158203	50758.378906
853.982422	50428.589844
852.806641	50328.312500
851.630859	49823.089844
850.454102	50204.300781
849.278320	50015.300781
848.101563	50053.527344
846.924805	50289.949219
845.747070	50726.519531
844.570313	50488.019531
843.392578	50627.234375
842.214844	51259.496094
841.036133	51511.964844
839.858398	51916.957031
838.679688	51857.839844
837.500977	52173.964844
836.322266	52685.785156
835.143555	52671.894531
833.963867	52948.531250
832.784180	52545.761719
831.604492	52142.992188
830.424805	51740.226563
829.244141	51337.121094
828.063477	50934.019531
826.882813	50530.917969
825.702148	49772.496094
824.521484	49960.773438
823.339844	49498.949219
822.158203	49347.851563
820.976563	49575.164063
819.794922	49393.265625
818.612305	49606.093750
817.430664	48891.968750
816.248047	49000.011719
815.064453	48955.992188
813.881836	49263.218750
812.698242	49169.871094
811.514648	49435.875000
810.331055	48981.222656
809.147461	49380.570313
807.962891	49593.023438
806.778320	49881.308594
805.593750	49878.199219
804.409180	49920.207031
803.224609	49279.355469
802.039063	49575.675781
800.853516	49716.101563
799.667969	49346.164063
798.482422	48628.023438
797.295898	48926.285156
796.109375	48294.511719
794.922852	48301.917969
793.736328	48002.191406
792.548828	48060.824219
791.362305	47869.726563
790.174805	47883.339844
788.986328	47680.066406
787.798828	47716.203125
786.610352	47725.738281
785.421875	47545.093750
784.233398	47231.625000
783.044922	47590.777344
781.856445	47148.656250
780.666992	47399.390625
779.477539	47163.804688
778.288086	47471.632813
777.097656	47040.066406
775.907227	47470.304688
774.717773	47206.292969
773.526367	46956.664063
772.335938	47109.136719
771.144531	46804.527344
769.954102	47558.746094
768.762695	47525.421875
767.570313	47594.062500
766.378906	47291.617188
765.186523	47515.191406
763.994141	47577.675781
762.801758	47695.152344
761.609375	48004.085938
760.416016	47915.707031
759.222656	48568.652344
758.029297	48498.523438
756.835938	48131.199219
755.641602	48069.312500
754.447266	48430.726563
753.252930	47955.781250
752.058594	48786.984375
750.864258	47976.558594
749.668945	48018.457031
748.473633	47909.886719
747.278320	47744.441406
746.083008	47318.914063
744.886719	47450.300781
743.690430	47142.816406
742.494141	46945.128906
741.297852	47273.492188
740.100586	47055.546875
738.904297	46894.519531
737.707031	46518.402344
736.509766	46444.792969
735.311523	47004.230469
734.113281	46553.242188
732.916016	47000.902344
731.716797	46493.296875
730.518555	46703.589844
729.320313	46463.796875
728.121094	46108.570313
726.921875	46576.144531
725.721680	46470.210938
724.522461	46346.089844
723.322266	46068.097656
722.122070	46294.375000
720.921875	46399.101563
719.721680	46398.539063
718.520508	46636.765625
717.319336	46532.968750
716.118164	46680.042969
714.916992	46513.574219
713.714844	46517.027344
712.513672	47195.738281
711.311523	46867.550781
710.108398	47036.648438
708.906250	46587.371094
707.703125	46621.097656
706.500000	46963.847656
705.296875	47074.226563
704.093750	47154.273438
702.889648	47407.902344
701.685547	47608.957031
700.481445	47591.992188
699.277344	47579.066406
698.072266	47449.144531
696.868164	47339.437500
695.663086	47885.121094
694.457031	47932.621094
693.251953	48145.394531
692.045898	48212.980469
690.839844	47990.382813
689.633789	47987.457031
688.427734	48369.246094
687.220703	48217.222656
686.013672	47867.933594
684.806641	47836.839844
683.599609	47491.773438
682.391602	47597.597656
681.184570	47387.503906
679.976563	47342.433594
678.767578	47216.929688
677.559570	47461.460938
676.350586	47376.187500
675.141602	47222.601563
673.932617	47091.175781
672.723633	47341.570313
671.513672	47682.269531
670.303711	47639.203125
669.093750	47570.042969
667.883789	47225.835938
666.672852	47227.035156
665.462891	47414.890625
664.251953	47066.886719
663.040039	47021.960938
661.829102	46995.109375
660.617188	47036.449219
659.405273	47270.273438
658.193359	46824.375000
656.981445	46979.968750
655.768555	47041.316406
654.555664	47098.628906
653.342773	47123.867188
652.129883	47109.031250
650.916016	47420.617188
649.702148	47527.863281
648.488281	47695.121094
647.274414	48006.414063
646.059570	48715.800781
644.845703	48924.750000
643.630859	49111.613281
642.416016	49824.390625
641.200195	49539.113281
639.984375	50165.570313
638.769531	49416.609375
637.552734	49279.449219
636.336914	49018.457031
635.120117	48284.105469
633.904297	48225.125000
632.687500	47638.968750
631.469727	47558.160156
630.252930	47367.589844
629.035156	47362.699219
627.817383	47266.019531
626.599609	47356.910156
625.380859	46757.597656
624.163086	46740.851563
622.944336	47003.261719
621.724609	46898.753906
620.505859	46973.667969
619.286133	47148.199219
618.066406	46806.613281
616.846680	47196.246094
615.626953	47036.019531
614.406250	46666.765625
613.186523	46663.980469
611.965820	46917.980469
610.744141	46875.339844
609.523438	46536.230469
608.301758	46692.617188
607.080078	46333.773438
605.858398	46754.636719
604.635742	46658.375000
603.414063	46826.542969
602.191406	46839.613281
600.968750	46916.265625
599.745117	46824.007813
598.522461	47240.320313
597.298828	46812.382813
596.075195	46912.804688
594.850586	47275.253906
593.626953	46782.035156
592.402344	46797.062500
591.177734	47246.628906
589.953125	47079.042969
588.727539	47197.140625
587.501953	47491.687500
586.276367	47254.746094
585.050781	47898.066406
583.825195	47437.167969
582.598633	48189.195313
581.372070	47910.687500
580.145508	48311.722656
578.917969	48605.660156
577.691406	48729.187500
576.463867	48894.246094
575.236328	48877.136719
574.007813	48495.886719
572.780273	49062.554688
571.551758	49354.023438
570.323242	49352.652344
569.094727	49197.035156
567.865234	48723.144531
566.635742	48686.304688
565.406250	49003.253906
564.176758	48535.593750
562.947266	48249.867188
561.716797	48053.132813
560.486328	47514.808594
559.255859	47415.039063
558.024414	47714.085938
556.793945	47734.714844
555.562500	47325.121094
554.331055	47219.531250
553.098633	46889.089844
551.867188	46722.476563
550.634766	47129.761719
549.402344	46911.902344
548.168945	46952.347656
546.936523	46740.507813
545.703125	46625.300781
544.469727	46738.664063
543.236328	46869.710938
542.001953	46705.304688
540.767578	46852.054688
539.533203	46419.976563
538.298828	46285.265625
537.064453	46880.679688
535.829102	46423.257813
534.593750	46540.406250
533.358398	47292.769531
532.122070	47122.613281
530.886719	47229.726563
529.650391	47472.429688
528.414063	47546.023438
527.176758	47091.023438
525.940430	47924.933594
524.703125	47737.160156
523.465820	47268.628906
522.227539	47324.507813
520.990234	47690.527344
519.751953	46747.296875
518.513672	47201.585938
517.275391	47259.390625
516.036133	47493.710938
514.796875	47306.281250
513.557617	47183.628906
512.318359	47476.640625
511.079102	47124.664063
509.838867	47372.496094
508.598633	47148.027344
507.358398	47241.000000
506.117188	47592.468750
504.876953	47187.921875
503.635742	47177.054688
502.394531	46917.589844
501.152344	46668.003906
499.911133	47193.390625
498.668945	46857.761719
497.425781	46800.015625
496.183594	47156.886719
494.941406	47208.597656
493.698242	47285.699219
492.455078	47581.679688
491.210938	47181.855469
489.967773	47139.726563
488.723633	47126.917969
487.479492	47393.398438
486.235352	47538.707031
484.990234	47670.292969
483.745117	47567.593750
482.500000	47492.250000
481.254883	47697.910156
480.008789	47821.554688
478.763672	47906.140625
477.517578	47945.839844
476.271484	48153.199219
475.024414	48569.066406
473.777344	48523.226563
472.530273	48477.386719
471.283203	48431.550781
470.036133	48385.710938
468.788086	48339.835938
467.540039	48293.960938
466.291992	48800.730469
465.043945	48507.320313
463.794922	48525.390625
462.545898	48442.277344
461.296875	49195.683594
460.047852	48768.210938
458.797852	48875.660156
457.547852	48992.785156
456.297852	48956.300781
455.047852	48810.992188
453.796875	49120.429688
452.545898	49208.269531
451.294922	49624.343750
450.043945	49910.136719
448.792969	50094.855469
447.541016	50305.542969
446.289063	50516.234375
445.036133	50727.089844
443.784180	50937.777344
442.531250	51120.171875
441.278320	51197.769531
440.025391	51267.574219
438.771484	50525.027344
437.518555	49937.828125
436.264648	49564.027344
435.010742	49672.835938
433.755859	49283.722656
432.500977	48902.503906
431.246094	48695.710938
429.991211	48845.250000
428.736328	48363.664063
427.480469	48495.781250
426.224609	48281.476563
424.968750	48521.898438
423.712891	48197.410156
422.456055	48352.656250
421.199219	48212.007813
419.942383	48158.402344
418.685547	47925.062500
417.427734	47674.414063
416.169922	48096.238281
414.912109	47895.875000
413.654297	48190.015625
412.395508	48198.257813
411.136719	47947.785156
409.877930	48353.699219
408.619141	48120.656250
407.359375	48190.640625
406.099609	47872.828125
404.839844	48243.722656
403.580078	47937.585938
402.319336	48117.441406
401.059570	48225.902344
