#Wave		#Intensity
2001.182617	35060.878906
2000.212891	35083.437500
1999.243164	34671.332031
1998.273438	34888.277344
1997.303711	34629.164063
1996.333008	34871.089844
1995.363281	34932.617188
1994.392578	34786.300781
1993.421875	34770.214844
1992.451172	34814.203125
1991.479492	34978.296875
1990.508789	34982.195313
1989.537109	34988.593750
1988.566406	35245.113281
1987.594727	35028.890625
1986.622070	35405.328125
1985.650391	35056.652344
1984.677734	35467.945313
1983.706055	34469.621094
1982.733398	35095.753906
1981.760742	34954.718750
1980.788086	35253.335938
1979.814453	34942.503906
1978.841797	35071.230469
1977.868164	35472.023438
1976.894531	35053.980469
1975.920898	34840.722656
1974.947266	35168.980469
1973.972656	35292.558594
1972.999023	35393.644531
1972.024414	34951.035156
1971.049805	35052.140625
1970.075195	35021.085938
1969.099609	35306.585938
1968.125000	35365.207031
1967.149414	35074.976563
1966.173828	34911.898438
1965.198242	35705.332031
1964.222656	35196.039063
1963.247070	35182.414063
1962.270508	35475.000000
1961.294922	35384.167969
1960.318359	35358.070313
1959.341797	35508.640625
1958.364258	35569.597656
1957.387695	35655.406250
1956.410156	35529.796875
1955.433594	35033.753906
1954.456055	35596.917969
1953.478516	35133.347656
1952.500000	35239.031250
1951.522461	35722.347656
1950.543945	35373.269531
1949.565430	35461.464844
1948.586914	35492.507813
1947.608398	36037.511719
1946.629883	35571.937500
1945.650391	35543.375000
1944.671875	35792.761719
1943.692383	35657.472656
1942.712891	35743.019531
1941.733398	35322.542969
1940.752930	35680.906250
1939.773438	35669.699219
1938.792969	35611.394531
1937.812500	35981.906250
1936.832031	35926.042969
1935.851563	35471.281250
1934.870117	35358.542969
1933.888672	35607.468750
1932.908203	35851.351563
1931.926758	35815.359375
1930.945313	35915.535156
1929.962891	35795.390625
1928.981445	36036.589844
1927.999023	35827.386719
1927.016602	35828.531250
1926.034180	35752.996094
1925.051758	36050.906250
1924.069336	36207.777344
1923.085938	35845.449219
1922.102539	36155.542969
1921.119141	36134.378906
1920.135742	36044.035156
1919.152344	36198.292969
1918.168945	36325.324219
1917.184570	36284.382813
1916.200195	36468.140625
1915.215820	36318.566406
1914.231445	35961.714844
1913.247070	36448.964844
1912.261719	36373.488281
1911.276367	36376.976563
1910.291992	36402.664063
1909.306641	36285.308594
1908.320313	35985.539063
1907.334961	36400.769531
1906.348633	36554.593750
1905.363281	36168.679688
1904.376953	36586.121094
1903.390625	36592.023438
1902.403320	36455.062500
1901.416992	36468.367188
1900.429688	36695.875000
1899.443359	36275.867188
1898.456055	36567.320313
1897.467773	36811.910156
1896.480469	36350.273438
1895.493164	36459.511719
1894.504883	36694.152344
1893.516602	36845.093750
1892.528320	36420.648438
1891.540039	36999.324219
1890.550781	36646.277344
1889.562500	36814.316406
1888.573242	36333.660156
1887.583984	36835.785156
1886.594727	36716.335938
1885.605469	36960.371094
1884.615234	36519.300781
1883.625000	36490.796875
1882.635742	36680.738281
1881.645508	36708.652344
1880.654297	36572.167969
1879.664063	37022.019531
1878.673828	36760.441406
1877.682617	36982.042969
1876.691406	37095.683594
1875.700195	37150.453125
1874.708984	36852.265625
1873.716797	36978.117188
1872.725586	36978.972656
1871.733398	36984.722656
1870.741211	37264.781250
1869.749023	36834.593750
1868.755859	37048.472656
1867.763672	37247.589844
1866.770508	37272.859375
1865.777344	37141.507813
1864.784180	37007.753906
1863.791016	37409.765625
1862.797852	37129.265625
1861.803711	36932.000000
1860.809570	37020.859375
1859.815430	37290.578125
1858.821289	37076.277344
1857.827148	37592.695313
1856.832031	37248.921875
1855.837891	37171.531250
1854.842773	37423.882813
1853.847656	37280.554688
1852.852539	37237.375000
1851.856445	37279.648438
1850.861328	37553.761719
1849.865234	37451.988281
1848.869141	37552.750000
1847.873047	37480.281250
1846.876953	37893.179688
1845.879883	37827.992188
1844.883789	38126.089844
1843.886719	37826.867188
1842.889648	38410.011719
1841.892578	38108.406250
1840.895508	37711.886719
1839.897461	37980.503906
1838.899414	38200.320313
1837.901367	37916.003906
1836.903320	38342.687500
1835.905273	38781.394531
1834.907227	38192.902344
1833.908203	38215.378906
1832.909180	38354.625000
1831.910156	38043.812500
1830.911133	38555.140625
1829.912109	38455.949219
1828.912109	38485.644531
1827.913086	38289.269531
1826.913086	38389.460938
1825.913086	38569.800781
1824.913086	38679.625000
1823.912109	38473.628906
1822.912109	38325.992188
1821.911133	38622.765625
1820.910156	38567.406250
1819.909180	38720.816406
1818.908203	38847.476563
1817.906250	38874.601563
1816.904297	38962.367188
1815.903320	38642.597656
1814.900391	38837.078125
1813.898438	38941.773438
1812.896484	38779.753906
1811.893555	38901.386719
1810.891602	38940.578125
1809.888672	38640.523438
1808.885742	38810.566406
1807.881836	39118.609375
1806.878906	38905.863281
1805.875000	38942.589844
1804.871094	39034.980469
1803.867188	38715.855469
1802.863281	39076.878906
1801.859375	39285.335938
1800.854492	39389.691406
1799.849609	39121.515625
1798.844727	39235.535156
1797.839844	39105.300781
1796.834961	39286.968750
1795.830078	39139.851563
1794.824219	39377.027344
1793.818359	39452.234375
1792.812500	39341.394531
1791.806641	39588.070313
1790.799805	39218.839844
1789.793945	39530.640625
1788.787109	39772.316406
1787.780273	39543.242188
1786.773438	39536.261719
1785.766602	39565.476563
1784.758789	39946.890625
1783.751953	39925.367188
1782.744141	40048.546875
1781.736328	39419.406250
1780.728516	39822.265625
1779.719727	39923.699219
1778.711914	40540.800781
1777.703125	40143.316406
1776.694336	40088.050781
1775.685547	40227.894531
1774.676758	39965.527344
1773.666992	40281.105469
1772.657227	40512.312500
1771.648438	40423.324219
1770.638672	40351.210938
1769.627930	40572.656250
1768.618164	40113.238281
1767.607422	40659.339844
1766.597656	40649.753906
1765.586914	40770.003906
1764.576172	40916.648438
1763.564453	40765.210938
1762.553711	40808.472656
1761.541992	40906.976563
1760.530273	41207.230469
1759.518555	41233.570313
1758.506836	41221.484375
1757.495117	41091.750000
1756.482422	41271.726563
1755.469727	41504.437500
1754.457031	41276.335938
1753.444336	41247.445313
1752.431641	41667.140625
1751.417969	41911.601563
1750.405273	41558.886719
1749.391602	41551.539063
1748.377930	41364.410156
1747.364258	41881.968750
1746.349609	41754.750000
1745.335938	41816.843750
1744.321289	42072.945313
1743.306641	42043.949219
1742.291992	42010.171875
1741.276367	42268.492188
1740.261719	41899.562500
1739.246094	42401.921875
1738.230469	42442.277344
1737.214844	42654.875000
1736.199219	42537.292969
1735.182617	42331.265625
1734.166992	42751.796875
1733.150391	43272.585938
1732.133789	43288.832031
1731.117188	43560.789063
1730.099609	44365.503906
1729.083008	43554.929688
1728.065430	44091.828125
1727.047852	44365.832031
1726.030273	44190.832031
1725.012695	44371.613281
1723.994141	44640.640625
1722.976563	45098.109375
1721.958008	45192.726563
1720.939453	45731.046875
1719.920898	45982.941406
1718.901367	46060.652344
1717.882813	45854.589844
1716.863281	46096.785156
1715.843750	45943.226563
1714.824219	46149.570313
1713.803711	46260.531250
1712.784180	46226.132813
1711.763672	46365.621094
1710.743164	46435.992188
1709.722656	46308.714844
1708.702148	46133.867188
1707.681641	46613.632813
1706.660156	46184.152344
1705.638672	46461.492188
1704.617188	46562.687500
1703.595703	46521.136719
1702.574219	46491.488281
1701.551758	46200.304688
1700.529297	46700.847656
1699.507813	46107.871094
1698.484375	46106.828125
1697.461914	46072.515625
1696.439453	46019.214844
1695.416016	46222.441406
1694.392578	46256.988281
1693.369141	46225.042969
1692.345703	46473.226563
1691.322266	46524.320313
1690.297852	46271.648438
1689.273438	46239.714844
1688.249023	45916.011719
1687.224609	46839.972656
1686.200195	46025.406250
1685.174805	46854.179688
1684.150391	46713.117188
1683.125000	46778.304688
1682.099609	46874.269531
1681.073242	46702.472656
1680.047852	46679.972656
1679.021484	47116.949219
1677.995117	47373.800781
1676.968750	47149.945313
1675.942383	47359.355469
1674.916016	47353.316406
1673.888672	47423.000000
1672.862305	47828.609375
1671.834961	47552.824219
1670.806641	47702.839844
1669.779297	47748.757813
1668.751953	48035.804688
1667.723633	47734.167969
1666.695313	47917.121094
1665.666992	47974.777344
1664.638672	47956.804688
1663.609375	48347.484375
1662.581055	48345.984375
1661.551758	48117.800781
1660.522461	48378.390625
1659.493164	48551.546875
1658.462891	48514.601563
1657.433594	48562.613281
1656.403320	48513.882813
1655.373047	48701.039063
1654.342773	48725.402344
1653.312500	48690.808594
1652.281250	48495.914063
1651.250977	48218.589844
1650.219727	48891.093750
1649.188477	48491.269531
1648.156250	48760.636719
1647.125000	49001.640625
1646.092773	49089.484375
1645.060547	48463.863281
1644.028320	49060.261719
1642.996094	48865.597656
1641.963867	49355.808594
1640.930664	49052.921875
1639.898438	48905.406250
1638.865234	49183.660156
1637.832031	49090.253906
1636.797852	49314.292969
1635.764648	49103.355469
1634.730469	49578.796875
1633.696289	49722.726563
1632.662109	49984.078125
1631.627930	49726.183594
1630.592773	49961.601563
1629.558594	50326.089844
1628.523438	50075.304688
1627.488281	50373.910156
1626.453125	50522.199219
1625.416992	50595.339844
1624.381836	50811.570313
1623.345703	51274.031250
1622.309570	51607.328125
1621.273438	52081.203125
1620.237305	52533.804688
1619.200195	53162.050781
1618.163086	54432.242188
1617.125977	55645.742188
1616.088867	56498.007813
1615.051758	57713.042969
1614.014648	59379.656250
1612.976563	59778.863281
1611.938477	60833.460938
1610.900391	61152.675781
1609.862305	61457.734375
1608.823242	60744.808594
1607.785156	60558.523438
1606.746094	58973.519531
1605.707031	57828.750000
1604.667969	57554.226563
1603.628906	56227.761719
1602.588867	54481.027344
1601.548828	54604.531250
1600.508789	53033.949219
1599.468750	53145.980469
1598.428711	52512.859375
1597.387695	51924.332031
1596.347656	51842.695313
1595.306641	51079.402344
1594.265625	50916.250000
1593.224609	50608.460938
1592.182617	50772.101563
1591.140625	50427.121094
1590.099609	50175.554688
1589.057617	50390.484375
1588.014648	50143.675781
1586.972656	50566.007813
1585.929688	50237.675781
1584.887695	49953.734375
1583.844727	50622.839844
1582.800781	50369.210938
1581.757813	50362.558594
1580.714844	50507.269531
1579.670898	50621.660156
1578.626953	50817.484375
1577.583008	50461.625000
1576.538086	50997.152344
1575.494141	51129.976563
1574.449219	51037.113281
1573.404297	50848.917969
1572.359375	51381.660156
1571.314453	51005.148438
1570.269531	50891.441406
1569.223633	50552.332031
1568.177734	50956.929688
1567.131836	50636.511719
1566.085938	50455.578125
1565.040039	49961.175781
1563.993164	49336.910156
1562.946289	49051.824219
1561.899414	49284.476563
1560.852539	48760.457031
1559.805664	48737.828125
1558.757813	48462.324219
1557.709961	48669.390625
1556.662109	48952.914063
1555.614258	48399.265625
1554.566406	48235.292969
1553.517578	48171.046875
1552.469727	48340.890625
1551.420898	48077.375000
1550.372070	48089.636719
1549.322266	48662.429688
1548.273438	48197.511719
1547.223633	48251.417969
1546.173828	48124.730469
1545.124023	48683.210938
1544.074219	48482.433594
1543.024414	48226.195313
1541.973633	48490.554688
1540.922852	48472.636719
1539.872070	48376.093750
1538.821289	48374.382813
1537.770508	48763.351563
1536.718750	48255.394531
1535.666992	49120.281250
1534.615234	48538.503906
1533.563477	48252.617188
1532.511719	48569.648438
1531.458984	48916.585938
1530.407227	47977.382813
1529.354492	48144.242188
1528.300781	48285.652344
1527.248047	48890.835938
1526.195313	48390.660156
1525.141602	48202.078125
1524.087891	47935.144531
1523.034180	47566.843750
1521.980469	47855.746094
1520.925781	47907.117188
1519.871094	48029.914063
1518.817383	47525.898438
1517.762695	48065.714844
1516.707031	47700.078125
1515.652344	47924.148438
1514.596680	47793.531250
1513.541016	47257.769531
1512.485352	47548.546875
1511.429688	47392.746094
1510.374023	47536.125000
1509.317383	47534.519531
1508.260742	47394.898438
1507.204102	47761.273438
1506.147461	47428.511719
1505.090820	47523.472656
1504.033203	47432.214844
1502.975586	47908.621094
1501.917969	47810.433594
1500.860352	47969.570313
1499.802734	47239.761719
1498.744141	47516.062500
1497.686523	47459.332031
1496.627930	47423.281250
1495.569336	47476.757813
1494.509766	47312.207031
1493.451172	47455.160156
1492.391602	47258.546875
1491.332031	47465.675781
1490.272461	47147.593750
1489.212891	47407.398438
1488.152344	47279.699219
1487.092773	47243.722656
1486.032227	47368.160156
1484.971680	47036.625000
1483.910156	47174.796875
1482.849609	47670.207031
1481.788086	47608.992188
1480.726563	47197.507813
1479.665039	47548.429688
1478.603516	47553.636719
1477.541992	47547.398438
1476.479492	47664.699219
1475.416992	47697.328125
1474.354492	47375.453125
1473.291992	47437.839844
1472.229492	47335.597656
1471.166016	47333.960938
1470.102539	47828.253906
1469.039063	47620.882813
1467.975586	47998.425781
1466.912109	47973.828125
1465.847656	48296.359375
1464.783203	48490.910156
1463.718750	48030.191406
1462.654297	48274.929688
1461.589844	48715.839844
1460.524414	48378.531250
1459.458984	48260.347656
1458.393555	49038.582031
1457.328125	48813.136719
1456.262695	48797.535156
1455.196289	48807.011719
1454.130859	48789.132813
1453.064453	48846.457031
1451.998047	48821.738281
1450.930664	48687.679688
1449.864258	49644.636719
1448.796875	48713.460938
1447.729492	49517.519531
1446.662109	49875.121094
1445.594727	49679.535156
1444.526367	50146.199219
1443.458008	49809.574219
1442.390625	50535.363281
1441.321289	50114.632813
1440.252930	50501.289063
1439.184570	50862.792969
1438.115234	51026.410156
1437.045898	51105.875000
1435.976563	51530.695313
1434.907227	51710.000000
1433.836914	52041.425781
1432.767578	51861.742188
1431.697266	52438.246094
1430.626953	51920.289063
1429.555664	52471.601563
1428.485352	52414.511719
1427.414063	52536.691406
1426.342773	52969.621094
1425.271484	53313.937500
1424.200195	53061.695313
1423.128906	52929.714844
1422.056641	53049.414063
1420.984375	52854.015625
1419.912109	53354.394531
1418.839844	53100.097656
1417.767578	53292.160156
1416.694336	52999.457031
1415.621094	52772.527344
1414.547852	52975.863281
1413.474609	52821.453125
1412.400391	52513.191406
1411.327148	52069.265625
1410.252930	52295.195313
1409.178711	52464.488281
1408.104492	52362.320313
1407.029297	52373.246094
1405.955078	52854.425781
1404.879883	53118.429688
1403.804688	52955.183594
1402.729492	53842.726563
1401.653320	53790.109375
1400.578125	53633.601563
1399.501953	53854.300781
1398.425781	54041.054688
1397.349609	53789.757813
1396.272461	53746.214844
1395.196289	54102.132813
1394.119141	54042.750000
1393.041992	54236.054688
1391.964844	54508.234375
1390.886719	54460.078125
1389.809570	55034.250000
1388.731445	54830.460938
1387.653320	55102.324219
1386.575195	55748.179688
1385.497070	55341.582031
1384.417969	55493.808594
1383.338867	55977.066406
1382.259766	55908.429688
1381.180664	56733.664063
1380.101563	56457.808594
1379.021484	56803.242188
1377.941406	55809.625000
1376.861328	56609.523438
1375.781250	56351.875000
1374.701172	55509.558594
1373.620117	55668.199219
1372.539063	55172.535156
1371.458008	54748.980469
1370.376953	54829.007813
1369.295898	54661.824219
1368.213867	54935.046875
1367.132813	54347.851563
1366.050781	54019.140625
1364.967773	54233.941406
1363.885742	53730.250000
1362.802734	53785.652344
1361.720703	53903.871094
1360.637695	54037.750000
1359.554688	53406.574219
1358.470703	53843.296875
1357.387695	53405.242188
1356.303711	53353.003906
1355.219727	53181.968750
1354.135742	52829.437500
1353.050781	52595.804688
1351.966797	52740.910156
1350.881836	52216.152344
1349.796875	52079.058594
1348.711914	52092.050781
1347.626953	52125.187500
1346.541016	51771.039063
1345.455078	52137.699219
1344.369141	51947.027344
1343.283203	52181.515625
1342.197266	52216.832031
1341.110352	51974.800781
1340.023438	51714.968750
1338.936523	52383.050781
1337.849609	51758.875000
1336.762695	52044.535156
1335.674805	51874.250000
1334.586914	51954.242188
1333.499023	52501.046875
1332.411133	52243.664063
1331.323242	52841.574219
1330.234375	52539.566406
1329.145508	52331.417969
1328.056641	52998.160156
1326.967773	52669.507813
1325.878906	52822.843750
1324.789063	53252.699219
1323.699219	53049.058594
1322.609375	53315.945313
1321.519531	53159.175781
1320.429688	53006.917969
1319.338867	53993.457031
1318.248047	53965.871094
1317.157227	53902.648438
1316.066406	54371.757813
1314.975586	54689.273438
1313.883789	54550.250000
1312.791992	54678.398438
1311.700195	55071.347656
1310.608398	54611.886719
1309.516602	54891.238281
1308.423828	54752.289063
1307.331055	54980.355469
1306.238281	54267.742188
1305.145508	54217.902344
1304.051758	55006.085938
1302.958984	54471.640625
1301.865234	54701.761719
1300.771484	55198.390625
1299.677734	55077.339844
1298.583008	55598.144531
1297.489258	56551.742188
1296.394531	56412.742188
1295.299805	56287.109375
1294.204102	57133.535156
1293.109375	57120.972656
1292.013672	56698.007813
1290.917969	56796.421875
1289.822266	56154.121094
1288.726563	56449.925781
1287.630859	55666.039063
1286.534180	55163.914063
1285.437500	55266.937500
1284.340820	55285.730469
1283.244141	54786.160156
1282.146484	54778.449219
1281.048828	53758.761719
1279.951172	54132.042969
1278.853516	54049.183594
1277.755859	53831.351563
1276.658203	53299.378906
1275.559570	53079.542969
1274.460938	53224.761719
1273.362305	52651.164063
1272.262695	52250.238281
1271.164063	52256.246094
1270.064453	52441.285156
1268.964844	51843.921875
1267.865234	51991.406250
1266.765625	51997.441406
1265.665039	51572.765625
1264.564453	51369.074219
1263.463867	51264.816406
1262.363281	51326.164063
1261.262695	51539.777344
1260.161133	50925.773438
1259.059570	50766.503906
1257.958008	50935.980469
1256.856445	50415.046875
1255.754883	50873.398438
1254.652344	50930.312500
1253.549805	50475.789063
1252.447266	50462.222656
1251.344727	50770.378906
1250.242188	50104.621094
1249.138672	50370.875000
1248.035156	50317.683594
1246.931641	49751.453125
1245.828125	49966.984375
1244.724609	49290.957031
1243.620117	49858.613281
1242.515625	49862.765625
1241.411133	49897.710938
1240.306641	49721.484375
1239.201172	49877.394531
1238.096680	49716.621094
1236.991211	49736.171875
1235.885742	49793.082031
1234.779297	49907.101563
1233.673828	49548.683594
1232.567383	49513.324219
1231.460938	49330.816406
1230.354492	49987.238281
1229.248047	49589.539063
1228.140625	49699.070313
1227.033203	49887.570313
1225.926758	50163.777344
1224.818359	50233.648438
1223.710938	50329.812500
1222.602539	50206.617188
1221.495117	49357.652344
1220.386719	49903.359375
1219.278320	50003.890625
1218.168945	49477.582031
1217.060547	49900.253906
1215.951172	49864.894531
1214.841797	49509.742188
1213.731445	49783.253906
1212.622070	49588.085938
1211.511719	49257.253906
1210.402344	49429.968750
1209.291992	49895.867188
1208.180664	49928.363281
1207.070313	49882.093750
1205.958984	49851.148438
1204.847656	49922.992188
1203.736328	50158.792969
1202.625000	50479.757813
1201.512695	50249.824219
1200.401367	50432.980469
1199.289063	49960.621094
1198.176758	50368.757813
1197.063477	50896.867188
1195.951172	50660.503906
1194.837891	50773.546875
1193.724609	51288.187500
1192.611328	51291.949219
1191.498047	51437.539063
1190.383789	51321.273438
1189.269531	50792.792969
1188.155273	51036.523438
1187.041016	51138.433594
1185.926758	50241.835938
1184.811523	50356.929688
1183.696289	50469.800781
1182.581055	50212.214844
1181.465820	50353.386719
1180.350586	50681.820313
1179.234375	50226.160156
1178.118164	50417.324219
1177.001953	49519.964844
1175.885742	49941.890625
1174.768555	49639.019531
1173.652344	49947.628906
1172.535156	49492.589844
1171.417969	49866.355469
1170.299805	49561.535156
1169.182617	49474.234375
1168.064453	49821.707031
1166.946289	49738.734375
1165.828125	49531.933594
1164.709961	49790.125000
1163.590820	49231.496094
1162.471680	49179.089844
1161.352539	49146.238281
1160.233398	49185.039063
1159.114258	49328.007813
1157.994141	49195.312500
1156.874023	49307.851563
1155.753906	49133.984375
1154.633789	49151.054688
1153.513672	49267.867188
1152.392578	49124.453125
1151.271484	49258.566406
1150.150391	49342.777344
1149.029297	49507.136719
1147.907227	49428.769531
1146.786133	49424.085938
1145.664063	49947.855469
1144.541992	49791.492188
1143.418945	50165.617188
1142.296875	50424.875000
1141.173828	50558.511719
1140.050781	50555.773438
1138.927734	50775.871094
1137.803711	51067.265625
1136.680664	51023.339844
1135.556641	50903.750000
1134.432617	51335.476563
1133.308594	50647.402344
1132.183594	50921.253906
1131.059570	50780.156250
1129.934570	50697.433594
1128.809570	50681.695313
1127.684570	50633.566406
1126.558594	50788.410156
1125.432617	50941.035156
1124.307617	50709.425781
1123.180664	50598.738281
1122.054688	50501.039063
1120.928711	50310.613281
1119.801758	50381.218750
1118.674805	50369.855469
1117.547852	50317.535156
1116.419922	50517.425781
1115.292969	50169.835938
1114.165039	49813.750000
1113.037109	50164.425781
1111.909180	50542.968750
1110.780273	49898.425781
1109.652344	50207.972656
1108.523438	50224.628906
1107.394531	50013.121094
1106.264648	50374.121094
1105.135742	50095.957031
1104.005859	49987.839844
1102.875977	50447.578125
1101.746094	50150.195313
1100.616211	50431.277344
1099.485352	50183.445313
1098.355469	49864.773438
1097.224609	50562.625000
1096.092773	50559.820313
1094.961914	50288.503906
1093.830078	50457.562500
1092.699219	50055.375000
1091.567383	49981.808594
1090.434570	49161.285156
1089.302734	50042.925781
1088.169922	49645.390625
1087.037109	49861.562500
1085.904297	49436.320313
1084.771484	49532.355469
1083.637695	49782.726563
1082.504883	49863.652344
1081.371094	49320.828125
1080.236328	49826.109375
1079.102539	49720.570313
1077.968750	49338.726563
1076.833984	49680.941406
1075.699219	49671.843750
1074.564453	49577.105469
1073.428711	49645.089844
1072.292969	49368.468750
1071.158203	50123.343750
1070.022461	50186.902344
1068.885742	49811.929688
1067.750000	50144.988281
1066.613281	50140.078125
1065.476563	49752.488281
1064.339844	50113.152344
1063.203125	50321.953125
1062.065430	50272.132813
1060.927734	50021.515625
1059.790039	50386.132813
1058.652344	49881.457031
1057.514648	49814.664063
1056.375977	49961.367188
1055.237305	49841.222656
1054.098633	49825.683594
1052.959961	49829.347656
1051.820313	49882.074219
1050.681641	49589.265625
1049.541992	49731.570313
1048.402344	49688.339844
1047.261719	49879.597656
1046.122070	49672.246094
1044.981445	50117.000000
1043.840820	49928.847656
1042.700195	50100.742188
1041.558594	49582.562500
1040.417969	49814.074219
1039.276367	49440.894531
1038.134766	49582.945313
1036.992188	49567.460938
1035.850586	49475.386719
1034.708008	49166.355469
1033.565430	49678.425781
1032.422852	49556.601563
1031.280273	49111.644531
1030.136719	49030.355469
1028.994141	49478.304688
1027.850586	49345.972656
1026.706055	49098.960938
1025.562500	49268.375000
1024.417969	49040.578125
1023.273438	49468.992188
1022.128906	48782.664063
1020.984375	49223.703125
1019.839844	48667.125000
1018.694336	49248.058594
1017.548828	48823.207031
1016.403320	49363.593750
1015.256836	49235.765625
1014.111328	49383.621094
1012.964844	49607.734375
1011.818359	49096.296875
1010.671875	49237.730469
1009.524414	48756.207031
1008.377930	49009.921875
1007.230469	49123.753906
1006.083008	49030.019531
1004.934570	48972.312500
1003.787109	48918.859375
1002.638672	49388.171875
1001.490234	49023.601563
1000.341797	49448.289063
999.193359	49741.671875
998.043945	49609.867188
996.894531	49492.906250
995.745117	49885.476563
994.595703	49595.183594
993.446289	49465.601563
992.295898	50130.515625
991.145508	49823.433594
989.995117	49592.492188
988.844727	49503.125000
987.693359	50184.425781
986.541992	49921.875000
985.390625	49374.496094
984.239258	49692.488281
983.087891	49504.011719
981.935547	49653.105469
980.783203	49762.070313
979.630859	50533.101563
978.478516	49986.199219
977.325195	50173.027344
976.172852	50395.609375
975.019531	50230.410156
973.865234	49951.503906
972.711914	50489.945313
971.557617	50171.078125
970.404297	50123.941406
969.250000	50401.007813
968.094727	50014.976563
966.940430	49925.796875
965.785156	50213.261719
964.629883	50225.046875
963.474609	50055.949219
962.319336	49983.644531
961.163086	50722.894531
960.007813	49763.433594
958.851563	50077.914063
957.694336	50383.875000
956.538086	50735.937500
955.380859	50411.515625
954.223633	50219.515625
953.066406	50386.636719
951.909180	50507.503906
950.751953	49746.777344
949.593750	50035.597656
948.435547	49984.410156
947.277344	49882.894531
946.118164	49724.781250
944.959961	50118.234375
943.800781	49962.230469
942.641602	50154.253906
941.482422	50427.941406
940.322266	50175.566406
939.162109	49862.527344
938.001953	50230.371094
936.841797	50642.058594
935.681641	50100.863281
934.520508	50698.738281
933.360352	50501.000000
932.198242	50736.535156
931.037109	50499.105469
929.875977	50922.824219
928.713867	51099.574219
927.551758	51134.058594
926.389648	51114.167969
925.227539	51315.863281
924.064453	51293.851563
922.901367	51635.445313
921.738281	51391.914063
920.575195	51516.113281
919.412109	51441.855469
918.248047	51657.875000
917.083984	52293.441406
915.919922	51488.507813
914.755859	51994.476563
913.590820	52166.402344
912.426758	52534.367188
911.261719	53012.738281
910.095703	52900.761719
908.930664	53201.656250
907.764648	53287.718750
906.598633	53542.574219
905.432617	53620.203125
904.266602	53651.964844
903.099609	53381.660156
901.933594	53055.222656
900.766602	53326.531250
899.599609	52754.546875
898.431641	52307.664063
897.264648	52672.609375
896.096680	52373.640625
894.928711	52671.855469
893.759766	52370.914063
892.591797	52138.707031
891.422852	52037.578125
890.253906	52204.660156
889.084961	52309.320313
887.916016	52353.675781
886.746094	52252.574219
885.576172	52436.101563
884.406250	52698.480469
883.236328	52350.250000
882.065430	52529.496094
880.895508	52845.679688
879.724609	52261.011719
878.552734	52253.414063
877.381836	53115.097656
876.209961	53389.441406
875.039063	53302.824219
873.866211	53523.117188
872.694336	53003.222656
871.522461	53756.175781
870.349609	53420.867188
869.176758	53437.910156
868.003906	53481.878906
866.830078	53975.273438
865.657227	54027.402344
864.483398	54280.343750
863.309570	54794.011719
862.135742	54783.863281
860.960938	54651.628906
859.786133	55543.542969
858.611328	55049.222656
857.436523	54989.386719
856.261719	54830.324219
855.085938	54739.535156
853.910156	54433.816406
852.734375	54659.320313
851.558594	54771.097656
850.382813	54401.496094
849.206055	54232.371094
848.029297	54678.699219
846.852539	54753.214844
845.674805	55151.796875
844.498047	55352.089844
843.320313	55502.785156
842.142578	56002.093750
840.963867	56486.773438
839.786133	57385.808594
838.607422	57674.156250
837.428711	58352.042969
836.250000	59307.941406
835.070313	59385.554688
833.891602	59246.792969
832.711914	59334.687500
831.532227	58126.988281
830.352539	57969.992188
829.171875	57271.550781
827.991211	56340.746094
826.810547	55788.992188
825.629883	55295.058594
824.449219	54465.945313
823.267578	54531.945313
822.085938	54270.914063
820.904297	53750.886719
819.722656	54014.339844
818.540039	53445.214844
817.357422	53671.632813
816.174805	52932.234375
814.992188	53345.605469
813.809570	53105.656250
812.625977	52666.589844
811.442383	53065.402344
810.258789	52987.800781
809.074219	52546.945313
807.890625	52516.664063
806.706055	53011.625000
805.521484	52987.417969
804.336914	52932.453125
803.151367	52719.617188
801.966797	52802.078125
800.781250	52726.671875
799.594727	52663.589844
798.409180	52299.324219
797.222656	52250.679688
796.037109	51937.824219
794.849609	51676.281250
793.663086	51545.875000
792.476563	51630.460938
791.289063	52048.628906
790.101563	52006.210938
788.914063	51984.265625
787.725586	51279.097656
786.538086	51568.164063
785.349609	50799.937500
784.161133	51244.359375
782.971680	50881.203125
781.783203	51603.382813
780.593750	51095.214844
779.404297	51310.433594
778.214844	51188.546875
777.024414	50835.937500
775.834961	50640.675781
774.644531	50751.699219
773.454102	50695.308594
772.262695	51185.835938
771.072266	50662.160156
769.880859	50889.359375
768.689453	51014.496094
767.497070	51182.406250
766.305664	51270.738281
765.113281	51163.351563
763.920898	51526.781250
762.728516	51655.746094
761.536133	51945.601563
760.342773	51986.851563
759.149414	52243.949219
757.956055	51835.144531
756.762695	52700.851563
755.568359	52880.324219
754.374023	52935.593750
753.179688	52832.140625
751.985352	53021.652344
750.791016	52389.421875
749.595703	52117.343750
748.400391	52294.675781
747.205078	52339.816406
746.009766	51452.101563
744.813477	51594.910156
743.617188	51406.515625
742.420898	50925.703125
741.224609	51161.937500
740.027344	50522.968750
738.830078	50885.046875
737.632813	50684.773438
736.435547	50391.222656
735.238281	50467.042969
734.040039	50333.890625
732.841797	50113.578125
731.643555	50215.757813
730.445313	50216.531250
729.246094	50132.164063
728.046875	50070.121094
726.847656	49692.000000
725.648438	50053.468750
724.449219	49961.085938
723.249023	50194.777344
722.048828	49650.878906
720.848633	49767.125000
719.647461	49640.445313
718.447266	49971.148438
717.246094	50206.636719
716.044922	49685.480469
714.842773	49848.117188
713.641602	49952.050781
712.439453	49863.878906
711.237305	49907.125000
710.035156	50063.527344
708.832031	49846.058594
707.629883	49822.609375
706.426758	50051.644531
705.223633	49828.234375
704.019531	49827.007813
702.815430	50068.019531
701.612305	50288.757813
700.408203	50345.957031
699.203125	50154.968750
697.999023	50313.027344
696.793945	50233.039063
695.588867	50441.429688
694.383789	50276.765625
693.177734	50188.757813
691.971680	50052.414063
690.766602	50677.765625
689.559570	50345.964844
688.353516	50761.546875
687.146484	50635.257813
685.939453	50627.804688
684.732422	50092.929688
683.525391	50111.742188
682.318359	49456.421875
681.110352	50197.625000
679.902344	49830.179688
678.693359	49987.789063
677.485352	49861.816406
676.276367	49882.644531
675.067383	49869.292969
673.858398	49922.265625
672.649414	49993.300781
671.439453	50138.632813
670.229492	50444.593750
669.019531	50236.347656
667.809570	49943.847656
666.598633	49990.707031
665.387695	49848.890625
664.176758	50072.332031
662.965820	50163.273438
661.754883	50139.843750
660.542969	49915.867188
659.331055	49872.433594
658.119141	49843.046875
656.906250	49825.699219
655.694336	49886.511719
654.481445	49915.238281
653.268555	49747.632813
652.054688	49686.238281
650.841797	50091.460938
649.627930	49961.949219
648.414063	50278.878906
647.200195	50075.324219
645.985352	50135.980469
644.770508	50568.734375
643.555664	50879.304688
642.340820	50627.781250
641.125977	50620.296875
639.910156	50648.792969
638.694336	50927.128906
637.478516	50511.906250
636.262695	50292.644531
635.045898	50918.472656
633.829102	50245.828125
632.612305	50224.425781
631.395508	50352.773438
630.177734	50317.382813
628.959961	50361.832031
627.742188	49943.328125
626.524414	50342.945313
625.306641	50126.058594
624.087891	49691.875000
622.869141	50298.675781
621.650391	49988.214844
620.430664	49829.347656
619.211914	49790.109375
617.992188	49695.093750
616.772461	49849.117188
615.551758	50066.816406
614.332031	50342.175781
613.111328	50071.917969
611.890625	49614.644531
610.669922	49854.105469
609.448242	49822.863281
608.226563	50633.156250
607.004883	49987.152344
605.783203	49985.722656
604.561523	50049.906250
603.338867	49998.761719
602.116211	50192.105469
600.893555	50099.218750
599.669922	50224.914063
598.447266	50467.761719
597.223633	50454.308594
596.000000	50057.621094
594.775391	50260.648438
593.551758	49941.550781
592.327148	50362.824219
591.102539	50321.617188
589.877930	50220.902344
588.652344	50134.113281
587.426758	50612.531250
586.201172	51112.582031
584.975586	51148.566406
583.750000	51267.785156
582.523438	50873.714844
581.296875	51078.125000
580.070313	51706.359375
578.842773	51389.664063
577.616211	51554.253906
576.388672	51724.714844
575.161133	51764.472656
573.932617	52225.742188
572.705078	51980.460938
571.476563	51515.687500
570.248047	51618.738281
569.018555	51338.109375
567.790039	51559.777344
566.560547	51508.566406
565.331055	51190.558594
564.101563	50783.746094
562.871094	51072.515625
561.641602	50432.789063
560.411133	50646.464844
559.179688	50706.039063
557.949219	50429.984375
556.717773	50604.054688
555.486328	50468.230469
554.254883	50212.101563
553.023438	50178.976563
551.791016	49779.011719
550.558594	49722.312500
549.326172	50406.941406
548.093750	49944.074219
546.860352	49536.562500
545.627930	50272.066406
544.393555	49742.496094
543.160156	49892.671875
541.926758	49944.324219
540.692383	49417.078125
539.458008	49827.078125
538.223633	50063.718750
536.988281	50030.671875
535.752930	49552.984375
534.517578	49919.363281
533.282227	49736.882813
532.046875	49639.023438
530.810547	49647.363281
529.574219	50272.902344
528.337891	50059.039063
527.101563	49802.027344
525.864258	50226.792969
524.626953	50134.832031
523.389648	50048.789063
522.152344	50288.707031
520.914063	50027.953125
519.675781	49728.042969
518.437500	50052.257813
517.199219	50070.281250
515.959961	50221.687500
514.721680	49961.179688
513.482422	50220.386719
512.242188	50226.593750
511.002930	50391.566406
509.762695	50019.511719
508.522461	50029.667969
507.282227	50239.628906
506.041016	50279.113281
504.800781	50306.828125
503.559570	50219.019531
502.318359	50023.578125
501.076172	50239.203125
499.833984	49922.511719
498.592773	50034.382813
497.349609	49839.113281
496.107422	50293.187500
494.864258	50092.074219
493.622070	50450.136719
492.377930	50178.703125
491.134766	51025.148438
489.891602	50386.386719
488.647461	50539.003906
487.403320	50175.953125
486.158203	50266.062500
484.914063	50449.843750
483.668945	50233.406250
482.423828	50036.562500
481.178711	50507.105469
479.932617	50796.039063
478.686523	50413.898438
477.440430	50529.175781
476.194336	50568.367188
474.948242	50701.113281
473.701172	51032.601563
472.454102	51328.890625
471.207031	51175.011719
469.958984	51426.355469
468.711914	51549.062500
467.463867	51517.894531
466.215820	51878.042969
464.966797	51550.964844
463.718750	51656.031250
462.469727	51741.597656
461.220703	52716.140625
459.970703	52229.652344
458.721680	52861.484375
457.471680	53248.101563
456.221680	53096.125000
454.970703	53167.703125
453.720703	53653.136719
452.469727	53273.859375
451.218750	54186.402344
449.966797	54438.320313
448.715820	54876.531250
447.463867	54848.671875
446.211914	56453.121094
444.959961	56954.734375
443.707031	57101.101563
442.454102	57208.617188
441.201172	57075.601563
439.948242	56616.867188
438.695313	56297.890625
437.441406	55025.371094
436.187500	54823.089844
434.933594	53590.082031
433.678711	53341.648438
432.424805	52932.550781
431.169922	52091.761719
429.914063	52186.445313
428.659180	52288.828125
427.403320	52162.796875
426.147461	51446.625000
424.891602	52013.402344
423.635742	51432.925781
422.378906	51496.667969
421.122070	51343.820313
419.865234	51241.292969
418.608398	51492.511719
417.350586	50848.898438
416.092773	51378.312500
414.834961	51484.472656
413.577148	51625.355469
412.318359	51240.949219
411.059570	50634.667969
409.800781	51125.000000
408.541992	51356.539063
407.282227	51487.652344
406.022461	51059.253906
404.762695	51165.296875
403.502930	51246.222656
402.242188	51356.039063
400.981445	51010.871094
