#Wave		#Intensity
2001.242188	31730.083984
2000.272461	32299.064453
1999.302734	32175.640625
1998.333008	31904.423828
1997.363281	32006.578125
1996.392578	31985.962891
1995.422852	32348.515625
1994.452148	32382.929688
1993.481445	32171.990234
1992.510742	32118.816406
1991.540039	32003.093750
1990.568359	32097.589844
1989.596680	32269.605469
1988.625977	32126.400391
1987.654297	32488.412109
1986.681641	32167.685547
1985.709961	32307.064453
1984.738281	32518.880859
1983.765625	32248.294922
1982.792969	32222.671875
1981.820313	32037.171875
1980.847656	32351.289063
1979.874023	32732.724609
1978.901367	32402.408203
1977.927734	32409.226563
1976.954102	32698.095703
1975.980469	32949.429688
1975.006836	32399.724609
1974.032227	32603.617188
1973.058594	32368.443359
1972.083984	32290.464844
1971.109375	32451.878906
1970.134766	32795.222656
1969.160156	32438.041016
1968.184570	32554.482422
1967.209961	32650.949219
1966.234375	32627.802734
1965.258789	32455.212891
1964.283203	32519.267578
1963.306641	32356.714844
1962.331055	32420.761719
1961.354492	32345.398438
1960.377930	32309.876953
1959.401367	32398.777344
1958.424805	32301.062500
1957.447266	32076.527344
1956.470703	32530.990234
1955.493164	32751.566406
1954.515625	32365.474609
1953.538086	32036.685547
1952.560547	32436.160156
1951.582031	32398.183594
1950.604492	32414.871094
1949.625977	32240.298828
1948.647461	31971.414063
1947.668945	32397.855469
1946.689453	32047.113281
1945.710938	32408.855469
1944.731445	32169.904297
1943.751953	32248.634766
1942.772461	31878.312500
1941.792969	32344.000000
1940.813477	32221.781250
1939.833008	32478.966797
1938.852539	32212.978516
1937.873047	32135.457031
1936.891602	32345.431641
1935.911133	32198.535156
1934.930664	32220.146484
1933.949219	32375.501953
1932.967773	32231.150391
1931.986328	32203.220703
1931.004883	32378.296875
1930.023438	31941.947266
1929.041016	32213.521484
1928.059570	32366.232422
1927.077148	32417.460938
1926.094727	32251.007813
1925.112305	32181.058594
1924.128906	32405.369141
1923.146484	32659.263672
1922.163086	32638.708984
1921.179688	32240.058594
1920.196289	32254.175781
1919.212891	32325.103516
1918.228516	32396.005859
1917.245117	32187.826172
1916.260742	32367.367188
1915.276367	32448.095703
1914.291992	31914.205078
1913.307617	31839.511719
1912.322266	32366.878906
1911.336914	32203.320313
1910.352539	32535.583984
1909.367188	32544.675781
1908.380859	31984.201172
1907.395508	32405.070313
1906.409180	32421.570313
1905.423828	32507.064453
1904.437500	32176.126953
1903.451172	32786.351563
1902.463867	32618.039063
1901.477539	32506.423828
1900.490234	32244.654297
1899.503906	32647.646484
1898.516602	32469.626953
1897.528320	32318.738281
1896.541016	32527.125000
1895.553711	32039.253906
1894.565430	31932.789063
1893.577148	32647.716797
1892.588867	32356.775391
1891.600586	32343.720703
1890.611328	32677.228516
1889.623047	32575.652344
1888.633789	32439.712891
1887.644531	32409.451172
1886.655273	32651.832031
1885.666016	32336.679688
1884.675781	32512.693359
1883.686523	32538.896484
1882.696289	32682.902344
1881.706055	32593.726563
1880.715820	32919.230469
1879.724609	32339.421875
1878.734375	32525.050781
1877.743164	32198.091797
1876.751953	32658.283203
1875.760742	32576.552734
1874.769531	32813.476563
1873.778320	32800.359375
1872.786133	32603.488281
1871.793945	32783.937500
1870.801758	32797.769531
1869.809570	32843.429688
1868.817383	32534.060547
1867.824219	32555.271484
1866.832031	32786.957031
1865.838867	32825.242188
1864.845703	32843.941406
1863.851563	32723.195313
1862.858398	32734.564453
1861.865234	33296.136719
1860.871094	32950.433594
1859.876953	32714.859375
1858.882813	33107.492188
1857.887695	32654.482422
1856.893555	32719.593750
1855.898438	32699.183594
1854.904297	32959.652344
1853.909180	32787.804688
1852.913086	32384.072266
1851.917969	33203.460938
1850.922852	33060.945313
1849.926758	33230.824219
1848.930664	32702.865234
1847.934570	33275.238281
1846.938477	32584.046875
1845.941406	33066.011719
1844.945313	33372.269531
1843.948242	33076.316406
1842.951172	33165.550781
1841.954102	33337.597656
1840.956055	33112.460938
1839.958984	33152.914063
1838.960938	33276.160156
1837.962891	33676.960938
1836.964844	33162.195313
1835.966797	33448.460938
1834.968750	33267.339844
1833.969727	33665.421875
1832.970703	33698.421875
1831.971680	33339.777344
1830.972656	33941.925781
1829.973633	33901.906250
1828.973633	33852.171875
1827.974609	33559.378906
1826.974609	33772.203125
1825.974609	34206.070313
1824.974609	33903.648438
1823.973633	33878.242188
1822.973633	34083.570313
1821.972656	34184.406250
1820.971680	34234.222656
1819.970703	34179.644531
1818.968750	34409.035156
1817.967773	34228.265625
1816.965820	34103.355469
1815.964844	33772.312500
1814.961914	34054.960938
1813.959961	33869.527344
1812.958008	33521.722656
1811.955078	33775.175781
1810.953125	33655.316406
1809.950195	34230.925781
1808.947266	33905.101563
1807.943359	33821.613281
1806.940430	33694.558594
1805.936523	33892.015625
1804.932617	34062.769531
1803.928711	34090.652344
1802.924805	34028.980469
1801.920898	33655.187500
1800.916016	34251.644531
1799.911133	33798.125000
1798.907227	33988.054688
1797.901367	34219.019531
1796.896484	34048.589844
1795.891602	33955.570313
1794.885742	34263.750000
1793.879883	34127.226563
1792.874023	33908.613281
1791.868164	34238.371094
1790.862305	34488.320313
1789.855469	34182.832031
1788.848633	34427.867188
1787.842773	34696.957031
1786.834961	34184.042969
1785.828125	34561.656250
1784.821289	34338.437500
1783.813477	34320.316406
1782.805664	34167.152344
1781.797852	34496.273438
1780.790039	34485.359375
1779.782227	34390.093750
1778.773438	34675.617188
1777.764648	34611.667969
1776.755859	34492.332031
1775.747070	34936.648438
1774.738281	34829.335938
1773.729492	34435.539063
1772.719727	34427.050781
1771.709961	34909.570313
1770.700195	34867.308594
1769.690430	34902.050781
1768.680664	34927.160156
1767.669922	35264.933594
1766.659180	34941.273438
1765.648438	34735.542969
1764.637695	34981.816406
1763.626953	34961.214844
1762.615234	35183.328125
1761.604492	35169.906250
1760.592773	35283.800781
1759.581055	35452.898438
1758.569336	35331.367188
1757.556641	35128.246094
1756.544922	35350.085938
1755.532227	35303.035156
1754.519531	35728.738281
1753.506836	35396.121094
1752.494141	36011.160156
1751.480469	35479.546875
1750.466797	35612.355469
1749.454102	35752.308594
1748.440430	36074.394531
1747.425781	36044.050781
1746.412109	36104.769531
1745.397461	36105.574219
1744.383789	36369.871094
1743.369141	36777.777344
1742.353516	36483.921875
1741.338867	36841.382813
1740.324219	36954.550781
1739.308594	37115.546875
1738.292969	37135.300781
1737.277344	37138.300781
1736.261719	37241.765625
1735.245117	37491.078125
1734.229492	37560.964844
1733.212891	37484.984375
1732.196289	37860.808594
1731.179688	38363.164063
1730.162109	38479.117188
1729.145508	38594.960938
1728.127930	38710.914063
1727.110352	38826.871094
1726.092773	38942.824219
1725.075195	39058.777344
1724.056641	39174.843750
1723.039063	39290.796875
1722.020508	39406.863281
1721.001953	39609.828125
1719.983398	39877.121094
1718.963867	40189.628906
1717.945313	40158.667969
1716.925781	40344.660156
1715.906250	40072.937500
1714.886719	40861.816406
1713.867188	40332.757813
1712.846680	40737.757813
1711.826172	40787.707031
1710.806641	40982.906250
1709.786133	40558.960938
1708.764648	40932.675781
1707.744141	40699.300781
1706.722656	40887.234375
1705.701172	41025.128906
1704.679688	40887.015625
1703.658203	41336.449219
1702.636719	41174.546875
1701.614258	40724.996094
1700.592773	41312.093750
1699.570313	41483.035156
1698.547852	40988.515625
1697.524414	41176.082031
1696.501953	41263.804688
1695.478516	41056.972656
1694.456055	41467.648438
1693.432617	41028.171875
1692.408203	41457.691406
1691.384766	41452.710938
1690.360352	41412.136719
1689.336914	41547.152344
1688.312500	41826.820313
1687.288086	41487.351563
1686.262695	41396.992188
1685.238281	41697.875000
1684.212891	41896.710938
1683.187500	42230.574219
1682.162109	42244.410156
1681.136719	41997.617188
1680.110352	42224.679688
1679.084961	42205.347656
1678.058594	42003.679688
1677.032227	42422.390625
1676.005859	42746.265625
1674.978516	42483.070313
1673.952148	42818.648438
1672.924805	42986.121094
1671.897461	42500.664063
1670.870117	42892.816406
1669.842773	42577.796875
1668.814453	43239.312500
1667.787109	43210.363281
1666.758789	42968.714844
1665.730469	43537.648438
1664.701172	43674.031250
1663.672852	43465.496094
1662.643555	43153.113281
1661.615234	43818.417969
1660.585938	43779.941406
1659.555664	43722.597656
1658.526367	43854.070313
1657.497070	43459.304688
1656.466797	43798.386719
1655.436523	44002.894531
1654.406250	43867.722656
1653.375977	44293.789063
1652.344727	43901.644531
1651.313477	44113.050781
1650.282227	44442.218750
1649.250977	44457.882813
1648.219727	44461.757813
1647.188477	44119.386719
1646.156250	44759.167969
1645.124023	44652.320313
1644.091797	44738.550781
1643.059570	44394.011719
1642.027344	45139.183594
1640.994141	44886.453125
1639.961914	45111.371094
1638.928711	44877.546875
1637.895508	45074.160156
1636.861328	45766.816406
1635.828125	45415.457031
1634.793945	45609.511719
1633.759766	46280.546875
1632.725586	46347.500000
1631.691406	46360.398438
1630.656250	47185.949219
1629.622070	47717.664063
1628.586914	47281.859375
1627.551758	47665.472656
1626.516602	48579.386719
1625.480469	48380.664063
1624.445313	49066.535156
1623.409180	49092.992188
1622.373047	49675.292969
1621.336914	50473.121094
1620.300781	51153.433594
1619.263672	51880.386719
1618.227539	52560.207031
1617.190430	52546.160156
1616.153320	54200.253906
1615.115234	54797.304688
1614.078125	55590.867188
1613.040039	56723.687500
1612.001953	57064.769531
1610.963867	56825.207031
1609.925781	57397.843750
1608.887695	57408.679688
1607.848633	56703.609375
1606.809570	56574.214844
1605.770508	55888.250000
1604.731445	55476.105469
1603.692383	54935.523438
1602.652344	54032.828125
1601.613281	53509.050781
1600.573242	53684.109375
1599.533203	53254.023438
1598.492188	53221.175781
1597.452148	52539.101563
1596.411133	52177.160156
1595.370117	52688.464844
1594.329102	52286.941406
1593.288086	52457.316406
1592.247070	51708.308594
1591.205078	52310.308594
1590.163086	51694.542969
1589.121094	50901.753906
1588.079102	50971.957031
1587.036133	50911.582031
1585.994141	50459.648438
1584.951172	50494.929688
1583.908203	50471.945313
1582.865234	50649.308594
1581.822266	50223.359375
1580.778320	50233.031250
1579.734375	50675.761719
1578.691406	50932.105469
1577.646484	51053.359375
1576.602539	50974.437500
1575.558594	51044.449219
1574.513672	52000.730469
1573.468750	51968.195313
1572.423828	52354.242188
1571.378906	52551.824219
1570.333008	52851.617188
1569.288086	52798.023438
1568.242188	52344.765625
1567.196289	52646.750000
1566.150391	52265.683594
1565.103516	51940.496094
1564.057617	51873.171875
1563.010742	51250.988281
1561.963867	51169.878906
1560.916992	50856.710938
1559.869141	50395.148438
1558.822266	50604.230469
1557.774414	50224.058594
1556.726563	50068.980469
1555.678711	49322.667969
1554.630859	49979.226563
1553.582031	49330.546875
1552.534180	49085.347656
1551.485352	48907.429688
1550.436523	48831.507813
1549.386719	48394.273438
1548.337891	48230.460938
1547.288086	47786.539063
1546.238281	48377.597656
1545.188477	48086.566406
1544.138672	47726.210938
1543.088867	47678.347656
1542.038086	47704.527344
1540.987305	47552.597656
1539.936523	47412.281250
1538.885742	47133.285156
1537.834961	46988.468750
1536.783203	46882.992188
1535.731445	46962.425781
1534.679688	46727.601563
1533.627930	46467.445313
1532.576172	46514.570313
1531.523438	45972.812500
1530.471680	46082.343750
1529.418945	45492.375000
1528.366211	45731.199219
1527.312500	46004.546875
1526.259766	45726.375000
1525.206055	45623.617188
1524.152344	45361.757813
1523.098633	45667.253906
1522.044922	45506.914063
1520.990234	45524.128906
1519.936523	45043.515625
1518.881836	45238.238281
1517.827148	44942.156250
1516.772461	45164.460938
1515.716797	45008.980469
1514.662109	45291.062500
1513.606445	44962.941406
1512.550781	44977.914063
1511.495117	45096.441406
1510.438477	45076.863281
1509.382813	45278.148438
1508.326172	45350.546875
1507.269531	45487.316406
1506.212891	45656.222656
1505.155273	45523.902344
1504.098633	45681.246094
1503.041016	45312.257813
1501.983398	45359.289063
1500.925781	45626.843750
1499.867188	46071.160156
1498.809570	45966.453125
1497.750977	46031.695313
1496.692383	46103.796875
1495.633789	45753.542969
1494.575195	45747.640625
1493.515625	45663.730469
1492.457031	45084.335938
1491.397461	45149.652344
1490.337891	45208.066406
1489.277344	45197.671875
1488.217773	45157.476563
1487.157227	44878.933594
1486.096680	44641.734375
1485.036133	44775.781250
1483.975586	44957.886719
1482.915039	44626.890625
1481.853516	44394.480469
1480.791992	45000.105469
1479.730469	44433.500000
1478.668945	44684.156250
1477.606445	44564.015625
1476.544922	44761.933594
1475.482422	44815.667969
1474.419922	44144.386719
1473.357422	44417.726563
1472.293945	44101.117188
1471.231445	44004.062500
1470.167969	43929.890625
1469.104492	44347.019531
1468.041016	43886.714844
1466.976563	43997.617188
1465.913086	43992.007813
1464.848633	44182.765625
1463.784180	44199.949219
1462.719727	44114.410156
1461.655273	44391.757813
1460.589844	44669.003906
1459.524414	44389.511719
1458.458984	44511.554688
1457.393555	44213.945313
1456.328125	44358.773438
1455.261719	44446.554688
1454.196289	44012.355469
1453.129883	44177.644531
1452.063477	44684.640625
1450.996094	44298.460938
1449.929688	44666.312500
1448.862305	44259.781250
1447.794922	44809.648438
1446.727539	44721.925781
1445.660156	44977.906250
1444.591797	45129.117188
1443.524414	45414.507813
1442.456055	45708.890625
1441.387695	45987.246094
1440.318359	45774.328125
1439.250000	46159.425781
1438.180664	46478.460938
1437.111328	46488.289063
1436.041992	46454.941406
1434.972656	46514.750000
1433.903320	46728.996094
1432.833008	47065.800781
1431.762695	47068.691406
1430.692383	47039.800781
1429.622070	47319.613281
1428.550781	47240.753906
1427.480469	47511.351563
1426.409180	48122.144531
1425.337891	48544.457031
1424.266602	48329.355469
1423.194336	48771.878906
1422.122070	48672.425781
1421.050781	49110.191406
1419.978516	48750.101563
1418.905273	48768.519531
1417.833008	49351.007813
1416.759766	49267.386719
1415.687500	49136.238281
1414.614258	48873.816406
1413.540039	48790.320313
1412.466797	48652.531250
1411.392578	48080.308594
1410.319336	48067.132813
1409.245117	48210.042969
1408.169922	48040.785156
1407.095703	48129.375000
1406.020508	48043.839844
1404.946289	47969.640625
1403.871094	48510.203125
1402.794922	48546.664063
1401.719727	48354.921875
1400.643555	48680.527344
1399.568359	48177.164063
1398.492188	48581.710938
1397.415039	48259.152344
1396.338867	48893.769531
1395.261719	48749.554688
1394.185547	48975.441406
1393.108398	49059.117188
1392.031250	49377.343750
1390.953125	49451.890625
1389.875977	50272.746094
1388.797852	49799.285156
1387.719727	50304.218750
1386.641602	49925.570313
1385.562500	49934.601563
1384.484375	49463.789063
1383.405273	49351.265625
1382.326172	49461.726563
1381.247070	48921.449219
1380.166992	49180.515625
1379.087891	49185.156250
1378.007813	48924.253906
1376.927734	48564.449219
1375.847656	48760.398438
1374.767578	48715.621094
1373.686523	48326.808594
1372.605469	48232.660156
1371.524414	48129.550781
1370.443359	48320.898438
1369.362305	48258.253906
1368.280273	48626.992188
1367.199219	47969.050781
1366.117188	48723.992188
1365.034180	48373.894531
1363.952148	48935.414063
1362.870117	49016.371094
1361.787109	49519.214844
1360.704102	49898.464844
1359.621094	50490.703125
1358.537109	49974.667969
1357.454102	49539.550781
1356.370117	49979.054688
1355.286133	49961.066406
1354.202148	49483.597656
1353.118164	48878.558594
1352.033203	48721.855469
1350.948242	48343.429688
1349.863281	48095.042969
1348.778320	48426.750000
1347.693359	48113.503906
1346.607422	47603.375000
1345.521484	48058.082031
1344.435547	47807.726563
1343.349609	47597.730469
1342.263672	47316.222656
1341.176758	47383.722656
1340.090820	47126.949219
1339.003906	47116.203125
1337.916016	47331.226563
1336.829102	47311.503906
1335.741211	47405.746094
1334.654297	47790.386719
1333.566406	47368.511719
1332.478516	47607.855469
1331.389648	47576.921875
1330.301758	47266.933594
1329.212891	47419.105469
1328.124023	47566.753906
1327.035156	48267.714844
1325.945313	47993.511719
1324.856445	48176.660156
1323.766602	48854.824219
1322.676758	48703.292969
1321.586914	49829.199219
1320.496094	50078.738281
1319.406250	50736.003906
1318.315430	51479.921875
1317.224609	52067.632813
1316.133789	52911.265625
1315.041992	53914.925781
1313.951172	54214.656250
1312.859375	54369.578125
1311.767578	54270.718750
1310.675781	54543.507813
1309.583008	53692.644531
1308.491211	53271.406250
1307.398438	52478.898438
1306.305664	51862.343750
1305.212891	51457.222656
1304.119141	51076.695313
1303.026367	50849.652344
1301.932617	50742.679688
1300.838867	51128.949219
1299.744141	50961.984375
1298.650391	50497.488281
1297.555664	51487.546875
1296.461914	52157.554688
1295.366211	52161.433594
1294.271484	52369.472656
1293.176758	52761.601563
1292.081055	52374.914063
1290.985352	52141.410156
1289.889648	52167.449219
1288.793945	51486.183594
1287.697266	51627.601563
1286.601563	51647.066406
1285.504883	51292.011719
1284.408203	50675.640625
1283.311523	51018.679688
1282.213867	50599.695313
1281.116211	50628.175781
1280.018555	50171.769531
1278.920898	50809.054688
1277.823242	49812.757813
1276.725586	50084.757813
1275.626953	49894.261719
1274.528320	49717.105469
1273.429688	49000.382813
1272.330078	48885.363281
1271.231445	48051.871094
1270.131836	48317.250000
1269.032227	47797.980469
1267.932617	48063.304688
1266.833008	47170.910156
1265.732422	47213.160156
1264.632813	47489.480469
1263.532227	46493.894531
1262.430664	46834.261719
1261.330078	46371.085938
1260.228516	46627.492188
1259.127930	46254.980469
1258.026367	46478.218750
1256.924805	46436.703125
1255.822266	45660.871094
1254.720703	45621.718750
1253.618164	46014.640625
1252.515625	45849.808594
1251.413086	45325.847656
1250.309570	45388.125000
1249.207031	45536.285156
1248.103516	45470.761719
1247.000000	45381.035156
1245.895508	45330.964844
1244.791992	45688.136719
1243.687500	45024.003906
1242.583008	45286.480469
1241.478516	45348.660156
1240.374023	45091.871094
1239.269531	45349.789063
1238.164063	45123.871094
1237.058594	45471.820313
1235.953125	45221.781250
1234.847656	45017.980469
1233.741211	45407.500000
1232.635742	45682.640625
1231.529297	45338.292969
1230.422852	45332.250000
1229.315430	45078.109375
1228.208984	45175.289063
1227.101563	45500.691406
1225.994141	45646.035156
1224.886719	45176.996094
1223.779297	45296.015625
1222.670898	45607.996094
1221.562500	45123.863281
1220.454102	45188.015625
1219.345703	44859.765625
1218.237305	45097.074219
1217.127930	44953.019531
1216.018555	44629.367188
1214.909180	44465.734375
1213.799805	44536.492188
1212.690430	44072.949219
1211.580078	44432.726563
1210.469727	44742.027344
1209.359375	45204.406250
1208.249023	45196.183594
1207.138672	45203.277344
1206.027344	45512.207031
1204.916016	45412.082031
1203.804688	45091.160156
1202.693359	44752.863281
1201.581055	44753.460938
1200.469727	45121.183594
1199.357422	45019.023438
1198.245117	45224.910156
1197.131836	45369.566406
1196.019531	45094.902344
1194.906250	45176.210938
1193.792969	45327.335938
1192.679688	44965.527344
1191.566406	45022.804688
1190.452148	45204.414063
1189.337891	45283.437500
1188.223633	44455.179688
1187.109375	44878.820313
1185.995117	44613.398438
1184.879883	44705.542969
1183.764648	44377.042969
1182.649414	44610.820313
1181.534180	44559.125000
1180.418945	44452.996094
1179.302734	44449.253906
1178.186523	44460.753906
1177.070313	44256.730469
1175.954102	44470.675781
1174.837891	43898.957031
1173.720703	44008.449219
1172.603516	43489.226563
1171.486328	43407.355469
1170.369141	43786.511719
1169.250977	43680.695313
1168.132813	43783.597656
1167.015625	43586.535156
1165.896484	43400.410156
1164.778320	43631.480469
1163.660156	43432.375000
1162.541016	43381.023438
1161.421875	43629.335938
1160.302734	43606.183594
1159.182617	42812.484375
1158.063477	43143.226563
1156.943359	42840.265625
1155.823242	42611.175781
1154.703125	42898.386719
1153.582031	42456.843750
1152.461914	42288.652344
1151.340820	42205.066406
1150.219727	42262.390625
1149.097656	42579.730469
1147.976563	42374.800781
1146.854492	42260.925781
1145.732422	42526.109375
1144.610352	42540.003906
1143.488281	42543.066406
1142.365234	42676.003906
1141.243164	42791.578125
1140.120117	42885.468750
1138.996094	42951.199219
1137.873047	42871.976563
1136.750000	42652.207031
1135.625977	43087.687500
1134.501953	42986.859375
1133.377930	43039.535156
1132.252930	42850.144531
1131.127930	42572.230469
1130.003906	42545.015625
1128.878906	42183.019531
1127.752930	42447.414063
1126.627930	42074.769531
1125.501953	42134.003906
1124.375977	42121.992188
1123.250000	41967.558594
1122.124023	41608.210938
1120.997070	41865.937500
1119.871094	41774.175781
1118.744141	41518.562500
1117.617188	41629.550781
1116.489258	41128.320313
1115.362305	40661.750000
1114.234375	41199.476563
1113.106445	41271.660156
1111.978516	40635.148438
1110.849609	41284.570313
1109.721680	40753.792969
1108.592773	41133.847656
1107.463867	40973.507813
1106.333984	40694.859375
1105.205078	40827.273438
1104.075195	40972.546875
1102.945313	40887.625000
1101.815430	40914.554688
1100.685547	40930.722656
1099.554688	40723.316406
1098.424805	40799.687500
1097.293945	40708.417969
1096.162109	41094.144531
1095.031250	40429.308594
1093.899414	40739.773438
1092.768555	40639.984375
1091.636719	40525.203125
1090.503906	40695.945313
1089.372070	40254.980469
1088.239258	40299.109375
1087.106445	40341.078125
1085.973633	39949.746094
1084.840820	40390.648438
1083.708008	40503.328125
1082.574219	40185.066406
1081.440430	40520.648438
1080.306641	40530.375000
1079.171875	40945.042969
1078.038086	40374.148438
1076.903320	40570.226563
1075.768555	40517.828125
1074.633789	40692.394531
1073.498047	41132.332031
1072.363281	40501.988281
1071.227539	41008.132813
1070.091797	41103.316406
1068.956055	41091.507813
1067.819336	40677.628906
1066.682617	40875.453125
1065.546875	40810.238281
1064.409180	40847.648438
1063.272461	40983.347656
1062.135742	40777.121094
1060.998047	40739.742188
1059.860352	41050.527344
1058.722656	41079.308594
1057.583984	41099.535156
1056.446289	40946.835938
1055.307617	40990.554688
1054.168945	40712.023438
1053.029297	40664.019531
1051.890625	40541.371094
1050.750977	40595.789063
1049.611328	40991.371094
1048.471680	41017.964844
1047.332031	41330.187500
1046.191406	41015.707031
1045.051758	41104.070313
1043.911133	41324.488281
1042.769531	41368.031250
1041.628906	40996.265625
1040.487305	41463.574219
1039.346680	41194.113281
1038.205078	40814.066406
1037.062500	41006.617188
1035.920898	41024.625000
1034.778320	41012.839844
1033.635742	40845.792969
1032.493164	40717.082031
1031.350586	41404.863281
1030.207031	40859.441406
1029.063477	41181.375000
1027.919922	40912.441406
1026.776367	41136.507813
1025.632813	41160.105469
1024.488281	41183.722656
1023.343750	41207.339844
1022.199219	41230.957031
1021.054688	41254.574219
1019.910156	41278.187500
1018.764648	41301.828125
1017.619141	41325.464844
1016.473633	41349.101563
1015.327148	41372.757813
1014.181641	41568.707031
1013.035156	41336.359375
1011.888672	41167.679688
1010.742188	41484.339844
1009.594727	41489.429688
1008.448242	41469.093750
1007.300781	41702.921875
1006.153320	42025.601563
1005.005859	42314.281250
1003.857422	42454.679688
1002.708984	42705.078125
1001.560547	43602.886719
1000.412109	43146.355469
999.263672	44337.769531
998.114258	44429.011719
996.965820	44742.242188
995.816406	44801.664063
994.666016	44404.503906
993.516602	44354.070313
992.366211	44396.621094
991.215820	44289.167969
990.065430	43943.078125
988.915039	43795.617188
987.763672	43339.949219
986.613281	43505.074219
985.461914	43630.039063
984.309570	43467.964844
983.158203	43677.273438
982.005859	43215.710938
980.854492	43260.484375
979.701172	43041.656250
978.548828	43031.625000
977.396484	42718.062500
976.243164	43051.609375
975.089844	42839.292969
973.936523	42913.570313
972.783203	42530.742188
971.628906	42710.339844
970.474609	42447.703125
969.320313	42193.582031
968.166016	42175.289063
967.010742	42222.234375
965.856445	42199.726563
964.701172	41973.179688
963.545898	42268.308594
962.390625	42214.261719
961.234375	41968.906250
960.078125	42520.320313
958.921875	42501.976563
957.765625	42527.765625
956.609375	42559.843750
955.452148	42465.878906
954.294922	42754.167969
953.137695	42044.980469
951.980469	42333.234375
950.822266	42134.425781
949.665039	42065.800781
948.506836	41858.718750
947.347656	42213.917969
946.189453	41992.199219
945.030273	42108.179688
943.872070	41993.484375
942.712891	41570.683594
941.552734	41653.140625
940.393555	41750.230469
939.233398	41876.613281
938.073242	41736.921875
936.913086	42001.484375
935.752930	41497.476563
934.591797	42057.167969
933.430664	41614.031250
932.269531	42169.308594
931.108398	41627.968750
929.947266	42120.273438
928.785156	41987.003906
927.623047	41818.230469
926.460938	42222.406250
925.298828	41894.773438
924.135742	41832.695313
922.972656	42163.500000
921.810547	42084.679688
920.646484	42413.226563
919.483398	42148.503906
918.319336	42134.457031
917.155273	42231.062500
915.991211	42406.953125
914.827148	42403.292969
913.662109	42460.148438
912.498047	43053.132813
911.333008	42527.894531
910.167969	43343.785156
909.001953	42995.914063
907.836914	42475.140625
906.670898	42700.734375
905.504883	42913.734375
904.337891	43312.089844
903.171875	42852.046875
902.004883	43023.242188
900.837891	42625.890625
899.670898	42178.714844
898.503906	42664.253906
897.335938	42614.742188
896.167969	42787.894531
895.000000	42546.976563
893.832031	42611.910156
892.663086	42312.878906
891.495117	42300.894531
890.326172	42496.804688
889.156250	42445.296875
887.987305	42678.507813
886.817383	42708.011719
885.648438	42324.109375
884.478516	42509.441406
883.307617	42831.753906
882.137695	43018.992188
880.966797	42790.996094
879.795898	42920.054688
878.625000	43111.320313
877.454102	42852.304688
876.282227	43107.808594
875.110352	43466.910156
873.938477	43572.910156
872.766602	43096.316406
871.593750	43030.300781
870.421875	43233.714844
869.249023	43573.804688
868.076172	43615.457031
866.902344	43282.199219
865.729492	43574.453125
864.555664	43992.898438
863.381836	43957.839844
862.207031	44169.082031
861.033203	44707.199219
859.858398	44785.812500
858.683594	44804.406250
857.508789	44945.011719
856.333984	44215.035156
855.158203	44734.023438
853.982422	44144.910156
852.806641	44002.398438
851.630859	43680.175781
850.454102	43709.269531
849.278320	43618.546875
848.101563	44073.042969
846.924805	43684.968750
845.747070	44120.699219
844.570313	43761.652344
843.392578	44438.636719
842.214844	44267.406250
841.036133	44391.218750
839.858398	44935.710938
838.679688	44853.144531
837.500977	45502.492188
836.322266	45279.683594
835.143555	45586.597656
833.963867	45335.003906
832.784180	45361.617188
831.604492	44978.332031
830.424805	44817.593750
829.244141	44541.613281
828.063477	44063.992188
826.882813	44290.449219
825.702148	44035.292969
824.521484	43767.882813
823.339844	43414.175781
822.158203	43912.058594
820.976563	43317.867188
819.794922	43244.035156
818.612305	43519.671875
817.430664	43378.007813
816.248047	43166.531250
815.064453	43035.253906
813.881836	43571.574219
812.698242	43239.011719
811.514648	43387.027344
810.331055	43567.832031
809.147461	43479.695313
807.962891	42958.593750
806.778320	43564.078125
805.593750	43742.656250
804.409180	43541.738281
803.224609	43336.796875
802.039063	43632.171875
800.853516	43355.539063
799.667969	43023.671875
798.482422	42933.714844
797.295898	42858.132813
796.109375	42221.339844
794.922852	42244.210938
793.736328	42518.917969
792.548828	41960.332031
791.362305	42224.753906
790.174805	42020.449219
788.986328	42137.441406
787.798828	42064.148438
786.610352	41684.089844
785.421875	41917.632813
784.233398	41707.433594
783.044922	41611.781250
781.856445	41522.292969
780.666992	41716.859375
779.477539	41159.542969
778.288086	41268.312500
777.097656	41350.492188
775.907227	41438.765625
774.717773	41555.582031
773.526367	41490.699219
772.335938	41197.285156
771.144531	41373.242188
769.954102	41334.945313
768.762695	41467.980469
767.570313	41099.328125
766.378906	41158.957031
765.186523	41536.554688
763.994141	41755.042969
762.801758	41785.984375
761.609375	41635.593750
760.416016	42283.718750
759.222656	42231.042969
758.029297	42210.960938
756.835938	42174.597656
755.641602	42362.136719
754.447266	42342.039063
753.252930	42018.785156
752.058594	41939.761719
750.864258	42399.734375
749.668945	41946.503906
748.473633	42141.996094
747.278320	41660.519531
746.083008	41740.148438
744.886719	41626.707031
743.690430	41243.105469
742.494141	40628.089844
741.297852	41012.464844
740.100586	40665.738281
738.904297	40999.207031
737.707031	40918.496094
736.509766	40523.269531
735.311523	40958.019531
734.113281	40595.386719
732.916016	40334.292969
731.716797	40720.164063
730.518555	40736.898438
729.320313	40437.406250
728.121094	40413.652344
726.921875	39972.488281
725.721680	40027.835938
724.522461	40243.175781
723.322266	40106.058594
722.122070	40527.824219
720.921875	40224.703125
719.721680	39941.929688
718.520508	40401.937500
717.319336	40254.789063
716.118164	40312.007813
714.916992	40474.375000
713.714844	40309.093750
712.513672	40627.070313
711.311523	40542.675781
710.108398	40692.742188
708.906250	40598.257813
707.703125	41136.140625
706.500000	40829.519531
705.296875	41248.007813
704.093750	41181.750000
702.889648	41577.804688
701.685547	41232.972656
700.481445	41275.718750
699.277344	41433.453125
698.072266	41411.589844
696.868164	41591.421875
695.663086	41795.378906
694.457031	42013.371094
693.251953	42243.375000
692.045898	42046.039063
690.839844	42640.656250
689.633789	42441.300781
688.427734	43096.042969
687.220703	43192.707031
686.013672	42586.632813
684.806641	43075.902344
683.599609	42773.996094
682.391602	42496.343750
681.184570	42413.957031
679.976563	42426.140625
678.767578	42939.109375
677.559570	42430.382813
676.350586	42450.593750
675.141602	42965.269531
673.932617	42985.371094
672.723633	42521.210938
671.513672	42549.417969
670.303711	42563.550781
669.093750	42284.484375
667.883789	42057.718750
666.672852	41808.957031
665.462891	41492.042969
664.251953	41594.644531
663.040039	41241.773438
661.829102	41183.906250
660.617188	41124.050781
659.405273	41312.863281
658.193359	40831.992188
656.981445	41108.976563
655.768555	41005.085938
654.555664	41289.945313
653.342773	41005.757813
652.129883	41032.125000
650.916016	41699.304688
649.702148	41465.246094
648.488281	41749.746094
647.274414	41751.929688
646.059570	42046.269531
644.845703	42832.664063
643.630859	42914.652344
642.416016	42942.613281
641.200195	42702.617188
639.984375	43094.449219
638.769531	42640.640625
637.552734	42766.542969
636.336914	42189.078125
635.120117	42406.910156
633.904297	41767.808594
632.687500	41608.210938
631.469727	41494.593750
630.252930	41261.246094
629.035156	41067.898438
627.817383	40880.605469
626.599609	41136.289063
625.380859	41028.839844
624.163086	40907.468750
622.944336	40849.949219
621.724609	41005.757813
620.505859	41131.609375
619.286133	40956.496094
618.066406	41016.554688
616.846680	40795.707031
615.626953	40851.789063
614.406250	41057.195313
613.186523	41117.183594
611.965820	40836.753906
610.744141	40663.902344
609.523438	41086.074219
608.301758	41056.480469
607.080078	40680.792969
605.858398	40955.550781
604.635742	40854.410156
603.414063	41073.367188
602.191406	40974.226563
600.968750	40994.351563
599.745117	41215.140625
598.522461	40770.378906
597.298828	41007.011719
596.075195	40995.335938
594.850586	41017.417969
593.626953	40975.964844
592.402344	41206.421875
591.177734	41276.066406
589.953125	41210.777344
588.727539	41367.664063
587.501953	41502.675781
586.276367	41294.617188
585.050781	41570.335938
583.825195	41859.824219
582.598633	42071.914063
581.372070	41764.835938
580.145508	42238.339844
578.917969	42420.527344
577.691406	42709.574219
576.463867	42364.984375
575.236328	42446.089844
574.007813	42546.953125
572.780273	42550.824219
571.551758	42596.234375
570.323242	42890.843750
569.094727	42685.019531
567.865234	42457.527344
566.635742	42603.730469
565.406250	42127.304688
564.176758	41994.886719
562.947266	41765.710938
561.716797	41676.863281
560.486328	41670.996094
559.255859	41372.894531
558.024414	41461.843750
556.793945	40948.742188
555.562500	41258.757813
554.331055	41379.242188
553.098633	41083.437500
551.867188	40957.363281
550.634766	40898.378906
549.402344	40876.878906
548.168945	41066.300781
546.936523	40950.171875
545.703125	40926.695313
544.469727	40818.511719
543.236328	40810.824219
542.001953	41139.898438
540.767578	40633.992188
539.533203	40445.226563
538.298828	40766.304688
537.064453	40642.519531
535.829102	40870.960938
534.593750	41073.742188
533.358398	41233.175781
532.122070	41046.464844
530.886719	41355.257813
529.650391	40732.210938
528.414063	41392.730469
527.176758	41469.417969
525.940430	41459.636719
524.703125	41597.167969
523.465820	41495.062500
522.227539	41290.894531
520.990234	41351.816406
519.751953	41506.917969
518.513672	41296.972656
517.275391	41371.585938
516.036133	41485.398438
514.796875	41314.792969
513.557617	41277.585938
512.318359	41691.300781
511.079102	41646.191406
509.838867	41362.011719
508.598633	41258.199219
507.358398	41150.503906
506.117188	41326.847656
504.876953	41563.828125
503.635742	41381.734375
502.394531	41442.433594
501.152344	41350.453125
499.911133	41446.355469
498.668945	41514.832031
497.425781	41368.117188
496.183594	41368.125000
494.941406	41594.949219
493.698242	41246.937500
492.455078	41647.652344
491.210938	41270.445313
489.967773	41829.253906
488.723633	41672.890625
487.479492	41541.976563
486.235352	41565.371094
484.990234	41569.230469
483.745117	41717.535156
482.500000	42103.875000
481.254883	42072.503906
480.008789	42136.734375
478.763672	42087.812500
477.517578	42072.054688
476.271484	42430.656250
475.024414	42451.878906
473.777344	42247.000000
472.530273	42188.347656
471.283203	42571.976563
470.036133	43039.218750
468.788086	42308.542969
467.540039	42438.789063
466.291992	42500.847656
465.043945	42426.632813
463.794922	42449.746094
462.545898	42523.433594
461.296875	43052.304688
460.047852	42857.441406
458.797852	43001.011719
457.547852	43451.714844
456.297852	43186.902344
455.047852	42801.691406
453.796875	43533.925781
452.545898	43601.453125
451.294922	43653.414063
450.043945	43606.312500
448.792969	43766.984375
447.541016	43968.355469
446.289063	44491.847656
445.036133	44570.746094
443.784180	44767.968750
442.531250	44687.718750
441.278320	44427.125000
440.025391	44422.589844
438.771484	43906.230469
437.518555	43808.750000
436.264648	43395.414063
435.010742	43255.437500
433.755859	42832.667969
432.500977	43227.425781
431.246094	42653.773438
429.991211	42860.601563
428.736328	42695.683594
427.480469	42269.539063
426.224609	42249.917969
424.968750	42607.566406
423.712891	42630.441406
422.456055	42355.472656
421.199219	42386.117188
419.942383	42020.433594
418.685547	42140.035156
417.427734	42358.148438
416.169922	42172.359375
414.912109	42479.238281
413.654297	42648.871094
412.395508	42283.542969
411.136719	42372.054688
409.877930	42099.570313
408.619141	42091.582031
407.359375	42400.042969
406.099609	42500.035156
404.839844	41921.039063
403.580078	42514.765625
402.319336	42252.187500
401.059570	41943.445313
